Hop 1: [102-0] 102 (0 0 1 1 0 6) -> 64 (0 0 1 0 0 0)
Hop 1: [40-0] 40 (0 0 0 1 0 8) -> 0 (0 0 0 0 0 0)
Hop 1: [351-0] 351 (1 0 1 0 1 15) -> 272 (1 0 0 0 1 0)
Hop 2: [102-0] 64 (0 0 1 0 0 0) -> 0 (0 0 0 0 0 0)
Hop 1: [398-0] 398 (1 1 0 0 0 14) -> 256 (1 0 0 0 0 0)
Hop 1: [152-0] 152 (0 1 0 0 1 8) -> 16 (0 0 0 0 1 0)
Hop 1: [180-0] 180 (0 1 0 1 1 4) -> 144 (0 1 0 0 1 0)
Hop 1: [298-0] 298 (1 0 0 1 0 10) -> 256 (1 0 0 0 0 0)
Hop 2: [351-0] 272 (1 0 0 0 1 0) -> 16 (0 0 0 0 1 0)
Hop 1: [407-0] 407 (1 1 0 0 1 7) -> 272 (1 0 0 0 1 0)
Hop 1: [143-0] 143 (0 1 0 0 0 15) -> 0 (0 0 0 0 0 0)
Hop 2: [398-0] 256 (1 0 0 0 0 0) -> 0 (0 0 0 0 0 0)
Hop 2: [298-0] 256 (1 0 0 0 0 0) -> 0 (0 0 0 0 0 0)
Hop 3: [351-0] 16 (0 0 0 0 1 0) -> 0 (0 0 0 0 0 0)
Hop 1: [426-0] 426 (1 1 0 1 0 10) -> 384 (1 1 0 0 0 0)
Hop 1: [17-0] 17 (0 0 0 0 1 1) -> 0 (0 0 0 0 0 0)
Hop 2: [407-0] 272 (1 0 0 0 1 0) -> 16 (0 0 0 0 1 0)
Hop 2: [180-0] 144 (0 1 0 0 1 0) -> 16 (0 0 0 0 1 0)
Hop 2: [152-0] 16 (0 0 0 0 1 0) -> 0 (0 0 0 0 0 0)
Hop 1: [67-0] 67 (0 0 1 0 0 3) -> 0 (0 0 0 0 0 0)
Hop 1: [331-0] 331 (1 0 1 0 0 11) -> 256 (1 0 0 0 0 0)
Hop 1: [377-0] 377 (1 0 1 1 1 9) -> 336 (1 0 1 0 1 0)
Hop 1: [61-0] 61 (0 0 0 1 1 13) -> 16 (0 0 0 0 1 0)
Hop 1: [342-0] 342 (1 0 1 0 1 6) -> 272 (1 0 0 0 1 0)
Hop 1: [430-0] 430 (1 1 0 1 0 14) -> 384 (1 1 0 0 0 0)
Hop 1: [306-0] 306 (1 0 0 1 1 2) -> 272 (1 0 0 0 1 0)
Hop 1: [116-0] 116 (0 0 1 1 1 4) -> 80 (0 0 1 0 1 0)
Hop 1: [84-0] 84 (0 0 1 0 1 4) -> 16 (0 0 0 0 1 0)
Hop 1: [502-0] 502 (1 1 1 1 1 6) -> 464 (1 1 1 0 1 0)
Hop 2: [426-0] 384 (1 1 0 0 0 0) -> 256 (1 0 0 0 0 0)
Hop 1: [109-0] 109 (0 0 1 1 0 13) -> 64 (0 0 1 0 0 0)
Hop 1: [482-0] 482 (1 1 1 1 0 2) -> 448 (1 1 1 0 0 0)
Hop 2: [377-0] 336 (1 0 1 0 1 0) -> 272 (1 0 0 0 1 0)
Hop 1: [316-0] 316 (1 0 0 1 1 12) -> 272 (1 0 0 0 1 0)
Hop 1: [215-0] 215 (0 1 1 0 1 7) -> 144 (0 1 0 0 1 0)
Hop 1: [258-0] 258 (1 0 0 0 0 2) -> 0 (0 0 0 0 0 0)
Hop 1: [325-0] 325 (1 0 1 0 0 5) -> 256 (1 0 0 0 0 0)
Hop 1: [148-0] 148 (0 1 0 0 1 4) -> 16 (0 0 0 0 1 0)
Hop 1: [77-0] 77 (0 0 1 0 0 13) -> 0 (0 0 0 0 0 0)
Hop 2: [116-0] 80 (0 0 1 0 1 0) -> 16 (0 0 0 0 1 0)
Hop 2: [84-0] 16 (0 0 0 0 1 0) -> 0 (0 0 0 0 0 0)
Hop 1: [226-0] 226 (0 1 1 1 0 2) -> 192 (0 1 1 0 0 0)
Hop 1: [393-0] 393 (1 1 0 0 0 9) -> 256 (1 0 0 0 0 0)
Hop 1: [503-0] 503 (1 1 1 1 1 7) -> 464 (1 1 1 0 1 0)
Hop 1: [314-0] 314 (1 0 0 1 1 10) -> 272 (1 0 0 0 1 0)
Hop 1: [230-0] 230 (0 1 1 1 0 6) -> 192 (0 1 1 0 0 0)
Hop 1: [167-0] 167 (0 1 0 1 0 7) -> 128 (0 1 0 0 0 0)
Hop 1: [185-0] 185 (0 1 0 1 1 9) -> 144 (0 1 0 0 1 0)
Hop 1: [55-0] 55 (0 0 0 1 1 7) -> 16 (0 0 0 0 1 0)
Hop 1: [369-0] 369 (1 0 1 1 1 1) -> 336 (1 0 1 0 1 0)
Hop 1: [218-0] 218 (0 1 1 0 1 10) -> 144 (0 1 0 0 1 0)
Hop 1: [467-0] 467 (1 1 1 0 1 3) -> 400 (1 1 0 0 1 0)
Hop 1: [434-0] 434 (1 1 0 1 1 2) -> 400 (1 1 0 0 1 0)
Hop 2: [148-0] 16 (0 0 0 0 1 0) -> 0 (0 0 0 0 0 0)
Hop 1: [419-0] 419 (1 1 0 1 0 3) -> 384 (1 1 0 0 0 0)
Hop 2: [61-0] 16 (0 0 0 0 1 0) -> 0 (0 0 0 0 0 0)
Hop 1: [492-0] 492 (1 1 1 1 0 12) -> 448 (1 1 1 0 0 0)
Hop 1: [323-0] 323 (1 0 1 0 0 3) -> 256 (1 0 0 0 0 0)
Hop 1: [94-0] 94 (0 0 1 0 1 14) -> 16 (0 0 0 0 1 0)
Hop 2: [502-0] 464 (1 1 1 0 1 0) -> 400 (1 1 0 0 1 0)
Hop 2: [342-0] 272 (1 0 0 0 1 0) -> 16 (0 0 0 0 1 0)
Hop 2: [306-0] 272 (1 0 0 0 1 0) -> 16 (0 0 0 0 1 0)
Hop 1: [141-0] 141 (0 1 0 0 0 13) -> 0 (0 0 0 0 0 0)
Hop 2: [393-0] 256 (1 0 0 0 0 0) -> 0 (0 0 0 0 0 0)
Hop 3: [426-0] 256 (1 0 0 0 0 0) -> 0 (0 0 0 0 0 0)
Hop 1: [161-0] 161 (0 1 0 1 0 1) -> 128 (0 1 0 0 0 0)
Hop 1: [484-0] 484 (1 1 1 1 0 4) -> 448 (1 1 1 0 0 0)
Hop 3: [116-0] 16 (0 0 0 0 1 0) -> 0 (0 0 0 0 0 0)
Hop 1: [333-0] 333 (1 0 1 0 0 13) -> 256 (1 0 0 0 0 0)
Hop 2: [230-0] 192 (0 1 1 0 0 0) -> 128 (0 1 0 0 0 0)
Hop 1: [454-0] 454 (1 1 1 0 0 6) -> 384 (1 1 0 0 0 0)
Hop 1: [477-0] 477 (1 1 1 0 1 13) -> 400 (1 1 0 0 1 0)
Hop 2: [434-0] 400 (1 1 0 0 1 0) -> 272 (1 0 0 0 1 0)
Hop 3: [407-0] 16 (0 0 0 0 1 0) -> 0 (0 0 0 0 0 0)
Hop 1: [201-0] 201 (0 1 1 0 0 9) -> 128 (0 1 0 0 0 0)
Hop 1: [156-0] 156 (0 1 0 0 1 12) -> 16 (0 0 0 0 1 0)
Hop 1: [64-0] 64 (0 0 1 0 0 0) -> 0 (0 0 0 0 0 0)
Hop 3: [180-0] 16 (0 0 0 0 1 0) -> 0 (0 0 0 0 0 0)
Hop 1: [172-0] 172 (0 1 0 1 0 12) -> 128 (0 1 0 0 0 0)
Hop 1: [456-0] 456 (1 1 1 0 0 8) -> 384 (1 1 0 0 0 0)
Hop 1: [245-0] 245 (0 1 1 1 1 5) -> 208 (0 1 1 0 1 0)
Hop 1: [202-0] 202 (0 1 1 0 0 10) -> 128 (0 1 0 0 0 0)
Hop 1: [410-0] 410 (1 1 0 0 1 10) -> 272 (1 0 0 0 1 0)
Hop 1: [42-0] 42 (0 0 0 1 0 10) -> 0 (0 0 0 0 0 0)
Hop 1: [281-0] 281 (1 0 0 0 1 9) -> 16 (0 0 0 0 1 0)
Hop 1: [114-0] 114 (0 0 1 1 1 2) -> 80 (0 0 1 0 1 0)
Hop 1: [160-0] 160 (0 1 0 1 0 0) -> 128 (0 1 0 0 0 0)
Hop 1: [500-0] 500 (1 1 1 1 1 4) -> 464 (1 1 1 0 1 0)
Hop 1: [293-0] 293 (1 0 0 1 0 5) -> 256 (1 0 0 0 0 0)
Hop 1: [240-0] 240 (0 1 1 1 1 0) -> 208 (0 1 1 0 1 0)
Hop 2: [477-0] 400 (1 1 0 0 1 0) -> 272 (1 0 0 0 1 0)
Hop 1: [192-0] 192 (0 1 1 0 0 0) -> 128 (0 1 0 0 0 0)
Hop 1: [285-0] 285 (1 0 0 0 1 13) -> 16 (0 0 0 0 1 0)
Hop 1: [88-0] 88 (0 0 1 0 1 8) -> 16 (0 0 0 0 1 0)
Hop 2: [503-0] 464 (1 1 1 0 1 0) -> 400 (1 1 0 0 1 0)
Hop 2: [167-0] 128 (0 1 0 0 0 0) -> 0 (0 0 0 0 0 0)
Hop 2: [215-0] 144 (0 1 0 0 1 0) -> 16 (0 0 0 0 1 0)
Hop 2: [109-0] 64 (0 0 1 0 0 0) -> 0 (0 0 0 0 0 0)
Hop 1: [340-0] 340 (1 0 1 0 1 4) -> 272 (1 0 0 0 1 0)
Hop 1: [196-0] 196 (0 1 1 0 0 4) -> 128 (0 1 0 0 0 0)
Hop 1: [313-0] 313 (1 0 0 1 1 9) -> 272 (1 0 0 0 1 0)
Hop 1: [147-0] 147 (0 1 0 0 1 3) -> 16 (0 0 0 0 1 0)
Hop 1: [439-0] 439 (1 1 0 1 1 7) -> 400 (1 1 0 0 1 0)
Hop 1: [364-0] 364 (1 0 1 1 0 12) -> 320 (1 0 1 0 0 0)
Hop 1: [90-0] 90 (0 0 1 0 1 10) -> 16 (0 0 0 0 1 0)
Hop 1: [262-0] 262 (1 0 0 0 0 6) -> 0 (0 0 0 0 0 0)
Hop 1: [98-0] 98 (0 0 1 1 0 2) -> 64 (0 0 1 0 0 0)
Hop 2: [492-0] 448 (1 1 1 0 0 0) -> 384 (1 1 0 0 0 0)
Hop 1: [449-0] 449 (1 1 1 0 0 1) -> 384 (1 1 0 0 0 0)
Hop 3: [306-0] 16 (0 0 0 0 1 0) -> 0 (0 0 0 0 0 0)
Hop 2: [467-0] 400 (1 1 0 0 1 0) -> 272 (1 0 0 0 1 0)
Hop 1: [404-0] 404 (1 1 0 0 1 4) -> 272 (1 0 0 0 1 0)
Hop 1: [356-0] 356 (1 0 1 1 0 4) -> 320 (1 0 1 0 0 0)
Hop 1: [279-0] 279 (1 0 0 0 1 7) -> 16 (0 0 0 0 1 0)
Hop 3: [503-0] 400 (1 1 0 0 1 0) -> 272 (1 0 0 0 1 0)
Hop 1: [216-0] 216 (0 1 1 0 1 8) -> 144 (0 1 0 0 1 0)
Hop 1: [224-0] 224 (0 1 1 1 0 0) -> 192 (0 1 1 0 0 0)
Hop 1: [25-0] 25 (0 0 0 0 1 9) -> 0 (0 0 0 0 0 0)
Hop 1: [481-0] 481 (1 1 1 1 0 1) -> 448 (1 1 1 0 0 0)
Hop 2: [245-0] 208 (0 1 1 0 1 0) -> 144 (0 1 0 0 1 0)
Hop 1: [130-0] 130 (0 1 0 0 0 2) -> 0 (0 0 0 0 0 0)
Hop 2: [196-0] 128 (0 1 0 0 0 0) -> 0 (0 0 0 0 0 0)
Hop 2: [156-0] 16 (0 0 0 0 1 0) -> 0 (0 0 0 0 0 0)
Hop 1: [70-0] 70 (0 0 1 0 0 6) -> 0 (0 0 0 0 0 0)
Hop 1: [444-0] 444 (1 1 0 1 1 12) -> 400 (1 1 0 0 1 0)
Hop 2: [55-0] 16 (0 0 0 0 1 0) -> 0 (0 0 0 0 0 0)
Hop 1: [121-0] 121 (0 0 1 1 1 9) -> 80 (0 0 1 0 1 0)
Hop 1: [357-0] 357 (1 0 1 1 0 5) -> 320 (1 0 1 0 0 0)
Hop 2: [94-0] 16 (0 0 0 0 1 0) -> 0 (0 0 0 0 0 0)
Hop 2: [98-0] 64 (0 0 1 0 0 0) -> 0 (0 0 0 0 0 0)
Hop 1: [428-0] 428 (1 1 0 1 0 12) -> 384 (1 1 0 0 0 0)
Hop 2: [172-0] 128 (0 1 0 0 0 0) -> 0 (0 0 0 0 0 0)
Hop 2: [484-0] 448 (1 1 1 0 0 0) -> 384 (1 1 0 0 0 0)
Hop 1: [146-0] 146 (0 1 0 0 1 2) -> 16 (0 0 0 0 1 0)
Hop 1: [379-0] 379 (1 0 1 1 1 11) -> 336 (1 0 1 0 1 0)
Hop 1: [344-0] 344 (1 0 1 0 1 8) -> 272 (1 0 0 0 1 0)
Hop 1: [112-0] 112 (0 0 1 1 1 0) -> 80 (0 0 1 0 1 0)
Hop 2: [313-0] 272 (1 0 0 0 1 0) -> 16 (0 0 0 0 1 0)
Hop 1: [433-0] 433 (1 1 0 1 1 1) -> 400 (1 1 0 0 1 0)
Hop 2: [410-0] 272 (1 0 0 0 1 0) -> 16 (0 0 0 0 1 0)
Hop 1: [30-0] 30 (0 0 0 0 1 14) -> 0 (0 0 0 0 0 0)
Hop 1: [250-0] 250 (0 1 1 1 1 10) -> 208 (0 1 1 0 1 0)
Hop 1: [132-0] 132 (0 1 0 0 0 4) -> 0 (0 0 0 0 0 0)
Hop 1: [193-0] 193 (0 1 1 0 0 1) -> 128 (0 1 0 0 0 0)
Hop 1: [144-0] 144 (0 1 0 0 1 0) -> 16 (0 0 0 0 1 0)
Hop 1: [45-0] 45 (0 0 0 1 0 13) -> 0 (0 0 0 0 0 0)
Hop 2: [419-0] 384 (1 1 0 0 0 0) -> 256 (1 0 0 0 0 0)
Hop 1: [49-0] 49 (0 0 0 1 1 1) -> 16 (0 0 0 0 1 0)
Hop 1: [81-0] 81 (0 0 1 0 1 1) -> 16 (0 0 0 0 1 0)
Hop 1: [510-0] 510 (1 1 1 1 1 14) -> 464 (1 1 1 0 1 0)
Hop 3: [342-0] 16 (0 0 0 0 1 0) -> 0 (0 0 0 0 0 0)
Hop 1: [452-0] 452 (1 1 1 0 0 4) -> 384 (1 1 0 0 0 0)
Hop 2: [314-0] 272 (1 0 0 0 1 0) -> 16 (0 0 0 0 1 0)
Hop 1: [28-0] 28 (0 0 0 0 1 12) -> 0 (0 0 0 0 0 0)
Hop 1: [469-0] 469 (1 1 1 0 1 5) -> 400 (1 1 0 0 1 0)
Hop 1: [241-0] 241 (0 1 1 1 1 1) -> 208 (0 1 1 0 1 0)
Hop 1: [362-0] 362 (1 0 1 1 0 10) -> 320 (1 0 1 0 0 0)
Hop 2: [147-0] 16 (0 0 0 0 1 0) -> 0 (0 0 0 0 0 0)
Hop 1: [32-0] 32 (0 0 0 1 0 0) -> 0 (0 0 0 0 0 0)
Hop 1: [261-0] 261 (1 0 0 0 0 5) -> 0 (0 0 0 0 0 0)
Hop 1: [389-0] 389 (1 1 0 0 0 5) -> 256 (1 0 0 0 0 0)
Hop 1: [82-0] 82 (0 0 1 0 1 2) -> 16 (0 0 0 0 1 0)
Hop 3: [484-0] 384 (1 1 0 0 0 0) -> 256 (1 0 0 0 0 0)
Hop 1: [211-0] 211 (0 1 1 0 1 3) -> 144 (0 1 0 0 1 0)
Hop 1: [327-0] 327 (1 0 1 0 0 7) -> 256 (1 0 0 0 0 0)
Hop 1: [229-0] 229 (0 1 1 1 0 5) -> 192 (0 1 1 0 0 0)
Hop 2: [293-0] 256 (1 0 0 0 0 0) -> 0 (0 0 0 0 0 0)
Hop 1: [382-0] 382 (1 0 1 1 1 14) -> 336 (1 0 1 0 1 0)
Hop 1: [253-0] 253 (0 1 1 1 1 13) -> 208 (0 1 1 0 1 0)
Hop 2: [202-0] 128 (0 1 0 0 0 0) -> 0 (0 0 0 0 0 0)
Hop 1: [470-0] 470 (1 1 1 0 1 6) -> 400 (1 1 0 0 1 0)
Hop 1: [33-0] 33 (0 0 0 1 0 1) -> 0 (0 0 0 0 0 0)
Hop 2: [433-0] 400 (1 1 0 0 1 0) -> 272 (1 0 0 0 1 0)
Hop 1: [365-0] 365 (1 0 1 1 0 13) -> 320 (1 0 1 0 0 0)
Hop 2: [49-0] 16 (0 0 0 0 1 0) -> 0 (0 0 0 0 0 0)
Hop 2: [281-0] 16 (0 0 0 0 1 0) -> 0 (0 0 0 0 0 0)
Hop 2: [114-0] 80 (0 0 1 0 1 0) -> 16 (0 0 0 0 1 0)
Hop 4: [503-0] 272 (1 0 0 0 1 0) -> 16 (0 0 0 0 1 0)
Hop 1: [237-0] 237 (0 1 1 1 0 13) -> 192 (0 1 1 0 0 0)
Hop 1: [26-0] 26 (0 0 0 0 1 10) -> 0 (0 0 0 0 0 0)
Hop 2: [481-0] 448 (1 1 1 0 0 0) -> 384 (1 1 0 0 0 0)
Hop 1: [246-0] 246 (0 1 1 1 1 6) -> 208 (0 1 1 0 1 0)
Hop 2: [369-0] 336 (1 0 1 0 1 0) -> 272 (1 0 0 0 1 0)
Hop 1: [461-0] 461 (1 1 1 0 0 13) -> 384 (1 1 0 0 0 0)
Hop 2: [316-0] 272 (1 0 0 0 1 0) -> 16 (0 0 0 0 1 0)
Hop 1: [474-0] 474 (1 1 1 0 1 10) -> 400 (1 1 0 0 1 0)
Hop 1: [52-0] 52 (0 0 0 1 1 4) -> 16 (0 0 0 0 1 0)
Hop 3: [410-0] 16 (0 0 0 0 1 0) -> 0 (0 0 0 0 0 0)
Hop 2: [88-0] 16 (0 0 0 0 1 0) -> 0 (0 0 0 0 0 0)
Hop 1: [355-0] 355 (1 0 1 1 0 3) -> 320 (1 0 1 0 0 0)
Hop 1: [505-0] 505 (1 1 1 1 1 9) -> 464 (1 1 1 0 1 0)
Hop 1: [209-0] 209 (0 1 1 0 1 1) -> 144 (0 1 0 0 1 0)
Hop 1: [284-0] 284 (1 0 0 0 1 12) -> 16 (0 0 0 0 1 0)
Hop 3: [230-0] 128 (0 1 0 0 0 0) -> 0 (0 0 0 0 0 0)
Hop 1: [386-0] 386 (1 1 0 0 0 2) -> 256 (1 0 0 0 0 0)
Hop 2: [428-0] 384 (1 1 0 0 0 0) -> 256 (1 0 0 0 0 0)
Hop 1: [487-0] 487 (1 1 1 1 0 7) -> 448 (1 1 1 0 0 0)
Hop 2: [193-0] 128 (0 1 0 0 0 0) -> 0 (0 0 0 0 0 0)
Hop 1: [372-0] 372 (1 0 1 1 1 4) -> 336 (1 0 1 0 1 0)
Hop 2: [452-0] 384 (1 1 0 0 0 0) -> 256 (1 0 0 0 0 0)
Hop 1: [122-0] 122 (0 0 1 1 1 10) -> 80 (0 0 1 0 1 0)
Hop 1: [318-0] 318 (1 0 0 1 1 14) -> 272 (1 0 0 0 1 0)
Hop 3: [502-0] 400 (1 1 0 0 1 0) -> 272 (1 0 0 0 1 0)
Hop 2: [216-0] 144 (0 1 0 0 1 0) -> 16 (0 0 0 0 1 0)
Hop 2: [226-0] 192 (0 1 1 0 0 0) -> 128 (0 1 0 0 0 0)
Hop 2: [356-0] 320 (1 0 1 0 0 0) -> 256 (1 0 0 0 0 0)
Hop 1: [105-0] 105 (0 0 1 1 0 9) -> 64 (0 0 1 0 0 0)
Hop 2: [285-0] 16 (0 0 0 0 1 0) -> 0 (0 0 0 0 0 0)
Hop 2: [241-0] 208 (0 1 1 0 1 0) -> 144 (0 1 0 0 1 0)
Hop 1: [260-0] 260 (1 0 0 0 0 4) -> 0 (0 0 0 0 0 0)
Hop 1: [388-0] 388 (1 1 0 0 0 4) -> 256 (1 0 0 0 0 0)
Hop 1: [139-0] 139 (0 1 0 0 0 11) -> 0 (0 0 0 0 0 0)
Hop 1: [170-0] 170 (0 1 0 1 0 10) -> 128 (0 1 0 0 0 0)
Hop 1: [155-0] 155 (0 1 0 0 1 11) -> 16 (0 0 0 0 1 0)
Hop 1: [36-0] 36 (0 0 0 1 0 4) -> 0 (0 0 0 0 0 0)
Hop 1: [75-0] 75 (0 0 1 0 0 11) -> 0 (0 0 0 0 0 0)
Hop 2: [331-0] 256 (1 0 0 0 0 0) -> 0 (0 0 0 0 0 0)
Hop 1: [187-0] 187 (0 1 0 1 1 11) -> 144 (0 1 0 0 1 0)
Hop 1: [303-0] 303 (1 0 0 1 0 15) -> 256 (1 0 0 0 0 0)
Hop 2: [456-0] 384 (1 1 0 0 0 0) -> 256 (1 0 0 0 0 0)
Hop 1: [509-0] 509 (1 1 1 1 1 13) -> 464 (1 1 1 0 1 0)
Hop 2: [229-0] 192 (0 1 1 0 0 0) -> 128 (0 1 0 0 0 0)
Hop 1: [437-0] 437 (1 1 0 1 1 5) -> 400 (1 1 0 0 1 0)
Hop 2: [240-0] 208 (0 1 1 0 1 0) -> 144 (0 1 0 0 1 0)
Hop 2: [357-0] 320 (1 0 1 0 0 0) -> 256 (1 0 0 0 0 0)
Hop 2: [144-0] 16 (0 0 0 0 1 0) -> 0 (0 0 0 0 0 0)
Hop 3: [419-0] 256 (1 0 0 0 0 0) -> 0 (0 0 0 0 0 0)
Hop 1: [166-0] 166 (0 1 0 1 0 6) -> 128 (0 1 0 0 0 0)
Hop 2: [487-0] 448 (1 1 1 0 0 0) -> 384 (1 1 0 0 0 0)
Hop 1: [56-0] 56 (0 0 0 1 1 8) -> 16 (0 0 0 0 1 0)
Hop 2: [112-0] 80 (0 0 1 0 1 0) -> 16 (0 0 0 0 1 0)
Hop 2: [333-0] 256 (1 0 0 0 0 0) -> 0 (0 0 0 0 0 0)
Hop 1: [85-0] 85 (0 0 1 0 1 5) -> 16 (0 0 0 0 1 0)
Hop 2: [500-0] 464 (1 1 1 0 1 0) -> 400 (1 1 0 0 1 0)
Hop 2: [382-0] 336 (1 0 1 0 1 0) -> 272 (1 0 0 0 1 0)
Hop 1: [214-0] 214 (0 1 1 0 1 6) -> 144 (0 1 0 0 1 0)
Hop 2: [105-0] 64 (0 0 1 0 0 0) -> 0 (0 0 0 0 0 0)
Hop 2: [470-0] 400 (1 1 0 0 1 0) -> 272 (1 0 0 0 1 0)
Hop 2: [439-0] 400 (1 1 0 0 1 0) -> 272 (1 0 0 0 1 0)
Hop 1: [128-0] 128 (0 1 0 0 0 0) -> 0 (0 0 0 0 0 0)
Hop 2: [146-0] 16 (0 0 0 0 1 0) -> 0 (0 0 0 0 0 0)
Hop 2: [284-0] 16 (0 0 0 0 1 0) -> 0 (0 0 0 0 0 0)
Hop 1: [92-0] 92 (0 0 1 0 1 12) -> 16 (0 0 0 0 1 0)
Hop 2: [323-0] 256 (1 0 0 0 0 0) -> 0 (0 0 0 0 0 0)
Hop 1: [220-0] 220 (0 1 1 0 1 12) -> 144 (0 1 0 0 1 0)
Hop 1: [239-0] 239 (0 1 1 1 0 15) -> 192 (0 1 1 0 0 0)
Hop 1: [108-0] 108 (0 0 1 1 0 12) -> 64 (0 0 1 0 0 0)
Hop 1: [337-0] 337 (1 0 1 0 1 1) -> 272 (1 0 0 0 1 0)
Hop 2: [246-0] 208 (0 1 1 0 1 0) -> 144 (0 1 0 0 1 0)
Hop 1: [136-0] 136 (0 1 0 0 0 8) -> 0 (0 0 0 0 0 0)
Hop 1: [311-0] 311 (1 0 0 1 1 7) -> 272 (1 0 0 0 1 0)
Hop 1: [195-0] 195 (0 1 1 0 0 3) -> 128 (0 1 0 0 0 0)
Hop 1: [150-0] 150 (0 1 0 0 1 6) -> 16 (0 0 0 0 1 0)
Hop 1: [186-0] 186 (0 1 0 1 1 10) -> 144 (0 1 0 0 1 0)
Hop 2: [82-0] 16 (0 0 0 0 1 0) -> 0 (0 0 0 0 0 0)
Hop 1: [396-0] 396 (1 1 0 0 0 12) -> 256 (1 0 0 0 0 0)
Hop 2: [209-0] 144 (0 1 0 0 1 0) -> 16 (0 0 0 0 1 0)
Hop 1: [228-0] 228 (0 1 1 1 0 4) -> 192 (0 1 1 0 0 0)
Hop 1: [22-0] 22 (0 0 0 0 1 6) -> 0 (0 0 0 0 0 0)
Hop 1: [375-0] 375 (1 0 1 1 1 7) -> 336 (1 0 1 0 1 0)
Hop 3: [313-0] 16 (0 0 0 0 1 0) -> 0 (0 0 0 0 0 0)
Hop 3: [433-0] 272 (1 0 0 0 1 0) -> 16 (0 0 0 0 1 0)
Hop 1: [190-0] 190 (0 1 0 1 1 14) -> 144 (0 1 0 0 1 0)
Hop 1: [409-0] 409 (1 1 0 0 1 9) -> 272 (1 0 0 0 1 0)
Hop 2: [52-0] 16 (0 0 0 0 1 0) -> 0 (0 0 0 0 0 0)
Hop 1: [127-0] 127 (0 0 1 1 1 15) -> 80 (0 0 1 0 1 0)
Hop 2: [364-0] 320 (1 0 1 0 0 0) -> 256 (1 0 0 0 0 0)
Hop 2: [211-0] 144 (0 1 0 0 1 0) -> 16 (0 0 0 0 1 0)
Hop 2: [386-0] 256 (1 0 0 0 0 0) -> 0 (0 0 0 0 0 0)
Hop 1: [225-0] 225 (0 1 1 1 0 1) -> 192 (0 1 1 0 0 0)
Hop 3: [246-0] 144 (0 1 0 0 1 0) -> 16 (0 0 0 0 1 0)
Hop 3: [492-0] 384 (1 1 0 0 0 0) -> 256 (1 0 0 0 0 0)
Hop 2: [325-0] 256 (1 0 0 0 0 0) -> 0 (0 0 0 0 0 0)
Hop 1: [197-0] 197 (0 1 1 0 0 5) -> 128 (0 1 0 0 0 0)
Hop 3: [377-0] 272 (1 0 0 0 1 0) -> 16 (0 0 0 0 1 0)
Hop 1: [47-0] 47 (0 0 0 1 0 15) -> 0 (0 0 0 0 0 0)
Hop 2: [461-0] 384 (1 1 0 0 0 0) -> 256 (1 0 0 0 0 0)
Hop 1: [184-0] 184 (0 1 0 1 1 8) -> 144 (0 1 0 0 1 0)
Hop 3: [314-0] 16 (0 0 0 0 1 0) -> 0 (0 0 0 0 0 0)
Hop 1: [57-0] 57 (0 0 0 1 1 9) -> 16 (0 0 0 0 1 0)
Hop 3: [439-0] 272 (1 0 0 0 1 0) -> 16 (0 0 0 0 1 0)
Hop 2: [81-0] 16 (0 0 0 0 1 0) -> 0 (0 0 0 0 0 0)
Hop 4: [502-0] 272 (1 0 0 0 1 0) -> 16 (0 0 0 0 1 0)
Hop 1: [103-0] 103 (0 0 1 1 0 7) -> 64 (0 0 1 0 0 0)
Hop 1: [269-0] 269 (1 0 0 0 0 13) -> 0 (0 0 0 0 0 0)
Hop 1: [18-0] 18 (0 0 0 0 1 2) -> 0 (0 0 0 0 0 0)
Hop 1: [385-0] 385 (1 1 0 0 0 1) -> 256 (1 0 0 0 0 0)
Hop 1: [200-0] 200 (0 1 1 0 0 8) -> 128 (0 1 0 0 0 0)
Hop 1: [330-0] 330 (1 0 1 0 0 10) -> 256 (1 0 0 0 0 0)
Hop 1: [73-0] 73 (0 0 1 0 0 9) -> 0 (0 0 0 0 0 0)
Hop 1: [289-0] 289 (1 0 0 1 0 1) -> 256 (1 0 0 0 0 0)
Hop 2: [190-0] 144 (0 1 0 0 1 0) -> 16 (0 0 0 0 1 0)
Hop 2: [379-0] 336 (1 0 1 0 1 0) -> 272 (1 0 0 0 1 0)
Hop 1: [351-352] 351 (1 0 1 0 1 15) -> 368 (1 0 1 1 1 0)
Hop 2: [121-0] 80 (0 0 1 0 1 0) -> 16 (0 0 0 0 1 0)
Hop 5: [503-0] 16 (0 0 0 0 1 0) -> 0 (0 0 0 0 0 0)
Hop 1: [451-0] 451 (1 1 1 0 0 3) -> 384 (1 1 0 0 0 0)
Hop 3: [211-0] 16 (0 0 0 0 1 0) -> 0 (0 0 0 0 0 0)
Hop 2: [224-0] 192 (0 1 1 0 0 0) -> 128 (0 1 0 0 0 0)
Hop 2: [474-0] 400 (1 1 0 0 1 0) -> 272 (1 0 0 0 1 0)
Hop 1: [111-0] 111 (0 0 1 1 0 15) -> 64 (0 0 1 0 0 0)
Hop 1: [251-0] 251 (0 1 1 1 1 11) -> 208 (0 1 1 0 1 0)
Hop 1: [405-0] 405 (1 1 0 0 1 5) -> 272 (1 0 0 0 1 0)
Hop 2: [362-0] 320 (1 0 1 0 0 0) -> 256 (1 0 0 0 0 0)
Hop 1: [129-0] 129 (0 1 0 0 0 1) -> 0 (0 0 0 0 0 0)
Hop 1: [384-0] 384 (1 1 0 0 0 0) -> 256 (1 0 0 0 0 0)
Hop 1: [178-0] 178 (0 1 0 1 1 2) -> 144 (0 1 0 0 1 0)
Hop 1: [53-0] 53 (0 0 0 1 1 5) -> 16 (0 0 0 0 1 0)
Hop 1: [491-0] 491 (1 1 1 1 0 11) -> 448 (1 1 1 0 0 0)
Hop 2: [303-0] 256 (1 0 0 0 0 0) -> 0 (0 0 0 0 0 0)
Hop 2: [214-0] 144 (0 1 0 0 1 0) -> 16 (0 0 0 0 1 0)
Hop 2: [340-0] 272 (1 0 0 0 1 0) -> 16 (0 0 0 0 1 0)
Hop 1: [235-0] 235 (0 1 1 1 0 11) -> 192 (0 1 1 0 0 0)
Hop 2: [103-0] 64 (0 0 1 0 0 0) -> 0 (0 0 0 0 0 0)
Hop 1: [20-0] 20 (0 0 0 0 1 4) -> 0 (0 0 0 0 0 0)
Hop 4: [246-0] 16 (0 0 0 0 1 0) -> 0 (0 0 0 0 0 0)
Hop 1: [475-0] 475 (1 1 1 0 1 11) -> 400 (1 1 0 0 1 0)
Hop 2: [444-0] 400 (1 1 0 0 1 0) -> 272 (1 0 0 0 1 0)
Hop 1: [402-0] 402 (1 1 0 0 1 2) -> 272 (1 0 0 0 1 0)
Hop 1: [199-0] 199 (0 1 1 0 0 7) -> 128 (0 1 0 0 0 0)
Hop 1: [359-0] 359 (1 0 1 1 0 7) -> 320 (1 0 1 0 0 0)
Hop 2: [150-0] 16 (0 0 0 0 1 0) -> 0 (0 0 0 0 0 0)
Hop 1: [282-0] 282 (1 0 0 0 1 10) -> 16 (0 0 0 0 1 0)
Hop 1: [271-0] 271 (1 0 0 0 0 15) -> 0 (0 0 0 0 0 0)
Hop 2: [385-0] 256 (1 0 0 0 0 0) -> 0 (0 0 0 0 0 0)
Hop 2: [184-0] 144 (0 1 0 0 1 0) -> 16 (0 0 0 0 1 0)
Hop 1: [63-0] 63 (0 0 0 1 1 15) -> 16 (0 0 0 0 1 0)
Hop 4: [492-0] 256 (1 0 0 0 0 0) -> 0 (0 0 0 0 0 0)
Hop 2: [85-0] 16 (0 0 0 0 1 0) -> 0 (0 0 0 0 0 0)
Hop 2: [505-0] 464 (1 1 1 0 1 0) -> 400 (1 1 0 0 1 0)
Hop 1: [288-0] 288 (1 0 0 1 0 0) -> 256 (1 0 0 0 0 0)
Hop 3: [215-0] 16 (0 0 0 0 1 0) -> 0 (0 0 0 0 0 0)
Hop 2: [375-0] 336 (1 0 1 0 1 0) -> 272 (1 0 0 0 1 0)
Hop 2: [239-0] 192 (0 1 1 0 0 0) -> 128 (0 1 0 0 0 0)
Hop 1: [341-0] 341 (1 0 1 0 1 5) -> 272 (1 0 0 0 1 0)
Hop 1: [448-0] 448 (1 1 1 0 0 0) -> 384 (1 1 0 0 0 0)
Hop 3: [240-0] 144 (0 1 0 0 1 0) -> 16 (0 0 0 0 1 0)
Hop 1: [465-0] 465 (1 1 1 0 1 1) -> 400 (1 1 0 0 1 0)
Hop 1: [436-0] 436 (1 1 0 1 1 4) -> 400 (1 1 0 0 1 0)
Hop 1: [414-0] 414 (1 1 0 0 1 14) -> 272 (1 0 0 0 1 0)
Hop 3: [362-0] 256 (1 0 0 0 0 0) -> 0 (0 0 0 0 0 0)
Hop 1: [273-0] 273 (1 0 0 0 1 1) -> 16 (0 0 0 0 1 0)
Hop 2: [178-0] 144 (0 1 0 0 1 0) -> 16 (0 0 0 0 1 0)
Hop 1: [390-0] 390 (1 1 0 0 0 6) -> 256 (1 0 0 0 0 0)
Hop 3: [121-0] 16 (0 0 0 0 1 0) -> 0 (0 0 0 0 0 0)
Hop 1: [420-0] 420 (1 1 0 1 0 4) -> 384 (1 1 0 0 0 0)
Hop 1: [173-0] 173 (0 1 0 1 0 13) -> 128 (0 1 0 0 0 0)
Hop 2: [509-0] 464 (1 1 1 0 1 0) -> 400 (1 1 0 0 1 0)
Hop 4: [484-0] 256 (1 0 0 0 0 0) -> 0 (0 0 0 0 0 0)
Hop 1: [210-0] 210 (0 1 1 0 1 2) -> 144 (0 1 0 0 1 0)
Hop 1: [335-0] 335 (1 0 1 0 0 15) -> 256 (1 0 0 0 0 0)
Hop 1: [236-0] 236 (0 1 1 1 0 12) -> 192 (0 1 1 0 0 0)
Hop 2: [289-0] 256 (1 0 0 0 0 0) -> 0 (0 0 0 0 0 0)
Hop 4: [377-0] 16 (0 0 0 0 1 0) -> 0 (0 0 0 0 0 0)
Hop 3: [241-0] 144 (0 1 0 0 1 0) -> 16 (0 0 0 0 1 0)
Hop 2: [451-0] 384 (1 1 0 0 0 0) -> 256 (1 0 0 0 0 0)
Hop 3: [470-0] 272 (1 0 0 0 1 0) -> 16 (0 0 0 0 1 0)
Hop 1: [38-0] 38 (0 0 0 1 0 6) -> 0 (0 0 0 0 0 0)
Hop 4: [439-0] 16 (0 0 0 0 1 0) -> 0 (0 0 0 0 0 0)
Hop 1: [59-0] 59 (0 0 0 1 1 11) -> 16 (0 0 0 0 1 0)
Hop 1: [123-0] 123 (0 0 1 1 1 11) -> 80 (0 0 1 0 1 0)
Hop 1: [277-0] 277 (1 0 0 0 1 5) -> 16 (0 0 0 0 1 0)
Hop 2: [90-0] 16 (0 0 0 0 1 0) -> 0 (0 0 0 0 0 0)
Hop 2: [510-0] 464 (1 1 1 0 1 0) -> 400 (1 1 0 0 1 0)
Hop 1: [222-0] 222 (0 1 1 0 1 14) -> 144 (0 1 0 0 1 0)
Hop 1: [423-0] 423 (1 1 0 1 0 7) -> 384 (1 1 0 0 0 0)
Hop 1: [99-0] 99 (0 0 1 1 0 3) -> 64 (0 0 1 0 0 0)
Hop 1: [168-0] 168 (0 1 0 1 0 8) -> 128 (0 1 0 0 0 0)
Hop 1: [27-0] 27 (0 0 0 0 1 11) -> 0 (0 0 0 0 0 0)
Hop 1: [486-0] 486 (1 1 1 1 0 6) -> 448 (1 1 1 0 0 0)
Hop 2: [200-0] 128 (0 1 0 0 0 0) -> 0 (0 0 0 0 0 0)
Hop 1: [350-0] 350 (1 0 1 0 1 14) -> 272 (1 0 0 0 1 0)
Hop 1: [458-0] 458 (1 1 1 0 0 10) -> 384 (1 1 0 0 0 0)
Hop 2: [311-0] 272 (1 0 0 0 1 0) -> 16 (0 0 0 0 1 0)
Hop 3: [184-0] 16 (0 0 0 0 1 0) -> 0 (0 0 0 0 0 0)
Hop 1: [440-0] 440 (1 1 0 1 1 8) -> 400 (1 1 0 0 1 0)
Hop 3: [112-0] 16 (0 0 0 0 1 0) -> 0 (0 0 0 0 0 0)
Hop 1: [91-0] 91 (0 0 1 0 1 11) -> 16 (0 0 0 0 1 0)
Hop 3: [357-0] 256 (1 0 0 0 0 0) -> 0 (0 0 0 0 0 0)
Hop 3: [500-0] 400 (1 1 0 0 1 0) -> 272 (1 0 0 0 1 0)
Hop 2: [279-0] 16 (0 0 0 0 1 0) -> 0 (0 0 0 0 0 0)
Hop 3: [229-0] 128 (0 1 0 0 0 0) -> 0 (0 0 0 0 0 0)
Hop 1: [268-0] 268 (1 0 0 0 0 12) -> 0 (0 0 0 0 0 0)
Hop 1: [19-0] 19 (0 0 0 0 1 3) -> 0 (0 0 0 0 0 0)
Hop 1: [489-0] 489 (1 1 1 1 0 9) -> 448 (1 1 1 0 0 0)
Hop 1: [133-0] 133 (0 1 0 0 0 5) -> 0 (0 0 0 0 0 0)
Hop 1: [322-0] 322 (1 0 1 0 0 2) -> 256 (1 0 0 0 0 0)
Hop 1: [462-0] 462 (1 1 1 0 0 14) -> 384 (1 1 0 0 0 0)
Hop 1: [188-0] 188 (0 1 0 1 1 12) -> 144 (0 1 0 0 1 0)
Hop 1: [50-0] 50 (0 0 0 1 1 2) -> 16 (0 0 0 0 1 0)
Hop 3: [477-0] 272 (1 0 0 0 1 0) -> 16 (0 0 0 0 1 0)
Hop 1: [126-0] 126 (0 0 1 1 1 14) -> 80 (0 0 1 0 1 0)
Hop 2: [414-0] 272 (1 0 0 0 1 0) -> 16 (0 0 0 0 1 0)
Hop 3: [510-0] 400 (1 1 0 0 1 0) -> 272 (1 0 0 0 1 0)
Hop 3: [356-0] 256 (1 0 0 0 0 0) -> 0 (0 0 0 0 0 0)
Hop 3: [224-0] 128 (0 1 0 0 0 0) -> 0 (0 0 0 0 0 0)
Hop 2: [111-0] 64 (0 0 1 0 0 0) -> 0 (0 0 0 0 0 0)
Hop 2: [396-0] 256 (1 0 0 0 0 0) -> 0 (0 0 0 0 0 0)
Hop 2: [199-0] 128 (0 1 0 0 0 0) -> 0 (0 0 0 0 0 0)
Hop 2: [155-0] 16 (0 0 0 0 1 0) -> 0 (0 0 0 0 0 0)
Hop 2: [335-0] 256 (1 0 0 0 0 0) -> 0 (0 0 0 0 0 0)
Hop 1: [295-0] 295 (1 0 0 1 0 7) -> 256 (1 0 0 0 0 0)
Hop 3: [190-0] 16 (0 0 0 0 1 0) -> 0 (0 0 0 0 0 0)
Hop 1: [346-0] 346 (1 0 1 0 1 10) -> 272 (1 0 0 0 1 0)
Hop 1: [459-0] 459 (1 1 1 0 0 11) -> 384 (1 1 0 0 0 0)
Hop 4: [433-0] 16 (0 0 0 0 1 0) -> 0 (0 0 0 0 0 0)
Hop 3: [226-0] 128 (0 1 0 0 0 0) -> 0 (0 0 0 0 0 0)
Hop 2: [402-0] 272 (1 0 0 0 1 0) -> 16 (0 0 0 0 1 0)
Hop 1: [24-0] 24 (0 0 0 0 1 8) -> 0 (0 0 0 0 0 0)
Hop 2: [365-0] 320 (1 0 1 0 0 0) -> 256 (1 0 0 0 0 0)
Hop 3: [245-0] 144 (0 1 0 0 1 0) -> 16 (0 0 0 0 1 0)
Hop 1: [256-0] 256 (1 0 0 0 0 0) -> 0 (0 0 0 0 0 0)
Hop 1: [205-0] 205 (0 1 1 0 0 13) -> 128 (0 1 0 0 0 0)
Hop 1: [421-0] 421 (1 1 0 1 0 5) -> 384 (1 1 0 0 0 0)
Hop 2: [173-0] 128 (0 1 0 0 0 0) -> 0 (0 0 0 0 0 0)
Hop 3: [178-0] 16 (0 0 0 0 1 0) -> 0 (0 0 0 0 0 0)
Hop 2: [127-0] 80 (0 0 1 0 1 0) -> 16 (0 0 0 0 1 0)
Hop 1: [499-0] 499 (1 1 1 1 1 3) -> 464 (1 1 1 0 1 0)
Hop 1: [336-0] 336 (1 0 1 0 1 0) -> 272 (1 0 0 0 1 0)
Hop 2: [210-0] 144 (0 1 0 0 1 0) -> 16 (0 0 0 0 1 0)
Hop 2: [462-0] 384 (1 1 0 0 0 0) -> 256 (1 0 0 0 0 0)
Hop 2: [237-0] 192 (0 1 1 0 0 0) -> 128 (0 1 0 0 0 0)
Hop 3: [311-0] 16 (0 0 0 0 1 0) -> 0 (0 0 0 0 0 0)
Hop 1: [106-0] 106 (0 0 1 1 0 10) -> 64 (0 0 1 0 0 0)
Hop 3: [467-0] 272 (1 0 0 0 1 0) -> 16 (0 0 0 0 1 0)
Hop 1: [242-0] 242 (0 1 1 1 1 2) -> 208 (0 1 1 0 1 0)
Hop 2: [437-0] 400 (1 1 0 0 1 0) -> 272 (1 0 0 0 1 0)
Hop 1: [400-0] 400 (1 1 0 0 1 0) -> 272 (1 0 0 0 1 0)
Hop 2: [355-0] 320 (1 0 1 0 0 0) -> 256 (1 0 0 0 0 0)
Hop 1: [194-0] 194 (0 1 1 0 0 2) -> 128 (0 1 0 0 0 0)
Hop 2: [282-0] 16 (0 0 0 0 1 0) -> 0 (0 0 0 0 0 0)
Hop 2: [389-0] 256 (1 0 0 0 0 0) -> 0 (0 0 0 0 0 0)
Hop 1: [176-0] 176 (0 1 0 1 1 0) -> 144 (0 1 0 0 1 0)
Hop 1: [424-0] 424 (1 1 0 1 0 8) -> 384 (1 1 0 0 0 0)
Hop 2: [166-0] 128 (0 1 0 0 0 0) -> 0 (0 0 0 0 0 0)
Hop 1: [120-0] 120 (0 0 1 1 1 8) -> 80 (0 0 1 0 1 0)
Hop 1: [493-0] 493 (1 1 1 1 0 13) -> 448 (1 1 1 0 0 0)
Hop 1: [497-0] 497 (1 1 1 1 1 1) -> 464 (1 1 1 0 1 0)
Hop 2: [218-0] 144 (0 1 0 0 1 0) -> 16 (0 0 0 0 1 0)
Hop 1: [373-0] 373 (1 0 1 1 1 5) -> 336 (1 0 1 0 1 0)
Hop 2: [350-0] 272 (1 0 0 0 1 0) -> 16 (0 0 0 0 1 0)
Hop 2: [454-0] 384 (1 1 0 0 0 0) -> 256 (1 0 0 0 0 0)
Hop 1: [305-0] 305 (1 0 0 1 1 1) -> 272 (1 0 0 0 1 0)
Hop 2: [195-0] 128 (0 1 0 0 0 0) -> 0 (0 0 0 0 0 0)
Hop 1: [435-0] 435 (1 1 0 1 1 3) -> 400 (1 1 0 0 1 0)
Hop 1: [159-0] 159 (0 1 0 0 1 15) -> 16 (0 0 0 0 1 0)
Hop 2: [405-0] 272 (1 0 0 0 1 0) -> 16 (0 0 0 0 1 0)
Hop 1: [79-0] 79 (0 0 1 0 0 15) -> 0 (0 0 0 0 0 0)
Hop 2: [188-0] 144 (0 1 0 0 1 0) -> 16 (0 0 0 0 1 0)
Hop 1: [264-0] 264 (1 0 0 0 0 8) -> 0 (0 0 0 0 0 0)
Hop 1: [117-0] 117 (0 0 1 1 1 5) -> 80 (0 0 1 0 1 0)
Hop 2: [91-0] 16 (0 0 0 0 1 0) -> 0 (0 0 0 0 0 0)
Hop 2: [430-0] 384 (1 1 0 0 0 0) -> 256 (1 0 0 0 0 0)
Hop 2: [235-0] 192 (0 1 1 0 0 0) -> 128 (0 1 0 0 0 0)
Hop 3: [481-0] 384 (1 1 0 0 0 0) -> 256 (1 0 0 0 0 0)
Hop 2: [327-0] 256 (1 0 0 0 0 0) -> 0 (0 0 0 0 0 0)
Hop 2: [288-0] 256 (1 0 0 0 0 0) -> 0 (0 0 0 0 0 0)
Hop 1: [368-0] 368 (1 0 1 1 1 0) -> 336 (1 0 1 0 1 0)
Hop 2: [336-0] 272 (1 0 0 0 1 0) -> 16 (0 0 0 0 1 0)
Hop 1: [455-0] 455 (1 1 1 0 0 7) -> 384 (1 1 0 0 0 0)
Hop 1: [37-0] 37 (0 0 0 1 0 5) -> 0 (0 0 0 0 0 0)
Hop 2: [475-0] 400 (1 1 0 0 1 0) -> 272 (1 0 0 0 1 0)
Hop 2: [436-0] 400 (1 1 0 0 1 0) -> 272 (1 0 0 0 1 0)
Hop 2: [126-0] 80 (0 0 1 0 1 0) -> 16 (0 0 0 0 1 0)
Hop 5: [502-0] 16 (0 0 0 0 1 0) -> 0 (0 0 0 0 0 0)
Hop 2: [273-0] 16 (0 0 0 0 1 0) -> 0 (0 0 0 0 0 0)
Hop 1: [232-0] 232 (0 1 1 1 0 8) -> 192 (0 1 1 0 0 0)
Hop 2: [388-0] 256 (1 0 0 0 0 0) -> 0 (0 0 0 0 0 0)
Hop 1: [416-0] 416 (1 1 0 1 0 0) -> 384 (1 1 0 0 0 0)
Hop 2: [251-0] 208 (0 1 1 0 1 0) -> 144 (0 1 0 0 1 0)
Hop 2: [491-0] 448 (1 1 1 0 0 0) -> 384 (1 1 0 0 0 0)
Hop 1: [140-0] 140 (0 1 0 0 0 12) -> 0 (0 0 0 0 0 0)
Hop 2: [192-0] 128 (0 1 0 0 0 0) -> 0 (0 0 0 0 0 0)
Hop 1: [381-0] 381 (1 0 1 1 1 13) -> 336 (1 0 1 0 1 0)
Hop 1: [149-0] 149 (0 1 0 0 1 5) -> 16 (0 0 0 0 1 0)
Hop 2: [337-0] 272 (1 0 0 0 1 0) -> 16 (0 0 0 0 1 0)
Hop 1: [39-0] 39 (0 0 0 1 0 7) -> 0 (0 0 0 0 0 0)
Hop 1: [76-0] 76 (0 0 1 0 0 12) -> 0 (0 0 0 0 0 0)
Hop 2: [176-0] 144 (0 1 0 0 1 0) -> 16 (0 0 0 0 1 0)
Hop 1: [478-0] 478 (1 1 1 0 1 14) -> 400 (1 1 0 0 1 0)
Hop 2: [123-0] 80 (0 0 1 0 1 0) -> 16 (0 0 0 0 1 0)
Hop 3: [402-0] 16 (0 0 0 0 1 0) -> 0 (0 0 0 0 0 0)
Hop 3: [214-0] 16 (0 0 0 0 1 0) -> 0 (0 0 0 0 0 0)
Hop 3: [235-0] 128 (0 1 0 0 0 0) -> 0 (0 0 0 0 0 0)
Hop 2: [106-0] 64 (0 0 1 0 0 0) -> 0 (0 0 0 0 0 0)
Hop 2: [421-0] 384 (1 1 0 0 0 0) -> 256 (1 0 0 0 0 0)
Hop 4: [245-0] 16 (0 0 0 0 1 0) -> 0 (0 0 0 0 0 0)
Hop 2: [482-0] 448 (1 1 1 0 0 0) -> 384 (1 1 0 0 0 0)
Hop 2: [322-0] 256 (1 0 0 0 0 0) -> 0 (0 0 0 0 0 0)
Hop 2: [194-0] 128 (0 1 0 0 0 0) -> 0 (0 0 0 0 0 0)
Hop 2: [159-0] 16 (0 0 0 0 1 0) -> 0 (0 0 0 0 0 0)
Hop 3: [369-0] 272 (1 0 0 0 1 0) -> 16 (0 0 0 0 1 0)
Hop 2: [341-0] 272 (1 0 0 0 1 0) -> 16 (0 0 0 0 1 0)
Hop 1: [74-0] 74 (0 0 1 0 0 10) -> 0 (0 0 0 0 0 0)
Hop 3: [456-0] 256 (1 0 0 0 0 0) -> 0 (0 0 0 0 0 0)
Hop 1: [182-0] 182 (0 1 0 1 1 6) -> 144 (0 1 0 0 1 0)
Hop 3: [316-0] 16 (0 0 0 0 1 0) -> 0 (0 0 0 0 0 0)
Hop 1: [54-0] 54 (0 0 0 1 1 6) -> 16 (0 0 0 0 1 0)
Hop 4: [467-0] 16 (0 0 0 0 1 0) -> 0 (0 0 0 0 0 0)
Hop 1: [501-0] 501 (1 1 1 1 1 5) -> 464 (1 1 1 0 1 0)
Hop 3: [365-0] 256 (1 0 0 0 0 0) -> 0 (0 0 0 0 0 0)
Hop 3: [237-0] 128 (0 1 0 0 0 0) -> 0 (0 0 0 0 0 0)
Hop 2: [424-0] 384 (1 1 0 0 0 0) -> 256 (1 0 0 0 0 0)
Hop 4: [241-0] 16 (0 0 0 0 1 0) -> 0 (0 0 0 0 0 0)
Hop 1: [380-0] 380 (1 0 1 1 1 12) -> 336 (1 0 1 0 1 0)
Hop 2: [344-0] 272 (1 0 0 0 1 0) -> 16 (0 0 0 0 1 0)
Hop 2: [185-0] 144 (0 1 0 0 1 0) -> 16 (0 0 0 0 1 0)
Hop 3: [461-0] 256 (1 0 0 0 0 0) -> 0 (0 0 0 0 0 0)
Hop 1: [58-0] 58 (0 0 0 1 1 10) -> 16 (0 0 0 0 1 0)
Hop 2: [318-0] 272 (1 0 0 0 1 0) -> 16 (0 0 0 0 1 0)
Hop 2: [499-0] 464 (1 1 1 0 1 0) -> 400 (1 1 0 0 1 0)
Hop 3: [414-0] 16 (0 0 0 0 1 0) -> 0 (0 0 0 0 0 0)
Hop 1: [208-0] 208 (0 1 1 0 1 0) -> 144 (0 1 0 0 1 0)
Hop 1: [366-0] 366 (1 0 1 1 0 14) -> 320 (1 0 1 0 0 0)
Hop 1: [425-0] 425 (1 1 0 1 0 9) -> 384 (1 1 0 0 0 0)
Hop 1: [175-0] 175 (0 1 0 1 0 15) -> 128 (0 1 0 0 0 0)
Hop 3: [491-0] 384 (1 1 0 0 0 0) -> 256 (1 0 0 0 0 0)
Hop 2: [197-0] 128 (0 1 0 0 0 0) -> 0 (0 0 0 0 0 0)
Hop 1: [303-304] 303 (1 0 0 1 0 15) -> 304 (1 0 0 1 1 0)
Hop 2: [381-0] 336 (1 0 1 0 1 0) -> 272 (1 0 0 0 1 0)
Hop 3: [176-0] 16 (0 0 0 0 1 0) -> 0 (0 0 0 0 0 0)
Hop 2: [59-0] 16 (0 0 0 0 1 0) -> 0 (0 0 0 0 0 0)
Hop 2: [117-0] 80 (0 0 1 0 1 0) -> 16 (0 0 0 0 1 0)
Hop 1: [473-0] 473 (1 1 1 0 1 9) -> 400 (1 1 0 0 1 0)
Hop 2: [497-0] 464 (1 1 1 0 1 0) -> 400 (1 1 0 0 1 0)
Hop 1: [441-0] 441 (1 1 0 1 1 9) -> 400 (1 1 0 0 1 0)
Hop 1: [213-0] 213 (0 1 1 0 1 5) -> 144 (0 1 0 0 1 0)
Hop 1: [413-0] 413 (1 1 0 0 1 13) -> 272 (1 0 0 0 1 0)
Hop 1: [104-0] 104 (0 0 1 1 0 8) -> 64 (0 0 1 0 0 0)
Hop 1: [270-0] 270 (1 0 0 0 0 14) -> 0 (0 0 0 0 0 0)
Hop 1: [427-0] 427 (1 1 0 1 0 11) -> 384 (1 1 0 0 0 0)
Hop 2: [161-0] 128 (0 1 0 0 0 0) -> 0 (0 0 0 0 0 0)
Hop 2: [149-0] 16 (0 0 0 0 1 0) -> 0 (0 0 0 0 0 0)
Hop 3: [482-0] 384 (1 1 0 0 0 0) -> 256 (1 0 0 0 0 0)
Hop 1: [300-0] 300 (1 0 0 1 0 12) -> 256 (1 0 0 0 0 0)
Hop 1: [374-0] 374 (1 0 1 1 1 6) -> 336 (1 0 1 0 1 0)
Hop 2: [122-0] 80 (0 0 1 0 1 0) -> 16 (0 0 0 0 1 0)
Hop 3: [454-0] 256 (1 0 0 0 0 0) -> 0 (0 0 0 0 0 0)
Hop 2: [92-0] 16 (0 0 0 0 1 0) -> 0 (0 0 0 0 0 0)
Hop 1: [308-0] 308 (1 0 0 1 1 4) -> 272 (1 0 0 0 1 0)
Hop 2: [501-0] 464 (1 1 1 0 1 0) -> 400 (1 1 0 0 1 0)
Hop 4: [470-0] 16 (0 0 0 0 1 0) -> 0 (0 0 0 0 0 0)
Hop 1: [219-0] 219 (0 1 1 0 1 11) -> 144 (0 1 0 0 1 0)
Hop 2: [232-0] 192 (0 1 1 0 0 0) -> 128 (0 1 0 0 0 0)
Hop 1: [283-0] 283 (1 0 0 0 1 11) -> 16 (0 0 0 0 1 0)
Hop 2: [253-0] 208 (0 1 1 0 1 0) -> 144 (0 1 0 0 1 0)
Hop 3: [430-0] 256 (1 0 0 0 0 0) -> 0 (0 0 0 0 0 0)
Hop 1: [163-0] 163 (0 1 0 1 0 3) -> 128 (0 1 0 0 0 0)
Hop 1: [78-0] 78 (0 0 1 0 0 14) -> 0 (0 0 0 0 0 0)
Hop 2: [372-0] 336 (1 0 1 0 1 0) -> 272 (1 0 0 0 1 0)
Hop 2: [54-0] 16 (0 0 0 0 1 0) -> 0 (0 0 0 0 0 0)
Hop 3: [337-0] 16 (0 0 0 0 1 0) -> 0 (0 0 0 0 0 0)
Hop 1: [124-0] 124 (0 0 1 1 1 12) -> 80 (0 0 1 0 1 0)
Hop 1: [309-0] 309 (1 0 0 1 1 5) -> 272 (1 0 0 0 1 0)
Hop 3: [475-0] 272 (1 0 0 0 1 0) -> 16 (0 0 0 0 1 0)
Hop 2: [208-0] 144 (0 1 0 0 1 0) -> 16 (0 0 0 0 1 0)
Hop 3: [437-0] 272 (1 0 0 0 1 0) -> 16 (0 0 0 0 1 0)
Hop 1: [252-0] 252 (0 1 1 1 1 12) -> 208 (0 1 1 0 1 0)
Hop 1: [134-0] 134 (0 1 0 0 0 6) -> 0 (0 0 0 0 0 0)
Hop 2: [416-0] 384 (1 1 0 0 0 0) -> 256 (1 0 0 0 0 0)
Hop 2: [493-0] 448 (1 1 1 0 0 0) -> 384 (1 1 0 0 0 0)
Hop 1: [320-0] 320 (1 0 1 0 0 0) -> 256 (1 0 0 0 0 0)
Hop 1: [181-0] 181 (0 1 0 1 1 5) -> 144 (0 1 0 0 1 0)
Hop 3: [381-0] 272 (1 0 0 0 1 0) -> 16 (0 0 0 0 1 0)
Hop 3: [341-0] 16 (0 0 0 0 1 0) -> 0 (0 0 0 0 0 0)
Hop 3: [126-0] 16 (0 0 0 0 1 0) -> 0 (0 0 0 0 0 0)
Hop 2: [449-0] 384 (1 1 0 0 0 0) -> 256 (1 0 0 0 0 0)
Hop 1: [310-0] 310 (1 0 0 1 1 6) -> 272 (1 0 0 0 1 0)
Hop 2: [473-0] 400 (1 1 0 0 1 0) -> 272 (1 0 0 0 1 0)
Hop 3: [209-0] 16 (0 0 0 0 1 0) -> 0 (0 0 0 0 0 0)
Hop 2: [236-0] 192 (0 1 1 0 0 0) -> 128 (0 1 0 0 0 0)
Hop 1: [358-0] 358 (1 0 1 1 0 6) -> 320 (1 0 1 0 0 0)
Hop 1: [255-0] 255 (0 1 1 1 1 15) -> 208 (0 1 1 0 1 0)
Hop 1: [418-0] 418 (1 1 0 1 0 2) -> 384 (1 1 0 0 0 0)
Hop 1: [169-0] 169 (0 1 0 1 0 9) -> 128 (0 1 0 0 0 0)
Hop 4: [482-0] 256 (1 0 0 0 0 0) -> 0 (0 0 0 0 0 0)
Hop 1: [35-0] 35 (0 0 0 1 0 3) -> 0 (0 0 0 0 0 0)
Hop 2: [300-0] 256 (1 0 0 0 0 0) -> 0 (0 0 0 0 0 0)
Hop 3: [188-0] 16 (0 0 0 0 1 0) -> 0 (0 0 0 0 0 0)
Hop 2: [368-0] 336 (1 0 1 0 1 0) -> 272 (1 0 0 0 1 0)
Hop 2: [346-0] 272 (1 0 0 0 1 0) -> 16 (0 0 0 0 1 0)
Hop 3: [505-0] 400 (1 1 0 0 1 0) -> 272 (1 0 0 0 1 0)
Hop 1: [472-0] 472 (1 1 1 0 1 8) -> 400 (1 1 0 0 1 0)
Hop 2: [440-0] 400 (1 1 0 0 1 0) -> 272 (1 0 0 0 1 0)
Hop 2: [404-0] 272 (1 0 0 0 1 0) -> 16 (0 0 0 0 1 0)
Hop 1: [110-0] 110 (0 0 1 1 0 14) -> 64 (0 0 1 0 0 0)
Hop 2: [359-0] 320 (1 0 1 0 0 0) -> 256 (1 0 0 0 0 0)
Hop 2: [420-0] 384 (1 1 0 0 0 0) -> 256 (1 0 0 0 0 0)
Hop 2: [205-0] 128 (0 1 0 0 0 0) -> 0 (0 0 0 0 0 0)
Hop 2: [160-0] 128 (0 1 0 0 0 0) -> 0 (0 0 0 0 0 0)
Hop 2: [330-0] 256 (1 0 0 0 0 0) -> 0 (0 0 0 0 0 0)
Hop 1: [301-0] 301 (1 0 0 1 0 13) -> 256 (1 0 0 0 0 0)
Hop 2: [182-0] 144 (0 1 0 0 1 0) -> 16 (0 0 0 0 1 0)
Hop 2: [56-0] 16 (0 0 0 0 1 0) -> 0 (0 0 0 0 0 0)
Hop 1: [339-0] 339 (1 0 1 0 1 3) -> 272 (1 0 0 0 1 0)
Hop 1: [113-0] 113 (0 0 1 1 1 1) -> 80 (0 0 1 0 1 0)
Hop 2: [308-0] 272 (1 0 0 0 1 0) -> 16 (0 0 0 0 1 0)
Hop 4: [510-0] 272 (1 0 0 0 1 0) -> 16 (0 0 0 0 1 0)
Hop 3: [434-0] 272 (1 0 0 0 1 0) -> 16 (0 0 0 0 1 0)
Hop 1: [276-0] 276 (1 0 0 0 1 4) -> 16 (0 0 0 0 1 0)
Hop 2: [390-0] 256 (1 0 0 0 0 0) -> 0 (0 0 0 0 0 0)
Hop 3: [421-0] 256 (1 0 0 0 0 0) -> 0 (0 0 0 0 0 0)
Hop 2: [163-0] 128 (0 1 0 0 0 0) -> 0 (0 0 0 0 0 0)
Hop 3: [368-0] 272 (1 0 0 0 1 0) -> 16 (0 0 0 0 1 0)
Hop 3: [117-0] 16 (0 0 0 0 1 0) -> 0 (0 0 0 0 0 0)
Hop 1: [453-0] 453 (1 1 1 0 0 5) -> 384 (1 1 0 0 0 0)
Hop 1: [86-0] 86 (0 0 1 0 1 6) -> 16 (0 0 0 0 1 0)
Hop 3: [499-0] 400 (1 1 0 0 1 0) -> 272 (1 0 0 0 1 0)
Hop 3: [473-0] 272 (1 0 0 0 1 0) -> 16 (0 0 0 0 1 0)
Hop 3: [218-0] 16 (0 0 0 0 1 0) -> 0 (0 0 0 0 0 0)
Hop 2: [441-0] 400 (1 1 0 0 1 0) -> 272 (1 0 0 0 1 0)
Hop 2: [104-0] 64 (0 0 1 0 0 0) -> 0 (0 0 0 0 0 0)
Hop 1: [363-0] 363 (1 0 1 1 0 11) -> 320 (1 0 1 0 0 0)
Hop 2: [255-0] 208 (0 1 1 0 1 0) -> 144 (0 1 0 0 1 0)
Hop 1: [391-0] 391 (1 1 0 0 0 7) -> 256 (1 0 0 0 0 0)
Hop 2: [486-0] 448 (1 1 1 0 0 0) -> 384 (1 1 0 0 0 0)
Hop 3: [375-0] 272 (1 0 0 0 1 0) -> 16 (0 0 0 0 1 0)
Hop 2: [58-0] 16 (0 0 0 0 1 0) -> 0 (0 0 0 0 0 0)
Hop 1: [343-0] 343 (1 0 1 0 1 7) -> 272 (1 0 0 0 1 0)
Hop 2: [124-0] 80 (0 0 1 0 1 0) -> 16 (0 0 0 0 1 0)
Hop 2: [309-0] 272 (1 0 0 0 1 0) -> 16 (0 0 0 0 1 0)
Hop 3: [501-0] 400 (1 1 0 0 1 0) -> 272 (1 0 0 0 1 0)
Hop 1: [476-0] 476 (1 1 1 0 1 12) -> 400 (1 1 0 0 1 0)
Hop 3: [216-0] 16 (0 0 0 0 1 0) -> 0 (0 0 0 0 0 0)
Hop 2: [409-0] 272 (1 0 0 0 1 0) -> 16 (0 0 0 0 1 0)
Hop 1: [254-0] 254 (0 1 1 1 1 14) -> 208 (0 1 1 0 1 0)
Hop 2: [425-0] 384 (1 1 0 0 0 0) -> 256 (1 0 0 0 0 0)
Hop 1: [204-0] 204 (0 1 1 0 0 12) -> 128 (0 1 0 0 0 0)
Hop 2: [320-0] 256 (1 0 0 0 0 0) -> 0 (0 0 0 0 0 0)
Hop 4: [368-0] 16 (0 0 0 0 1 0) -> 0 (0 0 0 0 0 0)
Hop 1: [51-0] 51 (0 0 0 1 1 3) -> 16 (0 0 0 0 1 0)
Hop 1: [349-0] 349 (1 0 1 0 1 13) -> 272 (1 0 0 0 1 0)
Hop 3: [127-0] 16 (0 0 0 0 1 0) -> 0 (0 0 0 0 0 0)
Hop 3: [449-0] 256 (1 0 0 0 0 0) -> 0 (0 0 0 0 0 0)
Hop 2: [465-0] 400 (1 1 0 0 1 0) -> 272 (1 0 0 0 1 0)
Hop 1: [415-0] 415 (1 1 0 0 1 15) -> 272 (1 0 0 0 1 0)
Hop 2: [110-0] 64 (0 0 1 0 0 0) -> 0 (0 0 0 0 0 0)
Hop 2: [366-0] 320 (1 0 1 0 0 0) -> 256 (1 0 0 0 0 0)
Hop 1: [395-0] 395 (1 1 0 0 0 11) -> 256 (1 0 0 0 0 0)
Hop 2: [169-0] 128 (0 1 0 0 0 0) -> 0 (0 0 0 0 0 0)
Hop 1: [44-0] 44 (0 0 0 1 0 12) -> 0 (0 0 0 0 0 0)
Hop 1: [294-0] 294 (1 0 0 1 0 6) -> 256 (1 0 0 0 0 0)
Hop 1: [348-0] 348 (1 0 1 0 1 12) -> 272 (1 0 0 0 1 0)
Hop 1: [115-0] 115 (0 0 1 1 1 3) -> 80 (0 0 1 0 1 0)
Hop 3: [462-0] 256 (1 0 0 0 0 0) -> 0 (0 0 0 0 0 0)
Hop 4: [499-0] 272 (1 0 0 0 1 0) -> 16 (0 0 0 0 1 0)
Hop 1: [432-0] 432 (1 1 0 1 1 0) -> 400 (1 1 0 0 1 0)
Hop 1: [238-0] 238 (0 1 1 1 0 14) -> 192 (0 1 1 0 0 0)
Hop 1: [272-0] 272 (1 0 0 0 1 0) -> 16 (0 0 0 0 1 0)
Hop 3: [428-0] 256 (1 0 0 0 0 0) -> 0 (0 0 0 0 0 0)
Hop 1: [162-0] 162 (0 1 0 1 0 2) -> 128 (0 1 0 0 0 0)
Hop 2: [489-0] 448 (1 1 1 0 0 0) -> 384 (1 1 0 0 0 0)
Hop 3: [185-0] 16 (0 0 0 0 1 0) -> 0 (0 0 0 0 0 0)
Hop 2: [373-0] 336 (1 0 1 0 1 0) -> 272 (1 0 0 0 1 0)
Hop 3: [350-0] 16 (0 0 0 0 1 0) -> 0 (0 0 0 0 0 0)
Hop 3: [451-0] 256 (1 0 0 0 0 0) -> 0 (0 0 0 0 0 0)
Hop 2: [86-0] 16 (0 0 0 0 1 0) -> 0 (0 0 0 0 0 0)
Hop 3: [318-0] 16 (0 0 0 0 1 0) -> 0 (0 0 0 0 0 0)
Hop 4: [500-0] 272 (1 0 0 0 1 0) -> 16 (0 0 0 0 1 0)
Hop 4: [475-0] 16 (0 0 0 0 1 0) -> 0 (0 0 0 0 0 0)
Hop 1: [221-0] 221 (0 1 1 0 1 13) -> 144 (0 1 0 0 1 0)
Hop 4: [434-0] 16 (0 0 0 0 1 0) -> 0 (0 0 0 0 0 0)
Hop 2: [225-0] 192 (0 1 1 0 0 0) -> 128 (0 1 0 0 0 0)
Hop 3: [359-0] 256 (1 0 0 0 0 0) -> 0 (0 0 0 0 0 0)
Hop 3: [416-0] 256 (1 0 0 0 0 0) -> 0 (0 0 0 0 0 0)
Hop 1: [164-0] 164 (0 1 0 1 0 4) -> 128 (0 1 0 0 0 0)
Hop 4: [491-0] 256 (1 0 0 0 0 0) -> 0 (0 0 0 0 0 0)
Hop 2: [301-0] 256 (1 0 0 0 0 0) -> 0 (0 0 0 0 0 0)
Hop 3: [182-0] 16 (0 0 0 0 1 0) -> 0 (0 0 0 0 0 0)
Hop 2: [374-0] 336 (1 0 1 0 1 0) -> 272 (1 0 0 0 1 0)
Hop 2: [349-0] 272 (1 0 0 0 1 0) -> 16 (0 0 0 0 1 0)
Hop 2: [115-0] 80 (0 0 1 0 1 0) -> 16 (0 0 0 0 1 0)
Hop 1: [307-0] 307 (1 0 0 1 1 3) -> 272 (1 0 0 0 1 0)
Hop 3: [497-0] 400 (1 1 0 0 1 0) -> 272 (1 0 0 0 1 0)
Hop 2: [476-0] 400 (1 1 0 0 1 0) -> 272 (1 0 0 0 1 0)
Hop 2: [435-0] 400 (1 1 0 0 1 0) -> 272 (1 0 0 0 1 0)
Hop 1: [234-0] 234 (0 1 1 1 0 10) -> 192 (0 1 1 0 0 0)
Hop 1: [412-0] 412 (1 1 0 0 1 12) -> 272 (1 0 0 0 1 0)
Hop 3: [255-0] 144 (0 1 0 0 1 0) -> 16 (0 0 0 0 1 0)
Hop 1: [265-0] 265 (1 0 0 0 0 9) -> 0 (0 0 0 0 0 0)
Hop 2: [391-0] 256 (1 0 0 0 0 0) -> 0 (0 0 0 0 0 0)
Hop 1: [145-0] 145 (0 1 0 0 1 1) -> 16 (0 0 0 0 1 0)
Hop 1: [302-0] 302 (1 0 0 1 0 14) -> 256 (1 0 0 0 0 0)
Hop 1: [183-0] 183 (0 1 0 1 1 7) -> 144 (0 1 0 0 1 0)
Hop 3: [124-0] 16 (0 0 0 0 1 0) -> 0 (0 0 0 0 0 0)
Hop 1: [89-0] 89 (0 0 1 0 1 9) -> 16 (0 0 0 0 1 0)
Hop 3: [309-0] 16 (0 0 0 0 1 0) -> 0 (0 0 0 0 0 0)
Hop 1: [511-0] 511 (1 1 1 1 1 15) -> 464 (1 1 1 0 1 0)
Hop 3: [465-0] 272 (1 0 0 0 1 0) -> 16 (0 0 0 0 1 0)
Hop 3: [441-0] 272 (1 0 0 0 1 0) -> 16 (0 0 0 0 1 0)
Hop 2: [238-0] 192 (0 1 1 0 0 0) -> 128 (0 1 0 0 0 0)
Hop 2: [413-0] 272 (1 0 0 0 1 0) -> 16 (0 0 0 0 1 0)
Hop 2: [358-0] 320 (1 0 1 0 0 0) -> 256 (1 0 0 0 0 0)
Hop 2: [272-0] 16 (0 0 0 0 1 0) -> 0 (0 0 0 0 0 0)
Hop 1: [138-0] 138 (0 1 0 0 0 10) -> 0 (0 0 0 0 0 0)
Hop 1: [480-0] 480 (1 1 1 1 0 0) -> 448 (1 1 1 0 0 0)
Hop 1: [66-0] 66 (0 0 1 0 0 2) -> 0 (0 0 0 0 0 0)
Hop 1: [383-0] 383 (1 0 1 1 1 15) -> 336 (1 0 1 0 1 0)
Hop 1: [450-0] 450 (1 1 1 0 0 2) -> 384 (1 1 0 0 0 0)
Hop 2: [432-0] 400 (1 1 0 0 1 0) -> 272 (1 0 0 0 1 0)
Hop 1: [401-0] 401 (1 1 0 0 1 1) -> 272 (1 0 0 0 1 0)
Hop 1: [249-0] 249 (0 1 1 1 1 9) -> 208 (0 1 1 0 1 0)
Hop 3: [424-0] 256 (1 0 0 0 0 0) -> 0 (0 0 0 0 0 0)
Hop 2: [204-0] 128 (0 1 0 0 0 0) -> 0 (0 0 0 0 0 0)
Hop 2: [145-0] 16 (0 0 0 0 1 0) -> 0 (0 0 0 0 0 0)
Hop 1: [41-0] 41 (0 0 0 1 0 9) -> 0 (0 0 0 0 0 0)
Hop 1: [299-0] 299 (1 0 0 1 0 11) -> 256 (1 0 0 0 0 0)
Hop 1: [371-0] 371 (1 0 1 1 1 3) -> 336 (1 0 1 0 1 0)
Hop 3: [344-0] 16 (0 0 0 0 1 0) -> 0 (0 0 0 0 0 0)
Hop 1: [118-0] 118 (0 0 1 1 1 6) -> 80 (0 0 1 0 1 0)
Hop 2: [310-0] 272 (1 0 0 0 1 0) -> 16 (0 0 0 0 1 0)
Hop 2: [221-0] 144 (0 1 0 0 1 0) -> 16 (0 0 0 0 1 0)
Hop 3: [232-0] 128 (0 1 0 0 0 0) -> 0 (0 0 0 0 0 0)
Hop 3: [364-0] 256 (1 0 0 0 0 0) -> 0 (0 0 0 0 0 0)
Hop 1: [274-0] 274 (1 0 0 0 1 2) -> 16 (0 0 0 0 1 0)
Hop 3: [253-0] 144 (0 1 0 0 1 0) -> 16 (0 0 0 0 1 0)
Hop 2: [395-0] 256 (1 0 0 0 0 0) -> 0 (0 0 0 0 0 0)
Hop 1: [143-144] 143 (0 1 0 0 0 15) -> 144 (0 1 0 0 1 0)
Hop 2: [480-0] 448 (1 1 1 0 0 0) -> 384 (1 1 0 0 0 0)
Hop 1: [328-0] 328 (1 0 1 0 0 8) -> 256 (1 0 0 0 0 0)
Hop 2: [302-0] 256 (1 0 0 0 0 0) -> 0 (0 0 0 0 0 0)
Hop 2: [63-0] 16 (0 0 0 0 1 0) -> 0 (0 0 0 0 0 0)
Hop 2: [339-0] 272 (1 0 0 0 1 0) -> 16 (0 0 0 0 1 0)
Hop 2: [89-0] 16 (0 0 0 0 1 0) -> 0 (0 0 0 0 0 0)
Hop 1: [319-0] 319 (1 0 0 1 1 15) -> 272 (1 0 0 0 1 0)
Hop 3: [509-0] 400 (1 1 0 0 1 0) -> 272 (1 0 0 0 1 0)
Hop 2: [478-0] 400 (1 1 0 0 1 0) -> 272 (1 0 0 0 1 0)
Hop 1: [97-0] 97 (0 0 1 1 0 1) -> 64 (0 0 1 0 0 0)
Hop 2: [276-0] 16 (0 0 0 0 1 0) -> 0 (0 0 0 0 0 0)
Hop 1: [247-0] 247 (0 1 1 1 1 7) -> 208 (0 1 1 0 1 0)
Hop 3: [486-0] 384 (1 1 0 0 0 0) -> 256 (1 0 0 0 0 0)
Hop 1: [329-0] 329 (1 0 1 0 0 9) -> 256 (1 0 0 0 0 0)
Hop 3: [373-0] 272 (1 0 0 0 1 0) -> 16 (0 0 0 0 1 0)
Hop 2: [120-0] 80 (0 0 1 0 1 0) -> 16 (0 0 0 0 1 0)
Hop 2: [448-0] 384 (1 1 0 0 0 0) -> 256 (1 0 0 0 0 0)
Hop 1: [95-0] 95 (0 0 1 0 1 15) -> 16 (0 0 0 0 1 0)
Hop 2: [305-0] 272 (1 0 0 0 1 0) -> 16 (0 0 0 0 1 0)
Hop 4: [501-0] 272 (1 0 0 0 1 0) -> 16 (0 0 0 0 1 0)
Hop 1: [468-0] 468 (1 1 1 0 1 4) -> 400 (1 1 0 0 1 0)
Hop 3: [221-0] 16 (0 0 0 0 1 0) -> 0 (0 0 0 0 0 0)
Hop 4: [441-0] 16 (0 0 0 0 1 0) -> 0 (0 0 0 0 0 0)
Hop 3: [239-0] 128 (0 1 0 0 0 0) -> 0 (0 0 0 0 0 0)
Hop 3: [409-0] 16 (0 0 0 0 1 0) -> 0 (0 0 0 0 0 0)
Hop 3: [355-0] 256 (1 0 0 0 0 0) -> 0 (0 0 0 0 0 0)
Hop 2: [254-0] 208 (0 1 1 0 1 0) -> 144 (0 1 0 0 1 0)
Hop 1: [131-0] 131 (0 1 0 0 0 3) -> 0 (0 0 0 0 0 0)
Hop 2: [427-0] 384 (1 1 0 0 0 0) -> 256 (1 0 0 0 0 0)
Hop 1: [151-0] 151 (0 1 0 0 1 7) -> 16 (0 0 0 0 1 0)
Hop 3: [487-0] 384 (1 1 0 0 0 0) -> 256 (1 0 0 0 0 0)
Hop 1: [43-0] 43 (0 0 0 1 0 11) -> 0 (0 0 0 0 0 0)
Hop 1: [71-0] 71 (0 0 1 0 0 7) -> 0 (0 0 0 0 0 0)
Hop 2: [187-0] 144 (0 1 0 0 1 0) -> 16 (0 0 0 0 1 0)
Hop 3: [346-0] 16 (0 0 0 0 1 0) -> 0 (0 0 0 0 0 0)
Hop 1: [80-0] 80 (0 0 1 0 1 0) -> 16 (0 0 0 0 1 0)
Hop 4: [477-0] 16 (0 0 0 0 1 0) -> 0 (0 0 0 0 0 0)
Hop 3: [210-0] 16 (0 0 0 0 1 0) -> 0 (0 0 0 0 0 0)
Hop 3: [358-0] 256 (1 0 0 0 0 0) -> 0 (0 0 0 0 0 0)
Hop 2: [250-0] 208 (0 1 1 0 1 0) -> 144 (0 1 0 0 1 0)
Hop 1: [142-0] 142 (0 1 0 0 0 14) -> 0 (0 0 0 0 0 0)
Hop 1: [431-0] 431 (1 1 0 1 0 15) -> 384 (1 1 0 0 0 0)
Hop 1: [179-0] 179 (0 1 0 1 1 3) -> 144 (0 1 0 0 1 0)
Hop 1: [378-0] 378 (1 0 1 1 1 10) -> 336 (1 0 1 0 1 0)
Hop 2: [51-0] 16 (0 0 0 0 1 0) -> 0 (0 0 0 0 0 0)
Hop 3: [349-0] 16 (0 0 0 0 1 0) -> 0 (0 0 0 0 0 0)
Hop 3: [123-0] 16 (0 0 0 0 1 0) -> 0 (0 0 0 0 0 0)
Hop 2: [450-0] 384 (1 1 0 0 0 0) -> 256 (1 0 0 0 0 0)
Hop 3: [310-0] 16 (0 0 0 0 1 0) -> 0 (0 0 0 0 0 0)
Hop 4: [505-0] 272 (1 0 0 0 1 0) -> 16 (0 0 0 0 1 0)
Hop 2: [401-0] 272 (1 0 0 0 1 0) -> 16 (0 0 0 0 1 0)
Hop 2: [274-0] 16 (0 0 0 0 1 0) -> 0 (0 0 0 0 0 0)
Hop 4: [255-0] 16 (0 0 0 0 1 0) -> 0 (0 0 0 0 0 0)
Hop 2: [164-0] 128 (0 1 0 0 0 0) -> 0 (0 0 0 0 0 0)
Hop 3: [480-0] 384 (1 1 0 0 0 0) -> 256 (1 0 0 0 0 0)
Hop 2: [328-0] 256 (1 0 0 0 0 0) -> 0 (0 0 0 0 0 0)
Hop 2: [299-0] 256 (1 0 0 0 0 0) -> 0 (0 0 0 0 0 0)
Hop 2: [181-0] 144 (0 1 0 0 1 0) -> 16 (0 0 0 0 1 0)
Hop 4: [373-0] 16 (0 0 0 0 1 0) -> 0 (0 0 0 0 0 0)
Hop 3: [452-0] 256 (1 0 0 0 0 0) -> 0 (0 0 0 0 0 0)
Hop 1: [87-0] 87 (0 0 1 0 1 7) -> 16 (0 0 0 0 1 0)
Hop 4: [497-0] 272 (1 0 0 0 1 0) -> 16 (0 0 0 0 1 0)
Hop 1: [464-0] 464 (1 1 1 0 1 0) -> 400 (1 1 0 0 1 0)
Hop 1: [447-0] 447 (1 1 0 1 1 15) -> 400 (1 1 0 0 1 0)
Hop 2: [234-0] 192 (0 1 1 0 0 0) -> 128 (0 1 0 0 0 0)
Hop 2: [108-0] 64 (0 0 1 0 0 0) -> 0 (0 0 0 0 0 0)
Hop 3: [366-0] 256 (1 0 0 0 0 0) -> 0 (0 0 0 0 0 0)
Hop 2: [170-0] 128 (0 1 0 0 0 0) -> 0 (0 0 0 0 0 0)
Hop 1: [72-0] 72 (0 0 1 0 0 8) -> 0 (0 0 0 0 0 0)
Hop 2: [378-0] 336 (1 0 1 0 1 0) -> 272 (1 0 0 0 1 0)
Hop 3: [340-0] 16 (0 0 0 0 1 0) -> 0 (0 0 0 0 0 0)
Hop 1: [508-0] 508 (1 1 1 1 1 12) -> 464 (1 1 1 0 1 0)
Hop 3: [432-0] 272 (1 0 0 0 1 0) -> 16 (0 0 0 0 1 0)
Hop 1: [406-0] 406 (1 1 0 0 1 6) -> 272 (1 0 0 0 1 0)
Hop 1: [111-112] 111 (0 0 1 1 0 15) -> 112 (0 0 1 1 1 0)
Hop 3: [254-0] 144 (0 1 0 0 1 0) -> 16 (0 0 0 0 1 0)
Hop 3: [425-0] 256 (1 0 0 0 0 0) -> 0 (0 0 0 0 0 0)
Hop 4: [487-0] 256 (1 0 0 0 0 0) -> 0 (0 0 0 0 0 0)
Hop 2: [294-0] 256 (1 0 0 0 0 0) -> 0 (0 0 0 0 0 0)
Hop 3: [187-0] 16 (0 0 0 0 1 0) -> 0 (0 0 0 0 0 0)
Hop 2: [380-0] 336 (1 0 1 0 1 0) -> 272 (1 0 0 0 1 0)
Hop 2: [118-0] 80 (0 0 1 0 1 0) -> 16 (0 0 0 0 1 0)
Hop 3: [448-0] 256 (1 0 0 0 0 0) -> 0 (0 0 0 0 0 0)
Hop 2: [80-0] 16 (0 0 0 0 1 0) -> 0 (0 0 0 0 0 0)
Hop 1: [317-0] 317 (1 0 0 1 1 13) -> 272 (1 0 0 0 1 0)
Hop 5: [501-0] 16 (0 0 0 0 1 0) -> 0 (0 0 0 0 0 0)
Hop 4: [437-0] 16 (0 0 0 0 1 0) -> 0 (0 0 0 0 0 0)
Hop 1: [227-0] 227 (0 1 1 1 0 3) -> 192 (0 1 1 0 0 0)
Hop 3: [404-0] 16 (0 0 0 0 1 0) -> 0 (0 0 0 0 0 0)
Hop 1: [353-0] 353 (1 0 1 1 0 1) -> 320 (1 0 1 0 0 0)
Hop 1: [23-0] 23 (0 0 0 0 1 7) -> 0 (0 0 0 0 0 0)
Hop 3: [427-0] 256 (1 0 0 0 0 0) -> 0 (0 0 0 0 0 0)
Hop 3: [181-0] 16 (0 0 0 0 1 0) -> 0 (0 0 0 0 0 0)
Hop 1: [83-0] 83 (0 0 1 0 1 3) -> 16 (0 0 0 0 1 0)
Hop 5: [505-0] 16 (0 0 0 0 1 0) -> 0 (0 0 0 0 0 0)
Hop 2: [307-0] 272 (1 0 0 0 1 0) -> 16 (0 0 0 0 1 0)
Hop 1: [31-0] 31 (0 0 0 0 1 15) -> 0 (0 0 0 0 0 0)
Hop 3: [250-0] 144 (0 1 0 0 1 0) -> 16 (0 0 0 0 1 0)
Hop 1: [446-0] 446 (1 1 0 1 1 14) -> 400 (1 1 0 0 1 0)
Hop 2: [412-0] 272 (1 0 0 0 1 0) -> 16 (0 0 0 0 1 0)
Hop 2: [283-0] 16 (0 0 0 0 1 0) -> 0 (0 0 0 0 0 0)
Hop 1: [397-0] 397 (1 1 0 0 0 13) -> 256 (1 0 0 0 0 0)
Hop 4: [509-0] 272 (1 0 0 0 1 0) -> 16 (0 0 0 0 1 0)
Hop 2: [371-0] 336 (1 0 1 0 1 0) -> 272 (1 0 0 0 1 0)
Hop 2: [348-0] 272 (1 0 0 0 1 0) -> 16 (0 0 0 0 1 0)
Hop 1: [34-0] 34 (0 0 0 1 0 2) -> 0 (0 0 0 0 0 0)
Hop 1: [286-0] 286 (1 0 0 0 1 14) -> 16 (0 0 0 0 1 0)
Hop 5: [510-0] 16 (0 0 0 0 1 0) -> 0 (0 0 0 0 0 0)
Hop 2: [213-0] 144 (0 1 0 0 1 0) -> 16 (0 0 0 0 1 0)
Hop 3: [225-0] 128 (0 1 0 0 0 0) -> 0 (0 0 0 0 0 0)
Hop 3: [374-0] 272 (1 0 0 0 1 0) -> 16 (0 0 0 0 1 0)
Hop 2: [247-0] 208 (0 1 1 0 1 0) -> 144 (0 1 0 0 1 0)
Hop 1: [463-0] 463 (1 1 1 0 0 15) -> 384 (1 1 0 0 0 0)
Hop 2: [201-0] 128 (0 1 0 0 0 0) -> 0 (0 0 0 0 0 0)
Hop 2: [179-0] 144 (0 1 0 0 1 0) -> 16 (0 0 0 0 1 0)
Hop 1: [259-0] 259 (1 0 0 0 0 3) -> 0 (0 0 0 0 0 0)
Hop 3: [120-0] 16 (0 0 0 0 1 0) -> 0 (0 0 0 0 0 0)
Hop 2: [384-0] 256 (1 0 0 0 0 0) -> 0 (0 0 0 0 0 0)
Hop 5: [500-0] 16 (0 0 0 0 1 0) -> 0 (0 0 0 0 0 0)
Hop 2: [219-0] 144 (0 1 0 0 1 0) -> 16 (0 0 0 0 1 0)
Hop 3: [236-0] 128 (0 1 0 0 0 0) -> 0 (0 0 0 0 0 0)
Hop 3: [489-0] 384 (1 1 0 0 0 0) -> 256 (1 0 0 0 0 0)
Hop 1: [107-0] 107 (0 0 1 1 0 11) -> 64 (0 0 1 0 0 0)
Hop 1: [332-0] 332 (1 0 1 0 0 12) -> 256 (1 0 0 0 0 0)
Hop 4: [250-0] 16 (0 0 0 0 1 0) -> 0 (0 0 0 0 0 0)
Hop 3: [380-0] 272 (1 0 0 0 1 0) -> 16 (0 0 0 0 1 0)
Hop 1: [153-0] 153 (0 1 0 0 1 9) -> 16 (0 0 0 0 1 0)
Hop 2: [468-0] 400 (1 1 0 0 1 0) -> 272 (1 0 0 0 1 0)
Hop 2: [353-0] 320 (1 0 1 0 0 0) -> 256 (1 0 0 0 0 0)
Hop 1: [287-0] 287 (1 0 0 0 1 15) -> 16 (0 0 0 0 1 0)
Hop 2: [97-0] 64 (0 0 1 0 0 0) -> 0 (0 0 0 0 0 0)
Hop 2: [418-0] 384 (1 1 0 0 0 0) -> 256 (1 0 0 0 0 0)
Hop 2: [168-0] 128 (0 1 0 0 0 0) -> 0 (0 0 0 0 0 0)
Hop 3: [247-0] 144 (0 1 0 0 1 0) -> 16 (0 0 0 0 1 0)
Hop 3: [371-0] 272 (1 0 0 0 1 0) -> 16 (0 0 0 0 1 0)
Hop 2: [455-0] 384 (1 1 0 0 0 0) -> 256 (1 0 0 0 0 0)
Hop 1: [68-0] 68 (0 0 1 0 0 4) -> 0 (0 0 0 0 0 0)
Hop 2: [317-0] 272 (1 0 0 0 1 0) -> 16 (0 0 0 0 1 0)
Hop 1: [189-0] 189 (0 1 0 1 1 13) -> 144 (0 1 0 0 1 0)
Hop 1: [445-0] 445 (1 1 0 1 1 13) -> 400 (1 1 0 0 1 0)
Hop 1: [125-0] 125 (0 0 1 1 1 13) -> 80 (0 0 1 0 1 0)
Hop 2: [95-0] 16 (0 0 0 0 1 0) -> 0 (0 0 0 0 0 0)
Hop 5: [509-0] 16 (0 0 0 0 1 0) -> 0 (0 0 0 0 0 0)
Hop 2: [162-0] 128 (0 1 0 0 0 0) -> 0 (0 0 0 0 0 0)
Hop 3: [382-0] 272 (1 0 0 0 1 0) -> 16 (0 0 0 0 1 0)
Hop 1: [47-48] 47 (0 0 0 1 0 15) -> 48 (0 0 0 1 1 0)
Hop 1: [48-0] 48 (0 0 0 1 1 0) -> 16 (0 0 0 0 1 0)
Hop 1: [471-0] 471 (1 1 1 0 1 7) -> 400 (1 1 0 0 1 0)
Hop 3: [444-0] 272 (1 0 0 0 1 0) -> 16 (0 0 0 0 1 0)
Hop 3: [413-0] 16 (0 0 0 0 1 0) -> 0 (0 0 0 0 0 0)
Hop 1: [506-0] 506 (1 1 1 1 1 10) -> 464 (1 1 1 0 1 0)
Hop 3: [234-0] 128 (0 1 0 0 0 0) -> 0 (0 0 0 0 0 0)
Hop 2: [107-0] 64 (0 0 1 0 0 0) -> 0 (0 0 0 0 0 0)
Hop 4: [247-0] 16 (0 0 0 0 1 0) -> 0 (0 0 0 0 0 0)
Hop 1: [485-0] 485 (1 1 1 1 0 5) -> 448 (1 1 1 0 0 0)
Hop 2: [332-0] 256 (1 0 0 0 0 0) -> 0 (0 0 0 0 0 0)
Hop 3: [378-0] 272 (1 0 0 0 1 0) -> 16 (0 0 0 0 1 0)
Hop 2: [472-0] 400 (1 1 0 0 1 0) -> 272 (1 0 0 0 1 0)
Hop 2: [87-0] 16 (0 0 0 0 1 0) -> 0 (0 0 0 0 0 0)
Hop 3: [401-0] 16 (0 0 0 0 1 0) -> 0 (0 0 0 0 0 0)
Hop 3: [353-0] 256 (1 0 0 0 0 0) -> 0 (0 0 0 0 0 0)
Hop 1: [96-0] 96 (0 0 1 1 0 0) -> 64 (0 0 1 0 0 0)
Hop 1: [263-0] 263 (1 0 0 0 0 7) -> 0 (0 0 0 0 0 0)
Hop 4: [253-0] 16 (0 0 0 0 1 0) -> 0 (0 0 0 0 0 0)
Hop 2: [463-0] 384 (1 1 0 0 0 0) -> 256 (1 0 0 0 0 0)
Hop 1: [479-0] 479 (1 1 1 0 1 15) -> 400 (1 1 0 0 1 0)
Hop 2: [508-0] 464 (1 1 1 0 1 0) -> 400 (1 1 0 0 1 0)
Hop 2: [445-0] 400 (1 1 0 0 1 0) -> 272 (1 0 0 0 1 0)
Hop 2: [406-0] 272 (1 0 0 0 1 0) -> 16 (0 0 0 0 1 0)
Hop 2: [287-0] 16 (0 0 0 0 1 0) -> 0 (0 0 0 0 0 0)
Hop 2: [242-0] 208 (0 1 1 0 1 0) -> 144 (0 1 0 0 1 0)
Hop 1: [206-0] 206 (0 1 1 0 0 14) -> 128 (0 1 0 0 0 0)
Hop 1: [157-0] 157 (0 1 0 0 1 13) -> 16 (0 0 0 0 1 0)
Hop 4: [371-0] 16 (0 0 0 0 1 0) -> 0 (0 0 0 0 0 0)
Hop 2: [57-0] 16 (0 0 0 0 1 0) -> 0 (0 0 0 0 0 0)
Hop 2: [471-0] 400 (1 1 0 0 1 0) -> 272 (1 0 0 0 1 0)
Hop 2: [96-0] 64 (0 0 1 0 0 0) -> 0 (0 0 0 0 0 0)
Hop 1: [280-0] 280 (1 0 0 0 1 8) -> 16 (0 0 0 0 1 0)
Hop 1: [15-16] 15 (0 0 0 0 0 15) -> 16 (0 0 0 0 1 0)
Hop 2: [153-0] 16 (0 0 0 0 1 0) -> 0 (0 0 0 0 0 0)
Hop 2: [485-0] 448 (1 1 1 0 0 0) -> 384 (1 1 0 0 0 0)
Hop 2: [295-0] 256 (1 0 0 0 0 0) -> 0 (0 0 0 0 0 0)
Hop 4: [378-0] 16 (0 0 0 0 1 0) -> 0 (0 0 0 0 0 0)
Hop 3: [118-0] 16 (0 0 0 0 1 0) -> 0 (0 0 0 0 0 0)
Hop 1: [338-0] 338 (1 0 1 0 1 2) -> 272 (1 0 0 0 1 0)
Hop 2: [511-0] 464 (1 1 1 0 1 0) -> 400 (1 1 0 0 1 0)
Hop 1: [304-0] 304 (1 0 0 1 1 0) -> 272 (1 0 0 0 1 0)
Hop 1: [223-0] 223 (0 1 1 0 1 15) -> 144 (0 1 0 0 1 0)
Hop 3: [468-0] 272 (1 0 0 0 1 0) -> 16 (0 0 0 0 1 0)
Hop 2: [446-0] 400 (1 1 0 0 1 0) -> 272 (1 0 0 0 1 0)
Hop 2: [400-0] 272 (1 0 0 0 1 0) -> 16 (0 0 0 0 1 0)
Hop 1: [361-0] 361 (1 0 1 1 0 9) -> 320 (1 0 1 0 0 0)
Hop 3: [251-0] 144 (0 1 0 0 1 0) -> 16 (0 0 0 0 1 0)
Hop 2: [397-0] 256 (1 0 0 0 0 0) -> 0 (0 0 0 0 0 0)
Hop 1: [158-0] 158 (0 1 0 0 1 14) -> 16 (0 0 0 0 1 0)
Hop 3: [115-0] 16 (0 0 0 0 1 0) -> 0 (0 0 0 0 0 0)
Hop 4: [369-0] 16 (0 0 0 0 1 0) -> 0 (0 0 0 0 0 0)
Hop 1: [460-0] 460 (1 1 1 0 0 12) -> 384 (1 1 0 0 0 0)
Hop 3: [307-0] 16 (0 0 0 0 1 0) -> 0 (0 0 0 0 0 0)
Hop 4: [465-0] 16 (0 0 0 0 1 0) -> 0 (0 0 0 0 0 0)
Hop 1: [31-32] 31 (0 0 0 0 1 15) -> 48 (0 0 0 1 1 0)
Hop 4: [432-0] 16 (0 0 0 0 1 0) -> 0 (0 0 0 0 0 0)
Hop 4: [240-0] 16 (0 0 0 0 1 0) -> 0 (0 0 0 0 0 0)
Hop 2: [157-0] 16 (0 0 0 0 1 0) -> 0 (0 0 0 0 0 0)
Hop 3: [493-0] 384 (1 1 0 0 0 0) -> 256 (1 0 0 0 0 0)
Hop 1: [296-0] 296 (1 0 0 1 0 8) -> 256 (1 0 0 0 0 0)
Hop 2: [249-0] 208 (0 1 1 0 1 0) -> 144 (0 1 0 0 1 0)
Hop 1: [352-0] 352 (1 0 1 1 0 0) -> 320 (1 0 1 0 0 0)
Hop 1: [394-0] 394 (1 1 0 0 0 10) -> 256 (1 0 0 0 0 0)
Hop 2: [189-0] 144 (0 1 0 0 1 0) -> 16 (0 0 0 0 1 0)
Hop 1: [290-0] 290 (1 0 0 1 0 2) -> 256 (1 0 0 0 0 0)
Hop 1: [217-0] 217 (0 1 1 0 1 9) -> 144 (0 1 0 0 1 0)
Hop 4: [380-0] 16 (0 0 0 0 1 0) -> 0 (0 0 0 0 0 0)
Hop 1: [29-0] 29 (0 0 0 0 1 13) -> 0 (0 0 0 0 0 0)
Hop 3: [478-0] 272 (1 0 0 0 1 0) -> 16 (0 0 0 0 1 0)
Hop 2: [206-0] 128 (0 1 0 0 0 0) -> 0 (0 0 0 0 0 0)
Hop 1: [60-0] 60 (0 0 0 1 1 12) -> 16 (0 0 0 0 1 0)
Hop 4: [493-0] 256 (1 0 0 0 0 0) -> 0 (0 0 0 0 0 0)
Hop 2: [506-0] 464 (1 1 1 0 1 0) -> 400 (1 1 0 0 1 0)
Hop 4: [382-0] 16 (0 0 0 0 1 0) -> 0 (0 0 0 0 0 0)
Hop 2: [31-32] 48 (0 0 0 1 1 0) -> 32 (0 0 0 1 0 0)
Hop 3: [242-0] 144 (0 1 0 0 1 0) -> 16 (0 0 0 0 1 0)
Hop 2: [479-0] 400 (1 1 0 0 1 0) -> 272 (1 0 0 0 1 0)
Hop 2: [158-0] 16 (0 0 0 0 1 0) -> 0 (0 0 0 0 0 0)
Hop 2: [361-0] 320 (1 0 1 0 0 0) -> 256 (1 0 0 0 0 0)
Hop 3: [189-0] 16 (0 0 0 0 1 0) -> 0 (0 0 0 0 0 0)
Hop 1: [93-0] 93 (0 0 1 0 1 13) -> 16 (0 0 0 0 1 0)
Hop 3: [485-0] 384 (1 1 0 0 0 0) -> 256 (1 0 0 0 0 0)
Hop 3: [511-0] 400 (1 1 0 0 1 0) -> 272 (1 0 0 0 1 0)
Hop 2: [223-0] 144 (0 1 0 0 1 0) -> 16 (0 0 0 0 1 0)
Hop 1: [291-0] 291 (1 0 0 1 0 3) -> 256 (1 0 0 0 0 0)
Hop 1: [233-0] 233 (0 1 1 1 0 9) -> 192 (0 1 1 0 0 0)
Hop 4: [374-0] 16 (0 0 0 0 1 0) -> 0 (0 0 0 0 0 0)
Hop 2: [458-0] 384 (1 1 0 0 0 0) -> 256 (1 0 0 0 0 0)
Hop 3: [305-0] 16 (0 0 0 0 1 0) -> 0 (0 0 0 0 0 0)
Hop 4: [468-0] 16 (0 0 0 0 1 0) -> 0 (0 0 0 0 0 0)
Hop 1: [154-0] 154 (0 1 0 0 1 10) -> 16 (0 0 0 0 1 0)
Hop 1: [191-0] 191 (0 1 0 1 1 15) -> 144 (0 1 0 0 1 0)
Hop 2: [60-0] 16 (0 0 0 0 1 0) -> 0 (0 0 0 0 0 0)
Hop 1: [490-0] 490 (1 1 1 1 0 10) -> 448 (1 1 1 0 0 0)
Hop 1: [292-0] 292 (1 0 0 1 0 4) -> 256 (1 0 0 0 0 0)
Hop 4: [251-0] 16 (0 0 0 0 1 0) -> 0 (0 0 0 0 0 0)
Hop 2: [343-0] 272 (1 0 0 0 1 0) -> 16 (0 0 0 0 1 0)
Hop 2: [453-0] 384 (1 1 0 0 0 0) -> 256 (1 0 0 0 0 0)
Hop 1: [135-0] 135 (0 1 0 0 0 7) -> 0 (0 0 0 0 0 0)
Hop 3: [471-0] 272 (1 0 0 0 1 0) -> 16 (0 0 0 0 1 0)
Hop 1: [403-0] 403 (1 1 0 0 1 3) -> 272 (1 0 0 0 1 0)
Hop 1: [275-0] 275 (1 0 0 0 1 3) -> 16 (0 0 0 0 1 0)
Hop 3: [114-0] 16 (0 0 0 0 1 0) -> 0 (0 0 0 0 0 0)
Hop 2: [83-0] 16 (0 0 0 0 1 0) -> 0 (0 0 0 0 0 0)
Hop 4: [486-0] 256 (1 0 0 0 0 0) -> 0 (0 0 0 0 0 0)
Hop 1: [334-0] 334 (1 0 1 0 0 14) -> 256 (1 0 0 0 0 0)
Hop 2: [459-0] 384 (1 1 0 0 0 0) -> 256 (1 0 0 0 0 0)
Hop 1: [198-0] 198 (0 1 1 0 0 6) -> 128 (0 1 0 0 0 0)
Hop 1: [315-0] 315 (1 0 0 1 1 11) -> 272 (1 0 0 0 1 0)
Hop 3: [472-0] 272 (1 0 0 0 1 0) -> 16 (0 0 0 0 1 0)
Hop 2: [352-0] 320 (1 0 1 0 0 0) -> 256 (1 0 0 0 0 0)
Hop 2: [48-0] 16 (0 0 0 0 1 0) -> 0 (0 0 0 0 0 0)
Hop 2: [394-0] 256 (1 0 0 0 0 0) -> 0 (0 0 0 0 0 0)
Hop 3: [213-0] 16 (0 0 0 0 1 0) -> 0 (0 0 0 0 0 0)
Hop 2: [291-0] 256 (1 0 0 0 0 0) -> 0 (0 0 0 0 0 0)
Hop 2: [460-0] 384 (1 1 0 0 0 0) -> 256 (1 0 0 0 0 0)
Hop 3: [479-0] 272 (1 0 0 0 1 0) -> 16 (0 0 0 0 1 0)
Hop 1: [69-0] 69 (0 0 1 0 0 5) -> 0 (0 0 0 0 0 0)
Hop 1: [442-0] 442 (1 1 0 1 1 10) -> 400 (1 1 0 0 1 0)
Hop 3: [400-0] 16 (0 0 0 0 1 0) -> 0 (0 0 0 0 0 0)
Hop 1: [127-128] 127 (0 0 1 1 1 15) -> 80 (0 0 1 0 1 0)
Hop 1: [278-0] 278 (1 0 0 0 1 6) -> 16 (0 0 0 0 1 0)
Hop 4: [485-0] 256 (1 0 0 0 0 0) -> 0 (0 0 0 0 0 0)
Hop 2: [334-0] 256 (1 0 0 0 0 0) -> 0 (0 0 0 0 0 0)
Hop 1: [243-0] 243 (0 1 1 1 1 3) -> 208 (0 1 1 0 1 0)
Hop 2: [292-0] 256 (1 0 0 0 0 0) -> 0 (0 0 0 0 0 0)
Hop 2: [198-0] 128 (0 1 0 0 0 0) -> 0 (0 0 0 0 0 0)
Hop 3: [463-0] 256 (1 0 0 0 0 0) -> 0 (0 0 0 0 0 0)
Hop 1: [46-0] 46 (0 0 0 1 0 14) -> 0 (0 0 0 0 0 0)
Hop 3: [435-0] 272 (1 0 0 0 1 0) -> 16 (0 0 0 0 1 0)
Hop 2: [403-0] 272 (1 0 0 0 1 0) -> 16 (0 0 0 0 1 0)
Hop 3: [361-0] 256 (1 0 0 0 0 0) -> 0 (0 0 0 0 0 0)
Hop 3: [506-0] 400 (1 1 0 0 1 0) -> 272 (1 0 0 0 1 0)
Hop 3: [208-0] 16 (0 0 0 0 1 0) -> 0 (0 0 0 0 0 0)
Hop 2: [227-0] 192 (0 1 1 0 0 0) -> 128 (0 1 0 0 0 0)
Hop 1: [100-0] 100 (0 0 1 1 0 4) -> 64 (0 0 1 0 0 0)
Hop 2: [290-0] 256 (1 0 0 0 0 0) -> 0 (0 0 0 0 0 0)
Hop 2: [338-0] 272 (1 0 0 0 1 0) -> 16 (0 0 0 0 1 0)
Hop 4: [479-0] 16 (0 0 0 0 1 0) -> 0 (0 0 0 0 0 0)
Hop 2: [442-0] 400 (1 1 0 0 1 0) -> 272 (1 0 0 0 1 0)
Hop 3: [406-0] 16 (0 0 0 0 1 0) -> 0 (0 0 0 0 0 0)
Hop 2: [278-0] 16 (0 0 0 0 1 0) -> 0 (0 0 0 0 0 0)
Hop 3: [219-0] 16 (0 0 0 0 1 0) -> 0 (0 0 0 0 0 0)
Hop 1: [387-0] 387 (1 1 0 0 0 3) -> 256 (1 0 0 0 0 0)
Hop 1: [101-0] 101 (0 0 1 1 0 5) -> 64 (0 0 1 0 0 0)
Hop 3: [418-0] 256 (1 0 0 0 0 0) -> 0 (0 0 0 0 0 0)
Hop 1: [495-0] 495 (1 1 1 1 0 15) -> 448 (1 1 1 0 0 0)
Hop 2: [296-0] 256 (1 0 0 0 0 0) -> 0 (0 0 0 0 0 0)
Hop 3: [459-0] 256 (1 0 0 0 0 0) -> 0 (0 0 0 0 0 0)
Hop 2: [191-0] 144 (0 1 0 0 1 0) -> 16 (0 0 0 0 1 0)
Hop 3: [474-0] 272 (1 0 0 0 1 0) -> 16 (0 0 0 0 1 0)
Hop 4: [511-0] 272 (1 0 0 0 1 0) -> 16 (0 0 0 0 1 0)
Hop 3: [223-0] 16 (0 0 0 0 1 0) -> 0 (0 0 0 0 0 0)
Hop 1: [271-272] 271 (1 0 0 0 0 15) -> 272 (1 0 0 0 1 0)
Hop 2: [243-0] 208 (0 1 1 0 1 0) -> 144 (0 1 0 0 1 0)
Hop 1: [417-0] 417 (1 1 0 1 0 1) -> 384 (1 1 0 0 0 0)
Hop 1: [165-0] 165 (0 1 0 1 0 5) -> 128 (0 1 0 0 0 0)
Hop 2: [490-0] 448 (1 1 1 0 0 0) -> 384 (1 1 0 0 0 0)
Hop 1: [321-0] 321 (1 0 1 0 0 1) -> 256 (1 0 0 0 0 0)
Hop 3: [338-0] 16 (0 0 0 0 1 0) -> 0 (0 0 0 0 0 0)
Hop 1: [63-64] 63 (0 0 0 1 1 15) -> 16 (0 0 0 0 1 0)
Hop 2: [315-0] 272 (1 0 0 0 1 0) -> 16 (0 0 0 0 1 0)
Hop 3: [508-0] 400 (1 1 0 0 1 0) -> 272 (1 0 0 0 1 0)
Hop 3: [436-0] 272 (1 0 0 0 1 0) -> 16 (0 0 0 0 1 0)
Hop 2: [363-0] 320 (1 0 1 0 0 0) -> 256 (1 0 0 0 0 0)
Hop 1: [16-0] 16 (0 0 0 0 1 0) -> 0 (0 0 0 0 0 0)
Hop 1: [65-0] 65 (0 0 1 0 0 1) -> 0 (0 0 0 0 0 0)
Hop 3: [343-0] 16 (0 0 0 0 1 0) -> 0 (0 0 0 0 0 0)
Hop 5: [511-0] 16 (0 0 0 0 1 0) -> 0 (0 0 0 0 0 0)
Hop 2: [304-0] 272 (1 0 0 0 1 0) -> 16 (0 0 0 0 1 0)
Hop 4: [471-0] 16 (0 0 0 0 1 0) -> 0 (0 0 0 0 0 0)
Hop 3: [440-0] 272 (1 0 0 0 1 0) -> 16 (0 0 0 0 1 0)
Hop 2: [99-0] 64 (0 0 1 0 0 0) -> 0 (0 0 0 0 0 0)
Hop 3: [249-0] 144 (0 1 0 0 1 0) -> 16 (0 0 0 0 1 0)
Hop 2: [154-0] 16 (0 0 0 0 1 0) -> 0 (0 0 0 0 0 0)
Hop 1: [399-0] 399 (1 1 0 0 0 15) -> 256 (1 0 0 0 0 0)
Hop 3: [490-0] 384 (1 1 0 0 0 0) -> 256 (1 0 0 0 0 0)
Hop 1: [324-0] 324 (1 0 1 0 0 4) -> 256 (1 0 0 0 0 0)
Hop 2: [93-0] 16 (0 0 0 0 1 0) -> 0 (0 0 0 0 0 0)
Hop 2: [383-0] 336 (1 0 1 0 1 0) -> 272 (1 0 0 0 1 0)
Hop 2: [217-0] 144 (0 1 0 0 1 0) -> 16 (0 0 0 0 1 0)
Hop 3: [238-0] 128 (0 1 0 0 0 0) -> 0 (0 0 0 0 0 0)
Hop 4: [478-0] 16 (0 0 0 0 1 0) -> 0 (0 0 0 0 0 0)
Hop 3: [442-0] 272 (1 0 0 0 1 0) -> 16 (0 0 0 0 1 0)
Hop 2: [252-0] 208 (0 1 1 0 1 0) -> 144 (0 1 0 0 1 0)
Hop 3: [363-0] 256 (1 0 0 0 0 0) -> 0 (0 0 0 0 0 0)
Hop 2: [275-0] 16 (0 0 0 0 1 0) -> 0 (0 0 0 0 0 0)
Hop 2: [151-0] 16 (0 0 0 0 1 0) -> 0 (0 0 0 0 0 0)
Hop 1: [257-0] 257 (1 0 0 0 0 1) -> 0 (0 0 0 0 0 0)
Hop 2: [53-0] 16 (0 0 0 0 1 0) -> 0 (0 0 0 0 0 0)
Hop 4: [480-0] 256 (1 0 0 0 0 0) -> 0 (0 0 0 0 0 0)
Hop 2: [321-0] 256 (1 0 0 0 0 0) -> 0 (0 0 0 0 0 0)
Hop 1: [507-0] 507 (1 1 1 1 1 11) -> 464 (1 1 1 0 1 0)
Hop 2: [220-0] 144 (0 1 0 0 1 0) -> 16 (0 0 0 0 1 0)
Hop 1: [345-0] 345 (1 0 1 0 1 9) -> 272 (1 0 0 0 1 0)
Hop 4: [249-0] 16 (0 0 0 0 1 0) -> 0 (0 0 0 0 0 0)
Hop 4: [436-0] 16 (0 0 0 0 1 0) -> 0 (0 0 0 0 0 0)
Hop 2: [415-0] 272 (1 0 0 0 1 0) -> 16 (0 0 0 0 1 0)
Hop 2: [127-128] 80 (0 0 1 0 1 0) -> 16 (0 0 0 0 1 0)
Hop 2: [324-0] 256 (1 0 0 0 0 0) -> 0 (0 0 0 0 0 0)
Hop 3: [383-0] 272 (1 0 0 0 1 0) -> 16 (0 0 0 0 1 0)
Hop 3: [455-0] 256 (1 0 0 0 0 0) -> 0 (0 0 0 0 0 0)
Hop 4: [442-0] 16 (0 0 0 0 1 0) -> 0 (0 0 0 0 0 0)
Hop 3: [403-0] 16 (0 0 0 0 1 0) -> 0 (0 0 0 0 0 0)
Hop 1: [367-0] 367 (1 0 1 1 0 15) -> 320 (1 0 1 0 0 0)
Hop 1: [266-0] 266 (1 0 0 0 0 10) -> 0 (0 0 0 0 0 0)
Hop 1: [392-0] 392 (1 1 0 0 0 8) -> 256 (1 0 0 0 0 0)
Hop 4: [508-0] 272 (1 0 0 0 1 0) -> 16 (0 0 0 0 1 0)
Hop 2: [222-0] 144 (0 1 0 0 1 0) -> 16 (0 0 0 0 1 0)
Hop 2: [431-0] 384 (1 1 0 0 0 0) -> 256 (1 0 0 0 0 0)
Hop 4: [490-0] 256 (1 0 0 0 0 0) -> 0 (0 0 0 0 0 0)
Hop 1: [297-0] 297 (1 0 0 1 0 9) -> 256 (1 0 0 0 0 0)
Hop 3: [348-0] 16 (0 0 0 0 1 0) -> 0 (0 0 0 0 0 0)
Hop 3: [308-0] 16 (0 0 0 0 1 0) -> 0 (0 0 0 0 0 0)
Hop 2: [186-0] 144 (0 1 0 0 1 0) -> 16 (0 0 0 0 1 0)
Hop 4: [435-0] 16 (0 0 0 0 1 0) -> 0 (0 0 0 0 0 0)
Hop 1: [62-0] 62 (0 0 0 1 1 14) -> 16 (0 0 0 0 1 0)
Hop 3: [122-0] 16 (0 0 0 0 1 0) -> 0 (0 0 0 0 0 0)
Hop 2: [277-0] 16 (0 0 0 0 1 0) -> 0 (0 0 0 0 0 0)
Hop 1: [212-0] 212 (0 1 1 0 1 4) -> 144 (0 1 0 0 1 0)
Hop 2: [101-0] 64 (0 0 1 0 0 0) -> 0 (0 0 0 0 0 0)
Hop 1: [174-0] 174 (0 1 0 1 0 14) -> 128 (0 1 0 0 0 0)
Hop 3: [460-0] 256 (1 0 0 0 0 0) -> 0 (0 0 0 0 0 0)
Hop 2: [63-64] 16 (0 0 0 0 1 0) -> 80 (0 0 1 0 1 0)
Hop 4: [440-0] 16 (0 0 0 0 1 0) -> 0 (0 0 0 0 0 0)
Hop 1: [411-0] 411 (1 1 0 0 1 11) -> 272 (1 0 0 0 1 0)
Hop 1: [498-0] 498 (1 1 1 1 1 2) -> 464 (1 1 1 0 1 0)
Hop 3: [227-0] 128 (0 1 0 0 0 0) -> 0 (0 0 0 0 0 0)
Hop 2: [100-0] 64 (0 0 1 0 0 0) -> 0 (0 0 0 0 0 0)
Hop 3: [431-0] 256 (1 0 0 0 0 0) -> 0 (0 0 0 0 0 0)
Hop 2: [297-0] 256 (1 0 0 0 0 0) -> 0 (0 0 0 0 0 0)
Hop 4: [381-0] 16 (0 0 0 0 1 0) -> 0 (0 0 0 0 0 0)
Hop 2: [345-0] 272 (1 0 0 0 1 0) -> 16 (0 0 0 0 1 0)
Hop 2: [464-0] 400 (1 1 0 0 1 0) -> 272 (1 0 0 0 1 0)
Hop 1: [239-240] 239 (0 1 1 1 0 15) -> 240 (0 1 1 1 1 0)
Hop 3: [252-0] 144 (0 1 0 0 1 0) -> 16 (0 0 0 0 1 0)
Hop 2: [399-0] 256 (1 0 0 0 0 0) -> 0 (0 0 0 0 0 0)
Hop 1: [159-160] 159 (0 1 0 0 1 15) -> 176 (0 1 0 1 1 0)
Hop 1: [79-80] 79 (0 0 1 0 0 15) -> 80 (0 0 1 0 1 0)
Hop 3: [191-0] 16 (0 0 0 0 1 0) -> 0 (0 0 0 0 0 0)
Hop 2: [125-0] 80 (0 0 1 0 1 0) -> 16 (0 0 0 0 1 0)
Hop 2: [498-0] 464 (1 1 1 0 1 0) -> 400 (1 1 0 0 1 0)
Hop 3: [446-0] 272 (1 0 0 0 1 0) -> 16 (0 0 0 0 1 0)
Hop 2: [367-0] 320 (1 0 1 0 0 0) -> 256 (1 0 0 0 0 0)
Hop 1: [244-0] 244 (0 1 1 1 1 4) -> 208 (0 1 1 0 1 0)
Hop 1: [422-0] 422 (1 1 0 1 0 6) -> 384 (1 1 0 0 0 0)
Hop 1: [326-0] 326 (1 0 1 0 0 6) -> 256 (1 0 0 0 0 0)
Hop 3: [345-0] 16 (0 0 0 0 1 0) -> 0 (0 0 0 0 0 0)
Hop 2: [228-0] 192 (0 1 1 0 0 0) -> 128 (0 1 0 0 0 0)
Hop 4: [473-0] 16 (0 0 0 0 1 0) -> 0 (0 0 0 0 0 0)
Hop 3: [243-0] 144 (0 1 0 0 1 0) -> 16 (0 0 0 0 1 0)
Hop 1: [137-0] 137 (0 1 0 0 0 9) -> 0 (0 0 0 0 0 0)
Hop 2: [286-0] 16 (0 0 0 0 1 0) -> 0 (0 0 0 0 0 0)
Hop 2: [387-0] 256 (1 0 0 0 0 0) -> 0 (0 0 0 0 0 0)
Hop 2: [423-0] 384 (1 1 0 0 0 0) -> 256 (1 0 0 0 0 0)
Hop 2: [175-0] 128 (0 1 0 0 0 0) -> 0 (0 0 0 0 0 0)
Hop 2: [495-0] 448 (1 1 1 0 0 0) -> 384 (1 1 0 0 0 0)
Hop 3: [125-0] 16 (0 0 0 0 1 0) -> 0 (0 0 0 0 0 0)
Hop 1: [21-0] 21 (0 0 0 0 1 5) -> 0 (0 0 0 0 0 0)
Hop 2: [319-0] 272 (1 0 0 0 1 0) -> 16 (0 0 0 0 1 0)
Hop 3: [367-0] 256 (1 0 0 0 0 0) -> 0 (0 0 0 0 0 0)
Hop 1: [267-0] 267 (1 0 0 0 0 11) -> 0 (0 0 0 0 0 0)
Hop 2: [62-0] 16 (0 0 0 0 1 0) -> 0 (0 0 0 0 0 0)
Hop 3: [498-0] 400 (1 1 0 0 1 0) -> 272 (1 0 0 0 1 0)
Hop 2: [326-0] 256 (1 0 0 0 0 0) -> 0 (0 0 0 0 0 0)
Hop 3: [304-0] 16 (0 0 0 0 1 0) -> 0 (0 0 0 0 0 0)
Hop 4: [446-0] 16 (0 0 0 0 1 0) -> 0 (0 0 0 0 0 0)
Hop 1: [408-0] 408 (1 1 0 0 1 8) -> 272 (1 0 0 0 1 0)
Hop 2: [183-0] 144 (0 1 0 0 1 0) -> 16 (0 0 0 0 1 0)
Hop 2: [392-0] 256 (1 0 0 0 0 0) -> 0 (0 0 0 0 0 0)
Hop 3: [217-0] 16 (0 0 0 0 1 0) -> 0 (0 0 0 0 0 0)
Hop 1: [494-0] 494 (1 1 1 1 0 14) -> 448 (1 1 1 0 0 0)
Hop 1: [335-336] 335 (1 0 1 0 0 15) -> 336 (1 0 1 0 1 0)
Hop 3: [186-0] 16 (0 0 0 0 1 0) -> 0 (0 0 0 0 0 0)
Hop 1: [438-0] 438 (1 1 0 1 1 6) -> 400 (1 1 0 0 1 0)
Hop 3: [415-0] 16 (0 0 0 0 1 0) -> 0 (0 0 0 0 0 0)
Hop 5: [497-0] 16 (0 0 0 0 1 0) -> 0 (0 0 0 0 0 0)
Hop 2: [233-0] 192 (0 1 1 0 0 0) -> 128 (0 1 0 0 0 0)
Hop 2: [174-0] 128 (0 1 0 0 0 0) -> 0 (0 0 0 0 0 0)
Hop 4: [489-0] 256 (1 0 0 0 0 0) -> 0 (0 0 0 0 0 0)
Hop 4: [252-0] 16 (0 0 0 0 1 0) -> 0 (0 0 0 0 0 0)
Hop 3: [336-0] 16 (0 0 0 0 1 0) -> 0 (0 0 0 0 0 0)
Hop 3: [127-128] 16 (0 0 0 0 1 0) -> 144 (0 1 0 0 1 0)
Hop 2: [411-0] 272 (1 0 0 0 1 0) -> 16 (0 0 0 0 1 0)
Hop 3: [220-0] 16 (0 0 0 0 1 0) -> 0 (0 0 0 0 0 0)
Hop 3: [228-0] 128 (0 1 0 0 0 0) -> 0 (0 0 0 0 0 0)
Hop 4: [243-0] 16 (0 0 0 0 1 0) -> 0 (0 0 0 0 0 0)
Hop 1: [203-0] 203 (0 1 1 0 0 11) -> 128 (0 1 0 0 0 0)
Hop 2: [159-160] 176 (0 1 0 1 1 0) -> 160 (0 1 0 1 0 0)
Hop 3: [179-0] 16 (0 0 0 0 1 0) -> 0 (0 0 0 0 0 0)
Hop 1: [119-0] 119 (0 0 1 1 1 7) -> 80 (0 0 1 0 1 0)
Hop 3: [379-0] 272 (1 0 0 0 1 0) -> 16 (0 0 0 0 1 0)
Hop 5: [508-0] 16 (0 0 0 0 1 0) -> 0 (0 0 0 0 0 0)
Hop 3: [453-0] 256 (1 0 0 0 0 0) -> 0 (0 0 0 0 0 0)
Hop 3: [352-0] 256 (1 0 0 0 0 0) -> 0 (0 0 0 0 0 0)
Hop 3: [183-0] 16 (0 0 0 0 1 0) -> 0 (0 0 0 0 0 0)
Hop 1: [171-0] 171 (0 1 0 1 0 11) -> 128 (0 1 0 0 0 0)
Hop 2: [494-0] 448 (1 1 1 0 0 0) -> 384 (1 1 0 0 0 0)
Hop 2: [203-0] 128 (0 1 0 0 0 0) -> 0 (0 0 0 0 0 0)
Hop 4: [127-128] 144 (0 1 0 0 1 0) -> 128 (0 1 0 0 0 0)
Hop 4: [498-0] 272 (1 0 0 0 1 0) -> 16 (0 0 0 0 1 0)
Hop 1: [354-0] 354 (1 0 1 1 0 2) -> 320 (1 0 1 0 0 0)
Hop 2: [212-0] 144 (0 1 0 0 1 0) -> 16 (0 0 0 0 1 0)
Hop 4: [242-0] 16 (0 0 0 0 1 0) -> 0 (0 0 0 0 0 0)
Hop 2: [165-0] 128 (0 1 0 0 0 0) -> 0 (0 0 0 0 0 0)
Hop 3: [63-64] 80 (0 0 1 0 1 0) -> 64 (0 0 1 0 0 0)
Hop 3: [372-0] 272 (1 0 0 0 1 0) -> 16 (0 0 0 0 1 0)
Hop 2: [507-0] 464 (1 1 1 0 1 0) -> 400 (1 1 0 0 1 0)
Hop 3: [315-0] 16 (0 0 0 0 1 0) -> 0 (0 0 0 0 0 0)
Hop 1: [248-0] 248 (0 1 1 1 1 8) -> 208 (0 1 1 0 1 0)
Hop 2: [417-0] 384 (1 1 0 0 0 0) -> 256 (1 0 0 0 0 0)
Hop 2: [171-0] 128 (0 1 0 0 0 0) -> 0 (0 0 0 0 0 0)
Hop 4: [375-0] 16 (0 0 0 0 1 0) -> 0 (0 0 0 0 0 0)
Hop 1: [504-0] 504 (1 1 1 1 1 8) -> 464 (1 1 1 0 1 0)
Hop 2: [469-0] 400 (1 1 0 0 1 0) -> 272 (1 0 0 0 1 0)
Hop 2: [248-0] 208 (0 1 1 0 1 0) -> 144 (0 1 0 0 1 0)
Hop 4: [506-0] 272 (1 0 0 0 1 0) -> 16 (0 0 0 0 1 0)
Hop 3: [420-0] 256 (1 0 0 0 0 0) -> 0 (0 0 0 0 0 0)
Hop 4: [379-0] 16 (0 0 0 0 1 0) -> 0 (0 0 0 0 0 0)
Hop 1: [466-0] 466 (1 1 1 0 1 2) -> 400 (1 1 0 0 1 0)
Hop 2: [504-0] 464 (1 1 1 0 1 0) -> 400 (1 1 0 0 1 0)
Hop 3: [411-0] 16 (0 0 0 0 1 0) -> 0 (0 0 0 0 0 0)
Hop 3: [248-0] 144 (0 1 0 0 1 0) -> 16 (0 0 0 0 1 0)
Hop 1: [207-0] 207 (0 1 1 0 0 15) -> 128 (0 1 0 0 0 0)
Hop 5: [498-0] 16 (0 0 0 0 1 0) -> 0 (0 0 0 0 0 0)
Hop 3: [212-0] 16 (0 0 0 0 1 0) -> 0 (0 0 0 0 0 0)
Hop 2: [119-0] 80 (0 0 1 0 1 0) -> 16 (0 0 0 0 1 0)
Hop 3: [504-0] 400 (1 1 0 0 1 0) -> 272 (1 0 0 0 1 0)
Hop 4: [248-0] 16 (0 0 0 0 1 0) -> 0 (0 0 0 0 0 0)
Hop 2: [207-0] 128 (0 1 0 0 0 0) -> 0 (0 0 0 0 0 0)
Hop 5: [499-0] 16 (0 0 0 0 1 0) -> 0 (0 0 0 0 0 0)
Hop 2: [244-0] 208 (0 1 1 0 1 0) -> 144 (0 1 0 0 1 0)
Hop 3: [423-0] 256 (1 0 0 0 0 0) -> 0 (0 0 0 0 0 0)
Hop 3: [458-0] 256 (1 0 0 0 0 0) -> 0 (0 0 0 0 0 0)
Hop 2: [466-0] 400 (1 1 0 0 1 0) -> 272 (1 0 0 0 1 0)
Hop 1: [191-192] 191 (0 1 0 1 1 15) -> 144 (0 1 0 0 1 0)
Hop 1: [429-0] 429 (1 1 0 1 0 13) -> 384 (1 1 0 0 0 0)
Hop 2: [113-0] 80 (0 0 1 0 1 0) -> 16 (0 0 0 0 1 0)
Hop 3: [507-0] 400 (1 1 0 0 1 0) -> 272 (1 0 0 0 1 0)
Hop 3: [469-0] 272 (1 0 0 0 1 0) -> 16 (0 0 0 0 1 0)
Hop 2: [280-0] 16 (0 0 0 0 1 0) -> 0 (0 0 0 0 0 0)
Hop 2: [191-192] 144 (0 1 0 0 1 0) -> 208 (0 1 1 0 1 0)
Hop 2: [50-0] 16 (0 0 0 0 1 0) -> 0 (0 0 0 0 0 0)
Hop 3: [450-0] 256 (1 0 0 0 0 0) -> 0 (0 0 0 0 0 0)
Hop 3: [466-0] 272 (1 0 0 0 1 0) -> 16 (0 0 0 0 1 0)
Hop 1: [95-96] 95 (0 0 1 0 1 15) -> 112 (0 0 1 1 1 0)
Hop 2: [408-0] 272 (1 0 0 0 1 0) -> 16 (0 0 0 0 1 0)
Hop 1: [207-208] 207 (0 1 1 0 0 15) -> 208 (0 1 1 0 1 0)
Hop 3: [113-0] 16 (0 0 0 0 1 0) -> 0 (0 0 0 0 0 0)
Hop 2: [95-96] 112 (0 0 1 1 1 0) -> 96 (0 0 1 1 0 0)
Hop 4: [372-0] 16 (0 0 0 0 1 0) -> 0 (0 0 0 0 0 0)
Hop 1: [347-0] 347 (1 0 1 0 1 11) -> 272 (1 0 0 0 1 0)
Hop 1: [312-0] 312 (1 0 0 1 1 8) -> 272 (1 0 0 0 1 0)
Hop 1: [177-0] 177 (0 1 0 1 1 1) -> 144 (0 1 0 0 1 0)
Hop 4: [474-0] 16 (0 0 0 0 1 0) -> 0 (0 0 0 0 0 0)
Hop 1: [443-0] 443 (1 1 0 1 1 11) -> 400 (1 1 0 0 1 0)
Hop 3: [119-0] 16 (0 0 0 0 1 0) -> 0 (0 0 0 0 0 0)
Hop 4: [504-0] 272 (1 0 0 0 1 0) -> 16 (0 0 0 0 1 0)
Hop 3: [222-0] 16 (0 0 0 0 1 0) -> 0 (0 0 0 0 0 0)
Hop 1: [483-0] 483 (1 1 1 1 0 3) -> 448 (1 1 1 0 0 0)
Hop 4: [507-0] 272 (1 0 0 0 1 0) -> 16 (0 0 0 0 1 0)
Hop 3: [233-0] 128 (0 1 0 0 0 0) -> 0 (0 0 0 0 0 0)
Hop 5: [506-0] 16 (0 0 0 0 1 0) -> 0 (0 0 0 0 0 0)
Hop 1: [231-0] 231 (0 1 1 1 0 7) -> 192 (0 1 1 0 0 0)
Hop 2: [177-0] 144 (0 1 0 0 1 0) -> 16 (0 0 0 0 1 0)
Hop 3: [405-0] 16 (0 0 0 0 1 0) -> 0 (0 0 0 0 0 0)
Hop 2: [483-0] 448 (1 1 1 0 0 0) -> 384 (1 1 0 0 0 0)
Hop 2: [329-0] 256 (1 0 0 0 0 0) -> 0 (0 0 0 0 0 0)
Hop 2: [231-0] 192 (0 1 1 0 0 0) -> 128 (0 1 0 0 0 0)
Hop 3: [244-0] 144 (0 1 0 0 1 0) -> 16 (0 0 0 0 1 0)
Hop 1: [370-0] 370 (1 0 1 1 1 2) -> 336 (1 0 1 0 1 0)
Hop 3: [317-0] 16 (0 0 0 0 1 0) -> 0 (0 0 0 0 0 0)
Hop 3: [177-0] 16 (0 0 0 0 1 0) -> 0 (0 0 0 0 0 0)
Hop 1: [360-0] 360 (1 0 1 1 0 8) -> 320 (1 0 1 0 0 0)
Hop 1: [399-400] 399 (1 1 0 0 0 15) -> 400 (1 1 0 0 1 0)
Hop 3: [231-0] 128 (0 1 0 0 0 0) -> 0 (0 0 0 0 0 0)
Hop 3: [417-0] 256 (1 0 0 0 0 0) -> 0 (0 0 0 0 0 0)
Hop 3: [191-192] 208 (0 1 1 0 1 0) -> 192 (0 1 1 0 0 0)
Hop 1: [488-0] 488 (1 1 1 1 0 8) -> 448 (1 1 1 0 0 0)
Hop 1: [496-0] 496 (1 1 1 1 1 0) -> 464 (1 1 1 0 1 0)
Hop 2: [438-0] 400 (1 1 0 0 1 0) -> 272 (1 0 0 0 1 0)
Hop 5: [507-0] 16 (0 0 0 0 1 0) -> 0 (0 0 0 0 0 0)
Hop 2: [422-0] 384 (1 1 0 0 0 0) -> 256 (1 0 0 0 0 0)
Hop 3: [483-0] 384 (1 1 0 0 0 0) -> 256 (1 0 0 0 0 0)
Hop 2: [347-0] 272 (1 0 0 0 1 0) -> 16 (0 0 0 0 1 0)
Hop 1: [463-464] 463 (1 1 1 0 0 15) -> 464 (1 1 1 0 1 0)
Hop 3: [476-0] 272 (1 0 0 0 1 0) -> 16 (0 0 0 0 1 0)
Hop 3: [408-0] 16 (0 0 0 0 1 0) -> 0 (0 0 0 0 0 0)
Hop 1: [223-224] 223 (0 1 1 0 1 15) -> 240 (0 1 1 1 1 0)
Hop 2: [429-0] 384 (1 1 0 0 0 0) -> 256 (1 0 0 0 0 0)
Hop 2: [488-0] 448 (1 1 1 0 0 0) -> 384 (1 1 0 0 0 0)
Hop 2: [223-224] 240 (0 1 1 1 1 0) -> 224 (0 1 1 1 0 0)
Hop 5: [504-0] 16 (0 0 0 0 1 0) -> 0 (0 0 0 0 0 0)
Hop 4: [444-0] 16 (0 0 0 0 1 0) -> 0 (0 0 0 0 0 0)
Hop 4: [254-0] 16 (0 0 0 0 1 0) -> 0 (0 0 0 0 0 0)
Hop 4: [244-0] 16 (0 0 0 0 1 0) -> 0 (0 0 0 0 0 0)
Hop 1: [376-0] 376 (1 0 1 1 1 8) -> 336 (1 0 1 0 1 0)
Hop 3: [347-0] 16 (0 0 0 0 1 0) -> 0 (0 0 0 0 0 0)
Hop 2: [360-0] 320 (1 0 1 0 0 0) -> 256 (1 0 0 0 0 0)
Hop 2: [496-0] 464 (1 1 1 0 1 0) -> 400 (1 1 0 0 1 0)
Hop 1: [287-288] 287 (1 0 0 0 1 15) -> 304 (1 0 0 1 1 0)
Hop 1: [255-256] 255 (0 1 1 1 1 15) -> 208 (0 1 1 0 1 0)
Hop 3: [422-0] 256 (1 0 0 0 0 0) -> 0 (0 0 0 0 0 0)
Hop 2: [255-256] 208 (0 1 1 0 1 0) -> 144 (0 1 0 0 1 0)
Hop 4: [483-0] 256 (1 0 0 0 0 0) -> 0 (0 0 0 0 0 0)
Hop 3: [496-0] 400 (1 1 0 0 1 0) -> 272 (1 0 0 0 1 0)
Hop 3: [255-256] 144 (0 1 0 0 1 0) -> 16 (0 0 0 0 1 0)
Hop 4: [496-0] 272 (1 0 0 0 1 0) -> 16 (0 0 0 0 1 0)
Hop 4: [255-256] 16 (0 0 0 0 1 0) -> 272 (1 0 0 0 1 0)
Hop 2: [443-0] 400 (1 1 0 0 1 0) -> 272 (1 0 0 0 1 0)
Hop 5: [255-256] 272 (1 0 0 0 1 0) -> 256 (1 0 0 0 0 0)
Hop 5: [496-0] 16 (0 0 0 0 1 0) -> 0 (0 0 0 0 0 0)
Hop 4: [481-0] 256 (1 0 0 0 0 0) -> 0 (0 0 0 0 0 0)
Hop 2: [351-352] 368 (1 0 1 1 1 0) -> 352 (1 0 1 1 0 0)
Hop 4: [476-0] 16 (0 0 0 0 1 0) -> 0 (0 0 0 0 0 0)
Hop 1: [367-368] 367 (1 0 1 1 0 15) -> 368 (1 0 1 1 1 0)
Hop 2: [312-0] 272 (1 0 0 0 1 0) -> 16 (0 0 0 0 1 0)
Hop 3: [464-0] 272 (1 0 0 0 1 0) -> 16 (0 0 0 0 1 0)
Hop 3: [488-0] 384 (1 1 0 0 0 0) -> 256 (1 0 0 0 0 0)
Hop 3: [339-0] 16 (0 0 0 0 1 0) -> 0 (0 0 0 0 0 0)
Hop 3: [445-0] 272 (1 0 0 0 1 0) -> 16 (0 0 0 0 1 0)
Hop 2: [287-288] 304 (1 0 0 1 1 0) -> 288 (1 0 0 1 0 0)
Hop 3: [429-0] 256 (1 0 0 0 0 0) -> 0 (0 0 0 0 0 0)
Hop 1: [175-176] 175 (0 1 0 1 0 15) -> 176 (0 1 0 1 1 0)
Hop 4: [469-0] 16 (0 0 0 0 1 0) -> 0 (0 0 0 0 0 0)
Hop 2: [354-0] 320 (1 0 1 0 0 0) -> 256 (1 0 0 0 0 0)
Hop 3: [312-0] 16 (0 0 0 0 1 0) -> 0 (0 0 0 0 0 0)
Hop 2: [376-0] 336 (1 0 1 0 1 0) -> 272 (1 0 0 0 1 0)
Hop 1: [457-0] 457 (1 1 1 0 0 9) -> 384 (1 1 0 0 0 0)
Hop 3: [438-0] 272 (1 0 0 0 1 0) -> 16 (0 0 0 0 1 0)
Hop 4: [383-0] 16 (0 0 0 0 1 0) -> 0 (0 0 0 0 0 0)
Hop 4: [466-0] 16 (0 0 0 0 1 0) -> 0 (0 0 0 0 0 0)
Hop 3: [495-0] 384 (1 1 0 0 0 0) -> 256 (1 0 0 0 0 0)
Hop 3: [319-0] 16 (0 0 0 0 1 0) -> 0 (0 0 0 0 0 0)
Hop 3: [443-0] 272 (1 0 0 0 1 0) -> 16 (0 0 0 0 1 0)
Hop 1: [415-416] 415 (1 1 0 0 1 15) -> 432 (1 1 0 1 1 0)
Hop 1: [431-432] 431 (1 1 0 1 0 15) -> 432 (1 1 0 1 1 0)
Hop 4: [464-0] 16 (0 0 0 0 1 0) -> 0 (0 0 0 0 0 0)
Hop 3: [412-0] 16 (0 0 0 0 1 0) -> 0 (0 0 0 0 0 0)
Hop 3: [354-0] 256 (1 0 0 0 0 0) -> 0 (0 0 0 0 0 0)
Hop 4: [488-0] 256 (1 0 0 0 0 0) -> 0 (0 0 0 0 0 0)
Hop 4: [445-0] 16 (0 0 0 0 1 0) -> 0 (0 0 0 0 0 0)
Hop 3: [360-0] 256 (1 0 0 0 0 0) -> 0 (0 0 0 0 0 0)
Hop 4: [443-0] 16 (0 0 0 0 1 0) -> 0 (0 0 0 0 0 0)
Hop 2: [415-416] 432 (1 1 0 1 1 0) -> 416 (1 1 0 1 0 0)
Hop 4: [495-0] 256 (1 0 0 0 0 0) -> 0 (0 0 0 0 0 0)
Hop 2: [457-0] 384 (1 1 0 0 0 0) -> 256 (1 0 0 0 0 0)
Hop 2: [370-0] 336 (1 0 1 0 1 0) -> 272 (1 0 0 0 1 0)
Hop 4: [438-0] 16 (0 0 0 0 1 0) -> 0 (0 0 0 0 0 0)
Hop 3: [457-0] 256 (1 0 0 0 0 0) -> 0 (0 0 0 0 0 0)
Hop 3: [494-0] 384 (1 1 0 0 0 0) -> 256 (1 0 0 0 0 0)
Hop 4: [494-0] 256 (1 0 0 0 0 0) -> 0 (0 0 0 0 0 0)
Hop 4: [472-0] 16 (0 0 0 0 1 0) -> 0 (0 0 0 0 0 0)
Hop 3: [370-0] 272 (1 0 0 0 1 0) -> 16 (0 0 0 0 1 0)
Hop 1: [319-320] 319 (1 0 0 1 1 15) -> 272 (1 0 0 0 1 0)
Hop 2: [319-320] 272 (1 0 0 0 1 0) -> 336 (1 0 1 0 1 0)
Hop 3: [319-320] 336 (1 0 1 0 1 0) -> 320 (1 0 1 0 0 0)
Hop 3: [376-0] 272 (1 0 0 0 1 0) -> 16 (0 0 0 0 1 0)
Hop 1: [479-480] 479 (1 1 1 0 1 15) -> 496 (1 1 1 1 1 0)
Hop 4: [370-0] 16 (0 0 0 0 1 0) -> 0 (0 0 0 0 0 0)
Hop 1: [383-384] 383 (1 0 1 1 1 15) -> 336 (1 0 1 0 1 0)
Hop 2: [479-480] 496 (1 1 1 1 1 0) -> 480 (1 1 1 1 0 0)
Hop 4: [376-0] 16 (0 0 0 0 1 0) -> 0 (0 0 0 0 0 0)
Hop 2: [447-0] 400 (1 1 0 0 1 0) -> 272 (1 0 0 0 1 0)
Hop 1: [495-496] 495 (1 1 1 1 0 15) -> 496 (1 1 1 1 1 0)
Hop 2: [383-384] 336 (1 0 1 0 1 0) -> 272 (1 0 0 0 1 0)
Hop 3: [447-0] 272 (1 0 0 0 1 0) -> 16 (0 0 0 0 1 0)
Hop 4: [447-0] 16 (0 0 0 0 1 0) -> 0 (0 0 0 0 0 0)
Hop 3: [383-384] 272 (1 0 0 0 1 0) -> 400 (1 1 0 0 1 0)
Hop 1: [447-448] 447 (1 1 0 1 1 15) -> 400 (1 1 0 0 1 0)
Hop 4: [383-384] 400 (1 1 0 0 1 0) -> 384 (1 1 0 0 0 0)
Hop 2: [447-448] 400 (1 1 0 0 1 0) -> 464 (1 1 1 0 1 0)
Hop 3: [447-448] 464 (1 1 1 0 1 0) -> 448 (1 1 1 0 0 0)
