Hop 1: [3696-48] 3696 (1 3 0 3 1 0) -> 1648 (0 3 0 3 1 0)
Hop 1: [2432-48] 2432 (1 0 3 0 0 0) -> 384 (0 0 3 0 0 0)
Hop 1: [80-48] 80 (0 0 0 2 1 0) -> 48 (0 0 0 1 1 0)
Hop 1: [1088-1568] 1088 (0 2 0 2 0 0) -> 1600 (0 3 0 2 0 0)
Hop 1: [6688-7712] 6688 (3 1 0 1 0 0) -> 6176 (3 0 0 1 0 0)
Hop 1: [5760-7808] 5760 (2 3 1 0 0 0) -> 7808 (3 3 1 0 0 0)
Hop 1: [3216-1664] 3216 (1 2 1 0 1 0) -> 1168 (0 2 1 0 1 0)
Hop 1: [6256-6288] 6256 (3 0 0 3 1 0) -> 6384 (3 0 1 3 1 0)
Hop 1: [5328-6192] 5328 (2 2 1 2 1 0) -> 7376 (3 2 1 2 1 0)
Hop 1: [2736-48] 2736 (1 1 1 1 1 0) -> 688 (0 1 1 1 1 0)
Hop 1: [2672-48] 2672 (1 1 0 3 1 0) -> 624 (0 1 0 3 1 0)
Hop 1: [5104-6192] 5104 (2 1 3 3 1 0) -> 7152 (3 1 3 3 1 0)
Hop 1: [8016-6288] 8016 (3 3 2 2 1 0) -> 6480 (3 0 2 2 1 0)
Hop 1: [688-48] 688 (0 1 1 1 1 0) -> 176 (0 0 1 1 1 0)
Hop 1: [1184-1568] 1184 (0 2 1 1 0 0) -> 1696 (0 3 1 1 0 0)
Hop 1: [1744-48] 1744 (0 3 1 2 1 0) -> 208 (0 0 1 2 1 0)
Hop 1: [6704-6192] 6704 (3 1 0 1 1 0) -> 6192 (3 0 0 1 1 0)
Hop 1: [5632-7808] 5632 (2 3 0 0 0 0) -> 7680 (3 3 0 0 0 0)
Hop 1: [992-144] 992 (0 1 3 3 0 0) -> 480 (0 0 3 3 0 0)
Hop 1: [7024-7808] 7024 (3 1 2 3 1 0) -> 6512 (3 0 2 3 1 0)
Hop 1: [7744-7712] 7744 (3 3 0 2 0 0) -> 7712 (3 3 0 1 0 0)
Hop 1: [5680-7712] 5680 (2 3 0 1 1 0) -> 7728 (3 3 0 1 1 0)
Hop 1: [1648-144] 1648 (0 3 0 3 1 0) -> 112 (0 0 0 3 1 0)
Hop 1: [1392-7808] 1392 (0 2 2 3 1 0) -> 7536 (3 2 2 3 1 0)
Hop 1: [4736-7808] 4736 (2 1 1 0 0 0) -> 6784 (3 1 1 0 0 0)
Hop 1: [2096-144] 2096 (1 0 0 1 1 0) -> 48 (0 0 0 1 1 0)
Hop 1: [2160-48] 2160 (1 0 0 3 1 0) -> 112 (0 0 0 3 1 0)
Hop 1: [6480-6288] 6480 (3 0 2 2 1 0) -> 6352 (3 0 1 2 1 0)
Hop 1: [6128-7808] 6128 (2 3 3 3 1 0) -> 8176 (3 3 3 3 1 0)
Hop 1: [7184-6192] 7184 (3 2 0 0 1 0) -> 7696 (3 3 0 0 1 0)
Hop 1: [1552-144] 1552 (0 3 0 0 1 0) -> 16 (0 0 0 0 1 0)
Hop 1: [4032-1568] 4032 (1 3 3 2 0 0) -> 1984 (0 3 3 2 0 0)
Hop 1: [4256-7712] 4256 (2 0 1 1 0 0) -> 6304 (3 0 1 1 0 0)
Hop 1: [896-1664] 896 (0 1 3 0 0 0) -> 384 (0 0 3 0 0 0)
Hop 1: [224-144] 224 (0 0 1 3 0 0) -> 128 (0 0 1 0 0 0)
Hop 1: [4432-6192] 4432 (2 0 2 2 1 0) -> 6480 (3 0 2 2 1 0)
Hop 1: [7664-6192] 7664 (3 2 3 3 1 0) -> 8176 (3 3 3 3 1 0)
Hop 1: [7344-7712] 7344 (3 2 1 1 1 0) -> 7856 (3 3 1 1 1 0)
Hop 1: [1920-1664] 1920 (0 3 3 0 0 0) -> 1792 (0 3 2 0 0 0)
Hop 1: [1728-1664] 1728 (0 3 1 2 0 0) -> 1760 (0 3 1 3 0 0)
Hop 1: [6784-7808] 6784 (3 1 1 0 0 0) -> 6272 (3 0 1 0 0 0)
Hop 1: [2352-144] 2352 (1 0 2 1 1 0) -> 304 (0 0 2 1 1 0)
Hop 1: [2528-1568] 2528 (1 0 3 3 0 0) -> 480 (0 0 3 3 0 0)
Hop 1: [4448-7712] 4448 (2 0 2 3 0 0) -> 6496 (3 0 2 3 0 0)
Hop 1: [6560-6192] 6560 (3 0 3 1 0 0) -> 6176 (3 0 0 1 0 0)
Hop 1: [7168-7712] 7168 (3 2 0 0 0 0) -> 7680 (3 3 0 0 0 0)
Hop 1: [1072-48] 1072 (0 2 0 1 1 0) -> 1584 (0 3 0 1 1 0)
Hop 1: [3280-144] 3280 (1 2 1 2 1 0) -> 1232 (0 2 1 2 1 0)
Hop 1: [5856-1664] 5856 (2 3 1 3 0 0) -> 7904 (3 3 1 3 0 0)
Hop 1: [2864-48] 2864 (1 1 2 1 1 0) -> 816 (0 1 2 1 1 0)
Hop 1: [736-144] 736 (0 1 1 3 0 0) -> 224 (0 0 1 3 0 0)
Hop 1: [4800-6288] 4800 (2 1 1 2 0 0) -> 6848 (3 1 1 2 0 0)
Hop 1: [6656-6192] 6656 (3 1 0 0 0 0) -> 6144 (3 0 0 0 0 0)
Hop 1: [7696-6288] 7696 (3 3 0 0 1 0) -> 6160 (3 0 0 0 1 0)
Hop 1: [3104-1664] 3104 (1 2 0 1 0 0) -> 1056 (0 2 0 1 0 0)
Hop 1: [3392-1664] 3392 (1 2 2 2 0 0) -> 1344 (0 2 2 2 0 0)
Hop 1: [5728-7808] 5728 (2 3 0 3 0 0) -> 7776 (3 3 0 3 0 0)
Hop 1: [512-48] 512 (0 1 0 0 0 0) -> 0 (0 0 0 0 0 0)
Hop 1: [2544-48] 2544 (1 0 3 3 1 0) -> 496 (0 0 3 3 1 0)
Hop 1: [7120-6192] 7120 (3 1 3 2 1 0) -> 6608 (3 0 3 2 1 0)
Hop 1: [4992-6192] 4992 (2 1 3 0 0 0) -> 7040 (3 1 3 0 0 0)
Hop 1: [5904-6288] 5904 (2 3 2 0 1 0) -> 7952 (3 3 2 0 1 0)
Hop 1: [1584-7712] 1584 (0 3 0 1 1 0) -> 7728 (3 3 0 1 1 0)
Hop 1: [1376-7808] 1376 (0 2 2 3 0 0) -> 7520 (3 2 2 3 0 0)
Hop 1: [8128-7712] 8128 (3 3 3 2 0 0) -> 7744 (3 3 0 2 0 0)
Hop 1: [128-1664] 128 (0 0 1 0 0 0) -> 1664 (0 3 1 0 0 0)
Hop 1: [3056-48] 3056 (1 1 3 3 1 0) -> 1008 (0 1 3 3 1 0)
Hop 1: [4320-7712] 4320 (2 0 1 3 0 0) -> 6368 (3 0 1 3 0 0)
Hop 1: [6240-6192] 6240 (3 0 0 3 0 0) -> 6208 (3 0 0 2 0 0)
Hop 1: [7472-7712] 7472 (3 2 2 1 1 0) -> 7984 (3 3 2 1 1 0)
Hop 1: [4016-1568] 4016 (1 3 3 1 1 0) -> 1968 (0 3 3 1 1 0)
Hop 1: [1120-1664] 1120 (0 2 0 3 0 0) -> 1632 (0 3 0 3 0 0)
Hop 1: [7776-7808] 7776 (3 3 0 3 0 0) -> 7904 (3 3 1 3 0 0)
Hop 1: [560-144] 560 (0 1 0 1 1 0) -> 48 (0 0 0 1 1 0)
Hop 1: [3472-1568] 3472 (1 2 3 0 1 0) -> 1424 (0 2 3 0 1 0)
Hop 1: [6752-6288] 6752 (3 1 0 3 0 0) -> 6240 (3 0 0 3 0 0)
Hop 1: [4528-6192] 4528 (2 0 3 1 1 0) -> 6576 (3 0 3 1 1 0)
Hop 1: [7792-6288] 7792 (3 3 0 3 1 0) -> 6256 (3 0 0 3 1 0)
Hop 1: [2624-1568] 2624 (1 1 0 2 0 0) -> 576 (0 1 0 2 0 0)
Hop 1: [3184-48] 3184 (1 2 0 3 1 0) -> 1136 (0 2 0 3 1 0)
Hop 1: [5200-6192] 5200 (2 2 0 2 1 0) -> 7248 (3 2 0 2 1 0)
Hop 1: [96-1664] 96 (0 0 0 3 0 0) -> 1632 (0 3 0 3 0 0)
Hop 1: [1328-1568] 1328 (0 2 2 1 1 0) -> 1840 (0 3 2 1 1 0)
Hop 1: [4160-7712] 4160 (2 0 0 2 0 0) -> 6208 (3 0 0 2 0 0)
Hop 1: [4896-6192] 4896 (2 1 2 1 0 0) -> 6944 (3 1 2 1 0 0)
Hop 1: [5552-1568] 5552 (2 2 3 1 1 0) -> 7600 (3 2 3 1 1 0)
Hop 1: [1008-144] 1008 (0 1 3 3 1 0) -> 496 (0 0 3 3 1 0)
Hop 1: [1104-48] 1104 (0 2 0 2 1 0) -> 1616 (0 3 0 2 1 0)
Hop 1: [5840-6192] 5840 (2 3 1 2 1 0) -> 7888 (3 3 1 2 1 0)
Hop 1: [2448-144] 2448 (1 0 3 0 1 0) -> 400 (0 0 3 0 1 0)
Hop 1: [1824-1568] 1824 (0 3 2 1 0 0) -> 1952 (0 3 3 1 0 0)
Hop 1: [5088-7712] 5088 (2 1 3 3 0 0) -> 7136 (3 1 3 3 0 0)
Hop 1: [6160-6192] 6160 (3 0 0 0 1 0) -> 6192 (3 0 0 1 1 0)
Hop 1: [7456-7712] 7456 (3 2 2 1 0 0) -> 7968 (3 3 2 1 0 0)
Hop 1: [592-48] 592 (0 1 0 2 1 0) -> 80 (0 0 0 2 1 0)
Hop 1: [3152-48] 3152 (1 2 0 2 1 0) -> 1104 (0 2 0 2 1 0)
Hop 1: [6080-7712] 6080 (2 3 3 2 0 0) -> 8128 (3 3 3 2 0 0)
Hop 1: [2688-1664] 2688 (1 1 1 0 0 0) -> 640 (0 1 1 0 0 0)
Hop 1: [1024-1568] 1024 (0 2 0 0 0 0) -> 1536 (0 3 0 0 0 0)
Hop 1: [6992-6288] 6992 (3 1 2 2 1 0) -> 6480 (3 0 2 2 1 0)
Hop 1: [6960-6192] 6960 (3 1 2 1 1 0) -> 6448 (3 0 2 1 1 0)
Hop 1: [5152-7808] 5152 (2 2 0 1 0 0) -> 7200 (3 2 0 1 0 0)
Hop 1: [3040-144] 3040 (1 1 3 3 0 0) -> 992 (0 1 3 3 0 0)
Hop 1: [3776-1568] 3776 (1 3 1 2 0 0) -> 1728 (0 3 1 2 0 0)
Hop 1: [7632-6192] 7632 (3 2 3 2 1 0) -> 8144 (3 3 3 2 1 0)
Hop 1: [160-48] 160 (0 0 1 1 0 0) -> 32 (0 0 0 1 0 0)
Hop 1: [3232-1664] 3232 (1 2 1 1 0 0) -> 1184 (0 2 1 1 0 0)
Hop 1: [4848-6192] 4848 (2 1 1 3 1 0) -> 6896 (3 1 1 3 1 0)
Hop 1: [7072-48] 7072 (3 1 3 1 0 0) -> 928 (0 1 3 1 0 0)
Hop 1: [5376-7808] 5376 (2 2 2 0 0 0) -> 7424 (3 2 2 0 0 0)
Hop 1: [848-144] 848 (0 1 2 2 1 0) -> 336 (0 0 2 2 1 0)
Hop 1: [3168-1664] 3168 (1 2 0 3 0 0) -> 1120 (0 2 0 3 0 0)
Hop 1: [5232-7808] 5232 (2 2 0 3 1 0) -> 7280 (3 2 0 3 1 0)
Hop 1: [2608-144] 2608 (1 1 0 1 1 0) -> 560 (0 1 0 1 1 0)
Hop 1: [1152-1664] 1152 (0 2 1 0 0 0) -> 1664 (0 3 1 0 0 0)
Hop 1: [6464-7712] 6464 (3 0 2 2 0 0) -> 8000 (3 3 2 2 0 0)
Hop 1: [7296-7808] 7296 (3 2 1 0 0 0) -> 7808 (3 3 1 0 0 0)
Hop 1: [2384-144] 2384 (1 0 2 2 1 0) -> 336 (0 0 2 2 1 0)
Hop 1: [1600-1568] 1600 (0 3 0 2 0 0) -> 1568 (0 3 0 1 0 0)
Hop 1: [7280-6192] 7280 (3 2 0 3 1 0) -> 7792 (3 3 0 3 1 0)
Hop 1: [2944-48] 2944 (1 1 3 0 0 0) -> 896 (0 1 3 0 0 0)
Hop 1: [1312-1568] 1312 (0 2 2 1 0 0) -> 1824 (0 3 2 1 0 0)
Hop 1: [4208-6192] 4208 (2 0 0 3 1 0) -> 6256 (3 0 0 3 1 0)
Hop 1: [4752-6288] 4752 (2 1 1 0 1 0) -> 6800 (3 1 1 0 1 0)
Hop 1: [5808-6288] 5808 (2 3 1 1 1 0) -> 7856 (3 3 1 1 1 0)
Hop 1: [240-144] 240 (0 0 1 3 1 0) -> 144 (0 0 1 0 1 0)
Hop 1: [3808-7808] 3808 (1 3 1 3 0 0) -> 1760 (0 3 1 3 0 0)
Hop 1: [7920-1664] 7920 (3 3 1 3 1 0) -> 1776 (0 3 1 3 1 0)
Hop 1: [288-48] 288 (0 0 2 1 0 0) -> 416 (0 0 3 1 0 0)
Hop 1: [3872-1568] 3872 (1 3 2 1 0 0) -> 1824 (0 3 2 1 0 0)
Hop 1: [4832-6288] 4832 (2 1 1 3 0 0) -> 6880 (3 1 1 3 0 0)
Hop 1: [5824-7808] 5824 (2 3 1 2 0 0) -> 7872 (3 3 1 2 0 0)
Hop 1: [5248-7808] 5248 (2 2 1 0 0 0) -> 7296 (3 2 1 0 0 0)
Hop 1: [2400-144] 2400 (1 0 2 3 0 0) -> 352 (0 0 2 3 0 0)
Hop 1: [1776-7808] 1776 (0 3 1 3 1 0) -> 7920 (3 3 1 3 1 0)
Hop 1: [4400-6192] 4400 (2 0 2 1 1 0) -> 6448 (3 0 2 1 1 0)
Hop 1: [2704-144] 2704 (1 1 1 0 1 0) -> 656 (0 1 1 0 1 0)
Hop 1: [3488-48] 3488 (1 2 3 1 0 0) -> 1440 (0 2 3 1 0 0)
Hop 1: [6352-6288] 6352 (3 0 1 2 1 0) -> 6384 (3 0 1 3 1 0)
Hop 1: [5568-7712] 5568 (2 2 3 2 0 0) -> 7616 (3 2 3 2 0 0)
Hop 1: [7312-6288] 7312 (3 2 1 0 1 0) -> 7824 (3 3 1 0 1 0)
Hop 1: [2496-1568] 2496 (1 0 3 2 0 0) -> 448 (0 0 3 2 0 0)
Hop 1: [4720-6192] 4720 (2 1 0 3 1 0) -> 6768 (3 1 0 3 1 0)
Hop 1: [6816-6192] 6816 (3 1 1 1 0 0) -> 6304 (3 0 1 1 0 0)
Hop 1: [416-1664] 416 (0 0 3 1 0 0) -> 1952 (0 3 3 1 0 0)
Hop 1: [3360-1568] 3360 (1 2 2 1 0 0) -> 1312 (0 2 2 1 0 0)
Hop 1: [3312-1664] 3312 (1 2 1 3 1 0) -> 1264 (0 2 1 3 1 0)
Hop 1: [5312-7712] 5312 (2 2 1 2 0 0) -> 7360 (3 2 1 2 0 0)
Hop 1: [7584-1568] 7584 (3 2 3 1 0 0) -> 1440 (0 2 3 1 0 0)
Hop 1: [336-144] 336 (0 0 2 2 1 0) -> 208 (0 0 1 2 1 0)
Hop 1: [6512-144] 6512 (3 0 2 3 1 0) -> 368 (0 0 2 3 1 0)
Hop 1: [4480-7712] 4480 (2 0 3 0 0 0) -> 6528 (3 0 3 0 0 0)
Hop 1: [2176-1664] 2176 (1 0 1 0 0 0) -> 128 (0 0 1 0 0 0)
Hop 1: [3888-144] 3888 (1 3 2 1 1 0) -> 1840 (0 3 2 1 1 0)
Hop 1: [4064-1568] 4064 (1 3 3 3 0 0) -> 2016 (0 3 3 3 0 0)
Hop 1: [5616-6192] 5616 (2 2 3 3 1 0) -> 7664 (3 2 3 3 1 0)
Hop 1: [5280-7712] 5280 (2 2 1 1 0 0) -> 7328 (3 2 1 1 0 0)
Hop 1: [320-1664] 320 (0 0 2 2 0 0) -> 1856 (0 3 2 2 0 0)
Hop 1: [7136-6288] 7136 (3 1 3 3 0 0) -> 6624 (3 0 3 3 0 0)
Hop 1: [7056-6192] 7056 (3 1 3 0 1 0) -> 6544 (3 0 3 0 1 0)
Hop 1: [2304-1664] 2304 (1 0 2 0 0 0) -> 256 (0 0 2 0 0 0)
Hop 1: [3632-1568] 3632 (1 3 0 1 1 0) -> 1584 (0 3 0 1 1 0)
Hop 1: [1488-48] 1488 (0 2 3 2 1 0) -> 2000 (0 3 3 2 1 0)
Hop 1: [5184-7712] 5184 (2 2 0 2 0 0) -> 7232 (3 2 0 2 0 0)
Hop 1: [6064-1568] 6064 (2 3 3 1 1 0) -> 8112 (3 3 3 1 1 0)
Hop 1: [2144-1568] 2144 (1 0 0 3 0 0) -> 96 (0 0 0 3 0 0)
Hop 1: [4688-6192] 4688 (2 1 0 2 1 0) -> 6736 (3 1 0 2 1 0)
Hop 1: [6672-6288] 6672 (3 1 0 0 1 0) -> 6160 (3 0 0 0 1 0)
Hop 1: [384-1664] 384 (0 0 3 0 0 0) -> 1920 (0 3 3 0 0 0)
Hop 1: [3792-1664] 3792 (1 3 1 2 1 0) -> 1744 (0 3 1 2 1 0)
Hop 1: [3616-1664] 3616 (1 3 0 1 0 0) -> 1568 (0 3 0 1 0 0)
Hop 1: [5744-7808] 5744 (2 3 0 3 1 0) -> 7792 (3 3 0 3 1 0)
Hop 1: [7984-6288] 7984 (3 3 2 1 1 0) -> 6448 (3 0 2 1 1 0)
Hop 1: [4560-6192] 4560 (2 0 3 2 1 0) -> 6608 (3 0 3 2 1 0)
Hop 1: [448-1568] 448 (0 0 3 2 0 0) -> 1984 (0 3 3 2 0 0)
Hop 1: [6416-6288] 6416 (3 0 2 0 1 0) -> 6288 (3 0 1 0 1 0)
Hop 1: [432-1568] 432 (0 0 3 1 1 0) -> 1968 (0 3 3 1 1 0)
Hop 1: [3296-1664] 3296 (1 2 1 3 0 0) -> 1248 (0 2 1 3 0 0)
Hop 1: [1456-144] 1456 (0 2 3 1 1 0) -> 1968 (0 3 3 1 1 0)
Hop 1: [5600-7808] 5600 (2 2 3 3 0 0) -> 7648 (3 2 3 3 0 0)
Hop 1: [7968-7712] 7968 (3 3 2 1 0 0) -> 8096 (3 3 3 1 0 0)
Hop 1: [6496-6288] 6496 (3 0 2 3 0 0) -> 6368 (3 0 1 3 0 0)
Hop 1: [864-7808] 864 (0 1 2 3 0 0) -> 7008 (3 1 2 3 0 0)
Hop 1: [4784-6192] 4784 (2 1 1 1 1 0) -> 6832 (3 1 1 1 1 0)
Hop 1: [400-48] 400 (0 0 3 0 1 0) -> 16 (0 0 0 0 1 0)
Hop 1: [1760-1664] 1760 (0 3 1 3 0 0) -> 1664 (0 3 1 0 0 0)
Hop 1: [1424-48] 1424 (0 2 3 0 1 0) -> 1936 (0 3 3 0 1 0)
Hop 1: [5952-7808] 5952 (2 3 2 2 0 0) -> 8000 (3 3 2 2 0 0)
Hop 1: [7440-6288] 7440 (3 2 2 0 1 0) -> 7952 (3 3 2 0 1 0)
Hop 1: [4416-6288] 4416 (2 0 2 2 0 0) -> 6464 (3 0 2 2 0 0)
Hop 1: [352-7808] 352 (0 0 2 3 0 0) -> 6496 (3 0 2 3 0 0)
Hop 1: [4656-6288] 4656 (2 1 0 1 1 0) -> 6704 (3 1 0 1 1 0)
Hop 1: [2320-144] 2320 (1 0 2 0 1 0) -> 272 (0 0 2 0 1 0)
Hop 1: [3136-1568] 3136 (1 2 0 2 0 0) -> 1088 (0 2 0 2 0 0)
Hop 1: [3968-1568] 3968 (1 3 3 0 0 0) -> 1920 (0 3 3 0 0 0)
Hop 1: [5440-7808] 5440 (2 2 2 2 0 0) -> 7488 (3 2 2 2 0 0)
Hop 1: [7856-6288] 7856 (3 3 1 1 1 0) -> 6320 (3 0 1 1 1 0)
Hop 1: [4544-7712] 4544 (2 0 3 2 0 0) -> 6592 (3 0 3 2 0 0)
Hop 1: [880-6288] 880 (0 1 2 3 1 0) -> 7024 (3 1 2 3 1 0)
Hop 1: [7088-7712] 7088 (3 1 3 1 1 0) -> 6576 (3 0 3 1 1 0)
Hop 1: [2720-1664] 2720 (1 1 1 1 0 0) -> 672 (0 1 1 1 0 0)
Hop 1: [1472-1568] 1472 (0 2 3 2 0 0) -> 1984 (0 3 3 2 0 0)
Hop 1: [3744-1664] 3744 (1 3 1 1 0 0) -> 1696 (0 3 1 1 0 0)
Hop 1: [7408-1664] 7408 (3 2 1 3 1 0) -> 1264 (0 2 1 3 1 0)
Hop 1: [5168-48] 5168 (2 2 0 1 1 0) -> 7216 (3 2 0 1 1 0)
Hop 1: [1232-48] 1232 (0 2 1 2 1 0) -> 1744 (0 3 1 2 1 0)
Hop 1: [2272-1664] 2272 (1 0 1 3 0 0) -> 224 (0 0 1 3 0 0)
Hop 1: [4384-6192] 4384 (2 0 2 1 0 0) -> 6432 (3 0 2 1 0 0)
Hop 1: [2048-1664] 2048 (1 0 0 0 0 0) -> 0 (0 0 0 0 0 0)
Hop 1: [4576-7808] 4576 (2 0 3 3 0 0) -> 6624 (3 0 3 3 0 0)
Hop 1: [1168-144] 1168 (0 2 1 0 1 0) -> 1680 (0 3 1 0 1 0)
Hop 1: [5984-1664] 5984 (2 3 2 3 0 0) -> 8032 (3 3 2 3 0 0)
Hop 1: [7680-7712] 7680 (3 3 0 0 0 0) -> 7712 (3 3 0 1 0 0)
Hop 1: [1632-1664] 1632 (0 3 0 3 0 0) -> 1760 (0 3 1 3 0 0)
Hop 1: [624-48] 624 (0 1 0 3 1 0) -> 112 (0 0 0 3 1 0)
Hop 1: [6576-48] 6576 (3 0 3 1 1 0) -> 432 (0 0 3 1 1 0)
Hop 1: [2064-144] 2064 (1 0 0 0 1 0) -> 16 (0 0 0 0 1 0)
Hop 1: [4288-6288] 4288 (2 0 1 2 0 0) -> 6336 (3 0 1 2 0 0)
Hop 1: [1680-144] 1680 (0 3 1 0 1 0) -> 144 (0 0 1 0 1 0)
Hop 1: [7488-7808] 7488 (3 2 2 2 0 0) -> 8000 (3 3 2 2 0 0)
Hop 1: [7328-7712] 7328 (3 2 1 1 0 0) -> 7840 (3 3 1 1 0 0)
Hop 1: [3520-1568] 3520 (1 2 3 2 0 0) -> 1472 (0 2 3 2 0 0)
Hop 1: [2240-144] 2240 (1 0 1 2 0 0) -> 192 (0 0 1 2 0 0)
Hop 1: [4608-7808] 4608 (2 1 0 0 0 0) -> 6656 (3 1 0 0 0 0)
Hop 1: [2224-144] 2224 (1 0 1 1 1 0) -> 176 (0 0 1 1 1 0)
Hop 1: [4192-7712] 4192 (2 0 0 3 0 0) -> 6240 (3 0 0 3 0 0)
Hop 1: [3088-48] 3088 (1 2 0 0 1 0) -> 1040 (0 2 0 0 1 0)
Hop 1: [7264-7808] 7264 (3 2 0 3 0 0) -> 7776 (3 3 0 3 0 0)
Hop 1: [5264-6288] 5264 (2 2 1 0 1 0) -> 7312 (3 2 1 0 1 0)
Hop 1: [2000-48] 2000 (0 3 3 2 1 0) -> 464 (0 0 3 2 1 0)
Hop 1: [2416-6288] 2416 (1 0 2 3 1 0) -> 368 (0 0 2 3 1 0)
Hop 1: [4272-6288] 4272 (2 0 1 1 1 0) -> 6320 (3 0 1 1 1 0)
Hop 1: [2560-48] 2560 (1 1 0 0 0 0) -> 512 (0 1 0 0 0 0)
Hop 1: [4928-6288] 4928 (2 1 2 2 0 0) -> 6976 (3 1 2 2 0 0)
Hop 1: [1040-144] 1040 (0 2 0 0 1 0) -> 1552 (0 3 0 0 1 0)
Hop 1: [7888-7808] 7888 (3 3 1 2 1 0) -> 7920 (3 3 1 3 1 0)
Hop 1: [8112-1568] 8112 (3 3 3 1 1 0) -> 1968 (0 3 3 1 1 0)
Hop 1: [3824-7808] 3824 (1 3 1 3 1 0) -> 1776 (0 3 1 3 1 0)
Hop 1: [2800-1664] 2800 (1 1 1 3 1 0) -> 752 (0 1 1 3 1 0)
Hop 1: [4240-6288] 4240 (2 0 1 0 1 0) -> 6288 (3 0 1 0 1 0)
Hop 1: [2464-7712] 2464 (1 0 3 1 0 0) -> 416 (0 0 3 1 0 0)
Hop 1: [6384-6288] 6384 (3 0 1 3 1 0) -> 6288 (3 0 1 0 1 0)
Hop 1: [1968-144] 1968 (0 3 3 1 1 0) -> 432 (0 0 3 1 1 0)
Hop 1: [5488-1664] 5488 (2 2 2 3 1 0) -> 7536 (3 2 2 3 1 0)
Hop 1: [5392-7808] 5392 (2 2 2 0 1 0) -> 7440 (3 2 2 0 1 0)
Hop 1: [1904-1664] 1904 (0 3 2 3 1 0) -> 1776 (0 3 1 3 1 0)
Hop 1: [2912-1568] 2912 (1 1 2 3 0 0) -> 864 (0 1 2 3 0 0)
Hop 1: [4368-6288] 4368 (2 0 2 0 1 0) -> 6416 (3 0 2 0 1 0)
Hop 1: [2960-48] 2960 (1 1 3 0 1 0) -> 912 (0 1 3 0 1 0)
Hop 1: [6608-6192] 6608 (3 0 3 2 1 0) -> 6224 (3 0 0 2 1 0)
Hop 1: [3504-7712] 3504 (1 2 3 1 1 0) -> 1456 (0 2 3 1 1 0)
Hop 1: [7872-7808] 7872 (3 3 1 2 0 0) -> 7904 (3 3 1 3 0 0)
Hop 1: [5296-7712] 5296 (2 2 1 1 1 0) -> 7344 (3 2 1 1 1 0)
Hop 1: [1504-1664] 1504 (0 2 3 3 0 0) -> 2016 (0 3 3 3 0 0)
Hop 1: [2640-48] 2640 (1 1 0 2 1 0) -> 592 (0 1 0 2 1 0)
Hop 1: [4496-6192] 4496 (2 0 3 0 1 0) -> 6544 (3 0 3 0 1 0)
Hop 1: [784-144] 784 (0 1 2 0 1 0) -> 272 (0 0 2 0 1 0)
Hop 1: [4176-6192] 4176 (2 0 0 2 1 0) -> 6224 (3 0 0 2 1 0)
Hop 1: [3984-144] 3984 (1 3 3 0 1 0) -> 1936 (0 3 3 0 1 0)
Hop 1: [5216-7808] 5216 (2 2 0 3 0 0) -> 7264 (3 2 0 3 0 0)
Hop 1: [7936-7808] 7936 (3 3 2 0 0 0) -> 7808 (3 3 1 0 0 0)
Hop 1: [1856-1664] 1856 (0 3 2 2 0 0) -> 1728 (0 3 1 2 0 0)
Hop 1: [976-48] 976 (0 1 3 2 1 0) -> 464 (0 0 3 2 1 0)
Hop 1: [4640-6192] 4640 (2 1 0 1 0 0) -> 6688 (3 1 0 1 0 0)
Hop 1: [928-6192] 928 (0 1 3 1 0 0) -> 7072 (3 1 3 1 0 0)
Hop 1: [6864-6288] 6864 (3 1 1 2 1 0) -> 6352 (3 0 1 2 1 0)
Hop 1: [4000-1568] 4000 (1 3 3 1 0 0) -> 1952 (0 3 3 1 0 0)
Hop 1: [8176-7808] 8176 (3 3 3 3 1 0) -> 8048 (3 3 2 3 1 0)
Hop 1: [5424-6288] 5424 (2 2 2 1 1 0) -> 7472 (3 2 2 1 1 0)
Hop 1: [3264-1568] 3264 (1 2 1 2 0 0) -> 1216 (0 2 1 2 0 0)
Hop 1: [480-144] 480 (0 0 3 3 0 0) -> 352 (0 0 2 3 0 0)
Hop 1: [6320-6192] 6320 (3 0 1 1 1 0) -> 6192 (3 0 0 1 1 0)
Hop 1: [544-48] 544 (0 1 0 1 0 0) -> 32 (0 0 0 1 0 0)
Hop 1: [6640-6288] 6640 (3 0 3 3 1 0) -> 6512 (3 0 2 3 1 0)
Hop 1: [1056-1664] 1056 (0 2 0 1 0 0) -> 1568 (0 3 0 1 0 0)
Hop 1: [8144-6192] 8144 (3 3 3 2 1 0) -> 6608 (3 0 3 2 1 0)
Hop 1: [7824-6288] 7824 (3 3 1 0 1 0) -> 6288 (3 0 1 0 1 0)
Hop 1: [3408-144] 3408 (1 2 2 2 1 0) -> 1360 (0 2 2 2 1 0)
Hop 1: [2768-144] 2768 (1 1 1 2 1 0) -> 720 (0 1 1 2 1 0)
Hop 1: [6176-7712] 6176 (3 0 0 1 0 0) -> 7712 (3 3 0 1 0 0)
Hop 1: [7008-7712] 7008 (3 1 2 3 0 0) -> 6496 (3 0 2 3 0 0)
Hop 1: [3760-1568] 3760 (1 3 1 1 1 0) -> 1712 (0 3 1 1 1 0)
Hop 1: [7648-7712] 7648 (3 2 3 3 0 0) -> 8160 (3 3 3 3 0 0)
Hop 1: [5520-6192] 5520 (2 2 3 0 1 0) -> 7568 (3 2 3 0 1 0)
Hop 1: [3904-1664] 3904 (1 3 2 2 0 0) -> 1856 (0 3 2 2 0 0)
Hop 1: [368-6288] 368 (0 0 2 3 1 0) -> 6512 (3 0 2 3 1 0)
Hop 1: [4624-6192] 4624 (2 1 0 0 1 0) -> 6672 (3 1 0 0 1 0)
Hop 1: [2848-48] 2848 (1 1 2 1 0 0) -> 800 (0 1 2 1 0 0)
Hop 1: [6224-6192] 6224 (3 0 0 2 1 0) -> 6192 (3 0 0 1 1 0)
Hop 1: [3120-1568] 3120 (1 2 0 1 1 0) -> 1072 (0 2 0 1 1 0)
Hop 1: [6000-6288] 6000 (2 3 2 3 1 0) -> 8048 (3 3 2 3 1 0)
Hop 1: [7216-6192] 7216 (3 2 0 1 1 0) -> 7728 (3 3 0 1 1 0)
Hop 1: [3920-1664] 3920 (1 3 2 2 1 0) -> 1872 (0 3 2 2 1 0)
Hop 1: [2368-144] 2368 (1 0 2 2 0 0) -> 320 (0 0 2 2 0 0)
Hop 1: [6928-6288] 6928 (3 1 2 0 1 0) -> 6416 (3 0 2 0 1 0)
Hop 1: [2832-144] 2832 (1 1 2 0 1 0) -> 784 (0 1 2 0 1 0)
Hop 1: [4672-7712] 4672 (2 1 0 2 0 0) -> 6720 (3 1 0 2 0 0)
Hop 1: [1808-144] 1808 (0 3 2 0 1 0) -> 272 (0 0 2 0 1 0)
Hop 1: [5344-7808] 5344 (2 2 1 3 0 0) -> 7392 (3 2 1 3 0 0)
Hop 1: [7952-6288] 7952 (3 3 2 0 1 0) -> 6416 (3 0 2 0 1 0)
Hop 1: [1520-48] 1520 (0 2 3 3 1 0) -> 2032 (0 3 3 3 1 0)
Hop 1: [608-144] 608 (0 1 0 3 0 0) -> 96 (0 0 0 3 0 0)
Hop 1: [6144-7712] 6144 (3 0 0 0 0 0) -> 7680 (3 3 0 0 0 0)
Hop 1: [304-48] 304 (0 0 2 1 1 0) -> 432 (0 0 3 1 1 0)
Hop 1: [6368-6288] 6368 (3 0 1 3 0 0) -> 6272 (3 0 1 0 0 0)
Hop 1: [3200-1664] 3200 (1 2 1 0 0 0) -> 1152 (0 2 1 0 0 0)
Hop 1: [5872-6288] 5872 (2 3 1 3 1 0) -> 7920 (3 3 1 3 1 0)
Hop 1: [5504-7712] 5504 (2 2 3 0 0 0) -> 7552 (3 2 3 0 0 0)
Hop 1: [1872-144] 1872 (0 3 2 2 1 0) -> 336 (0 0 2 2 1 0)
Hop 1: [2288-6288] 2288 (1 0 1 3 1 0) -> 240 (0 0 1 3 1 0)
Hop 1: [6304-6192] 6304 (3 0 1 1 0 0) -> 6176 (3 0 0 1 0 0)
Hop 1: [256-1664] 256 (0 0 2 0 0 0) -> 1792 (0 3 2 0 0 0)
Hop 1: [6592-7712] 6592 (3 0 3 2 0 0) -> 8128 (3 3 3 2 0 0)
Hop 1: [576-1568] 576 (0 1 0 2 0 0) -> 64 (0 0 0 2 0 0)
Hop 1: [5472-6288] 5472 (2 2 2 3 0 0) -> 7520 (3 2 2 3 0 0)
Hop 1: [6032-7712] 6032 (2 3 3 0 1 0) -> 8080 (3 3 3 0 1 0)
Hop 1: [1136-48] 1136 (0 2 0 3 1 0) -> 1648 (0 3 0 3 1 0)
Hop 1: [1408-1568] 1408 (0 2 3 0 0 0) -> 1920 (0 3 3 0 0 0)
Hop 1: [6544-6192] 6544 (3 0 3 0 1 0) -> 6160 (3 0 0 0 1 0)
Hop 1: [944-6192] 944 (0 1 3 1 1 0) -> 7088 (3 1 3 1 1 0)
Hop 1: [6976-6288] 6976 (3 1 2 2 0 0) -> 6464 (3 0 2 2 0 0)
Hop 1: [2928-1664] 2928 (1 1 2 3 1 0) -> 880 (0 1 2 3 1 0)
Hop 1: [7760-6192] 7760 (3 3 0 2 1 0) -> 6224 (3 0 0 2 1 0)
Hop 1: [6016-7712] 6016 (2 3 3 0 0 0) -> 8064 (3 3 3 0 0 0)
Hop 1: [1888-7808] 1888 (0 3 2 3 0 0) -> 8032 (3 3 2 3 0 0)
Hop 1: [1696-1568] 1696 (0 3 1 1 0 0) -> 1568 (0 3 0 1 0 0)
Hop 1: [6800-6288] 6800 (3 1 1 0 1 0) -> 6288 (3 0 1 0 1 0)
Hop 1: [2080-6192] 2080 (1 0 0 1 0 0) -> 32 (0 0 0 1 0 0)
Hop 1: [6880-7712] 6880 (3 1 1 3 0 0) -> 6368 (3 0 1 3 0 0)
Hop 1: [2880-1568] 2880 (1 1 2 2 0 0) -> 832 (0 1 2 2 0 0)
Hop 1: [7360-7808] 7360 (3 2 1 2 0 0) -> 7872 (3 3 1 2 0 0)
Hop 1: [5136-6288] 5136 (2 2 0 0 1 0) -> 7184 (3 2 0 0 1 0)
Hop 1: [3680-1664] 3680 (1 3 0 3 0 0) -> 1632 (0 3 0 3 0 0)
Hop 1: [1792-1664] 1792 (0 3 2 0 0 0) -> 1664 (0 3 1 0 0 0)
Hop 1: [6432-6192] 6432 (3 0 2 1 0 0) -> 6560 (3 0 3 1 0 0)
Hop 1: [2592-6192] 2592 (1 1 0 1 0 0) -> 544 (0 1 0 1 0 0)
Hop 1: [6896-144] 6896 (3 1 1 3 1 0) -> 752 (0 1 1 3 1 0)
Hop 1: [2752-144] 2752 (1 1 1 2 0 0) -> 704 (0 1 1 2 0 0)
Hop 1: [6944-6192] 6944 (3 1 2 1 0 0) -> 6432 (3 0 2 1 0 0)
Hop 1: [5792-7712] 5792 (2 3 1 1 0 0) -> 7840 (3 3 1 1 0 0)
Hop 1: [1216-1664] 1216 (0 2 1 2 0 0) -> 1728 (0 3 1 2 0 0)
Hop 1: [1536-1568] 1536 (0 3 0 0 0 0) -> 1568 (0 3 0 1 0 0)
Hop 1: [5696-7712] 5696 (2 3 0 2 0 0) -> 7744 (3 3 0 2 0 0)
Hop 1: [640-1664] 640 (0 1 1 0 0 0) -> 128 (0 0 1 0 0 0)
Hop 1: [7104-7712] 7104 (3 1 3 2 0 0) -> 6592 (3 0 3 2 0 0)
Hop 1: [208-144] 208 (0 0 1 2 1 0) -> 240 (0 0 1 3 1 0)
Hop 1: [6400-7808] 6400 (3 0 2 0 0 0) -> 7936 (3 3 2 0 0 0)
Hop 1: [6048-6192] 6048 (2 3 3 1 0 0) -> 8096 (3 3 3 1 0 0)
Hop 1: [1360-144] 1360 (0 2 2 2 1 0) -> 1872 (0 3 2 2 1 0)
Hop 1: [1712-144] 1712 (0 3 1 1 1 0) -> 176 (0 0 1 1 1 0)
Hop 1: [7376-6288] 7376 (3 2 1 2 1 0) -> 7888 (3 3 1 2 1 0)
Hop 1: [2480-1568] 2480 (1 0 3 1 1 0) -> 432 (0 0 3 1 1 0)
Hop 1: [4816-6192] 4816 (2 1 1 2 1 0) -> 6864 (3 1 1 2 1 0)
Hop 1: [112-144] 112 (0 0 0 3 1 0) -> 240 (0 0 1 3 1 0)
Hop 1: [4112-6288] 4112 (2 0 0 0 1 0) -> 6160 (3 0 0 0 1 0)
Hop 1: [5920-7808] 5920 (2 3 2 1 0 0) -> 7968 (3 3 2 1 0 0)
Hop 1: [1616-48] 1616 (0 3 0 2 1 0) -> 80 (0 0 0 2 1 0)
Hop 1: [3584-1568] 3584 (1 3 0 0 0 0) -> 1536 (0 3 0 0 0 0)
Hop 1: [5456-7712] 5456 (2 2 2 2 1 0) -> 7504 (3 2 2 2 1 0)
Hop 1: [528-144] 528 (0 1 0 0 1 0) -> 16 (0 0 0 0 1 0)
Hop 1: [5072-6192] 5072 (2 1 3 2 1 0) -> 7120 (3 1 3 2 1 0)
Hop 1: [2128-48] 2128 (1 0 0 2 1 0) -> 80 (0 0 0 2 1 0)
Hop 1: [6272-7808] 6272 (3 0 1 0 0 0) -> 7808 (3 3 1 0 0 0)
Hop 1: [7424-7808] 7424 (3 2 2 0 0 0) -> 7936 (3 3 2 0 0 0)
Hop 1: [3952-144] 3952 (1 3 2 3 1 0) -> 1904 (0 3 2 3 1 0)
Hop 1: [1296-144] 1296 (0 2 2 0 1 0) -> 1808 (0 3 2 0 1 0)
Hop 1: [7616-7712] 7616 (3 2 3 2 0 0) -> 8128 (3 3 3 2 0 0)
Hop 1: [768-1664] 768 (0 1 2 0 0 0) -> 256 (0 0 2 0 0 0)
Hop 1: [4592-6192] 4592 (2 0 3 3 1 0) -> 6640 (3 0 3 3 1 0)
Hop 1: [832-1664] 832 (0 1 2 2 0 0) -> 320 (0 0 2 2 0 0)
Hop 1: [4768-7808] 4768 (2 1 1 1 0 0) -> 6816 (3 1 1 1 0 0)
Hop 1: [5776-7808] 5776 (2 3 1 0 1 0) -> 7824 (3 3 1 0 1 0)
Hop 1: [4080-144] 4080 (1 3 3 3 1 0) -> 2032 (0 3 3 3 1 0)
Hop 1: [3728-144] 3728 (1 3 1 0 1 0) -> 1680 (0 3 1 0 1 0)
Hop 1: [7904-7808] 7904 (3 3 1 3 0 0) -> 7808 (3 3 1 0 0 0)
Hop 1: [800-48] 800 (0 1 2 1 0 0) -> 288 (0 0 2 1 0 0)
Hop 1: [4464-7808] 4464 (2 0 2 3 1 0) -> 6512 (3 0 2 3 1 0)
Hop 1: [960-1568] 960 (0 1 3 2 0 0) -> 448 (0 0 3 2 0 0)
Hop 1: [4144-6288] 4144 (2 0 0 1 1 0) -> 6192 (3 0 0 1 1 0)
Hop 1: [7200-7808] 7200 (3 2 0 1 0 0) -> 7712 (3 3 0 1 0 0)
Hop 1: [3936-144] 3936 (1 3 2 3 0 0) -> 1888 (0 3 2 3 0 0)
Hop 1: [3328-1664] 3328 (1 2 2 0 0 0) -> 1280 (0 2 2 0 0 0)
Hop 1: [5360-7808] 5360 (2 2 1 3 1 0) -> 7408 (3 2 1 3 1 0)
Hop 1: [2336-1568] 2336 (1 0 2 1 0 0) -> 288 (0 0 2 1 0 0)
Hop 1: [7152-6288] 7152 (3 1 3 3 1 0) -> 6640 (3 0 3 3 1 0)
Hop 1: [64-1568] 64 (0 0 0 2 0 0) -> 1600 (0 3 0 2 0 0)
Hop 1: [4352-7808] 4352 (2 0 2 0 0 0) -> 6400 (3 0 2 0 0 0)
Hop 1: [5936-6288] 5936 (2 3 2 1 1 0) -> 7984 (3 3 2 1 1 0)
Hop 1: [2016-1664] 2016 (0 3 3 3 0 0) -> 1888 (0 3 2 3 0 0)
Hop 1: [3072-1664] 3072 (1 2 0 0 0 0) -> 1024 (0 2 0 0 0 0)
Hop 1: [5584-6192] 5584 (2 2 3 2 1 0) -> 7632 (3 2 3 2 1 0)
Hop 1: [2816-1664] 2816 (1 1 2 0 0 0) -> 768 (0 1 2 0 0 0)
Hop 1: [6768-6288] 6768 (3 1 0 3 1 0) -> 6256 (3 0 0 3 1 0)
Hop 1: [192-1568] 192 (0 0 1 2 0 0) -> 1728 (0 3 1 2 0 0)
Hop 1: [6832-6192] 6832 (3 1 1 1 1 0) -> 6320 (3 0 1 1 1 0)
Hop 1: [8064-7712] 8064 (3 3 3 0 0 0) -> 7680 (3 3 0 0 0 0)
Hop 1: [3440-1664] 3440 (1 2 2 3 1 0) -> 1392 (0 2 2 3 1 0)
Hop 1: [1952-48] 1952 (0 3 3 1 0 0) -> 416 (0 0 3 1 0 0)
Hop 1: [7232-7712] 7232 (3 2 0 2 0 0) -> 7744 (3 3 0 2 0 0)
Hop 1: [816-144] 816 (0 1 2 1 1 0) -> 304 (0 0 2 1 1 0)
Hop 1: [4304-6288] 4304 (2 0 1 2 1 0) -> 6352 (3 0 1 2 1 0)
Hop 1: [2656-1568] 2656 (1 1 0 3 0 0) -> 608 (0 1 0 3 0 0)
Hop 1: [6448-6192] 6448 (3 0 2 1 1 0) -> 6576 (3 0 3 1 1 0)
Hop 1: [5888-7808] 5888 (2 3 2 0 0 0) -> 7936 (3 3 2 0 0 0)
Hop 1: [4048-48] 4048 (1 3 3 2 1 0) -> 2000 (0 3 3 2 1 0)
Hop 1: [3712-1664] 3712 (1 3 1 0 0 0) -> 1664 (0 3 1 0 0 0)
Hop 1: [7248-6192] 7248 (3 2 0 2 1 0) -> 7760 (3 3 0 2 1 0)
Hop 1: [656-144] 656 (0 1 1 0 1 0) -> 144 (0 0 1 0 1 0)
Hop 1: [6736-6192] 6736 (3 1 0 2 1 0) -> 6224 (3 0 0 2 1 0)
Hop 1: [2112-1568] 2112 (1 0 0 2 0 0) -> 64 (0 0 0 2 0 0)
Hop 1: [4880-6288] 4880 (2 1 2 0 1 0) -> 6928 (3 1 2 0 1 0)
Hop 1: [5664-7808] 5664 (2 3 0 1 0 0) -> 7712 (3 3 0 1 0 0)
Hop 1: [6336-6288] 6336 (3 0 1 2 0 0) -> 6368 (3 0 1 3 0 0)
Hop 1: [1840-48] 1840 (0 3 2 1 1 0) -> 304 (0 0 2 1 1 0)
Hop 1: [7504-6288] 7504 (3 2 2 2 1 0) -> 8016 (3 3 2 2 1 0)
Hop 1: [16-48] 16 (0 0 0 0 1 0) -> 48 (0 0 0 1 1 0)
Hop 1: [3568-1664] 3568 (1 2 3 3 1 0) -> 1520 (0 2 3 3 1 0)
Hop 1: [752-1664] 752 (0 1 1 3 1 0) -> 240 (0 0 1 3 1 0)
Hop 1: [4128-48] 4128 (2 0 0 1 0 0) -> 6176 (3 0 0 1 0 0)
Hop 1: [8080-6288] 8080 (3 3 3 0 1 0) -> 6544 (3 0 3 0 1 0)
Hop 1: [4960-7712] 4960 (2 1 2 3 0 0) -> 7008 (3 1 2 3 0 0)
Hop 1: [3856-1664] 3856 (1 3 2 0 1 0) -> 1808 (0 3 2 0 1 0)
Hop 1: [5712-6192] 5712 (2 3 0 2 1 0) -> 7760 (3 3 0 2 1 0)
Hop 1: [32-48] 32 (0 0 0 1 0 0) -> 48 (0 0 0 1 1 0)
Hop 1: [3536-48] 3536 (1 2 3 2 1 0) -> 1488 (0 2 3 2 1 0)
Hop 1: [2512-48] 2512 (1 0 3 2 1 0) -> 464 (0 0 3 2 1 0)
Hop 1: [4512-7808] 4512 (2 0 3 1 0 0) -> 6560 (3 0 3 1 0 0)
Hop 1: [8096-1568] 8096 (3 3 3 1 0 0) -> 1952 (0 3 3 1 0 0)
Hop 1: [4944-6288] 4944 (2 1 2 2 1 0) -> 6992 (3 1 2 2 1 0)
Hop 1: [3456-1568] 3456 (1 2 3 0 0 0) -> 1408 (0 2 3 0 0 0)
Hop 1: [7536-144] 7536 (3 2 2 3 1 0) -> 1392 (0 2 2 3 1 0)
Hop 1: [2992-48] 2992 (1 1 3 1 1 0) -> 944 (0 1 3 1 1 0)
Hop 1: [3648-1568] 3648 (1 3 0 2 0 0) -> 1600 (0 3 0 2 0 0)
Hop 1: [720-48] 720 (0 1 1 2 1 0) -> 208 (0 0 1 2 1 0)
Hop 1: [4912-6288] 4912 (2 1 2 1 1 0) -> 6960 (3 1 2 1 1 0)
Hop 1: [5408-7712] 5408 (2 2 2 1 0 0) -> 7456 (3 2 2 1 0 0)
Hop 1: [6624-6288] 6624 (3 0 3 3 0 0) -> 6496 (3 0 2 3 0 0)
Hop 1: [1200-1568] 1200 (0 2 1 1 1 0) -> 1712 (0 3 1 1 1 0)
Hop 1: [7392-7808] 7392 (3 2 1 3 0 0) -> 7904 (3 3 1 3 0 0)
Hop 1: [5648-7712] 5648 (2 3 0 0 1 0) -> 7696 (3 3 0 0 1 0)
Hop 1: [3552-1568] 3552 (1 2 3 3 0 0) -> 1504 (0 2 3 3 0 0)
Hop 1: [3024-48] 3024 (1 1 3 2 1 0) -> 976 (0 1 3 2 1 0)
Hop 1: [6912-7808] 6912 (3 1 2 0 0 0) -> 6400 (3 0 2 0 0 0)
Hop 1: [272-144] 272 (0 0 2 0 1 0) -> 144 (0 0 1 0 1 0)
Hop 1: [6848-7808] 6848 (3 1 1 2 0 0) -> 6336 (3 0 1 2 0 0)
Hop 1: [3344-144] 3344 (1 2 2 0 1 0) -> 1296 (0 2 2 0 1 0)
Hop 1: [6112-7808] 6112 (2 3 3 3 0 0) -> 8160 (3 3 3 3 0 0)
Hop 1: [5120-7712] 5120 (2 2 0 0 0 0) -> 7168 (3 2 0 0 0 0)
Hop 1: [3424-1664] 3424 (1 2 2 3 0 0) -> 1376 (0 2 2 3 0 0)
Hop 1: [496-144] 496 (0 0 3 3 1 0) -> 368 (0 0 2 3 1 0)
Hop 1: [5008-6192] 5008 (2 1 3 0 1 0) -> 7056 (3 1 3 0 1 0)
Hop 1: [912-48] 912 (0 1 3 0 1 0) -> 400 (0 0 3 0 1 0)
Hop 1: [4336-7808] 4336 (2 0 1 3 1 0) -> 6384 (3 0 1 3 1 0)
Hop 1: [1936-144] 1936 (0 3 3 0 1 0) -> 400 (0 0 3 0 1 0)
Hop 1: [7520-1664] 7520 (3 2 2 3 0 0) -> 1376 (0 2 2 3 0 0)
Hop 1: [7600-7712] 7600 (3 2 3 1 1 0) -> 8112 (3 3 3 1 1 0)
Hop 1: [1248-1664] 1248 (0 2 1 3 0 0) -> 1760 (0 3 1 3 0 0)
Hop 1: [704-144] 704 (0 1 1 2 0 0) -> 192 (0 0 1 2 0 0)
Hop 1: [4096-7808] 4096 (2 0 0 0 0 0) -> 6144 (3 0 0 0 0 0)
Hop 1: [2208-48] 2208 (1 0 1 1 0 0) -> 160 (0 0 1 1 0 0)
Hop 1: [5056-7712] 5056 (2 1 3 2 0 0) -> 7104 (3 1 3 2 0 0)
Hop 1: [3376-144] 3376 (1 2 2 1 1 0) -> 1328 (0 2 2 1 1 0)
Hop 1: [8000-7808] 8000 (3 3 2 2 0 0) -> 7872 (3 3 1 2 0 0)
Hop 1: [176-48] 176 (0 0 1 1 1 0) -> 48 (0 0 0 1 1 0)
Hop 1: [1264-6288] 1264 (0 2 1 3 1 0) -> 7408 (3 2 1 3 1 0)
Hop 1: [2256-48] 2256 (1 0 1 2 1 0) -> 208 (0 0 1 2 1 0)
Hop 1: [4864-7808] 4864 (2 1 2 0 0 0) -> 6912 (3 1 2 0 0 0)
Hop 1: [7568-6192] 7568 (3 2 3 0 1 0) -> 8080 (3 3 3 0 1 0)
Hop 1: [6208-7712] 6208 (3 0 0 2 0 0) -> 7744 (3 3 0 2 0 0)
Hop 1: [3600-1568] 3600 (1 3 0 0 1 0) -> 1552 (0 3 0 0 1 0)
Hop 1: [6096-6192] 6096 (2 3 3 2 1 0) -> 8144 (3 3 3 2 1 0)
Hop 1: [5536-1568] 5536 (2 2 3 1 0 0) -> 7584 (3 2 3 1 0 0)
Hop 1: [1344-1664] 1344 (0 2 2 2 0 0) -> 1856 (0 3 2 2 0 0)
Hop 1: [2784-1568] 2784 (1 1 1 3 0 0) -> 736 (0 1 1 3 0 0)
Hop 1: [5040-48] 5040 (2 1 3 1 1 0) -> 7088 (3 1 3 1 1 0)
Hop 1: [2192-144] 2192 (1 0 1 0 1 0) -> 144 (0 0 1 0 1 0)
Hop 1: [3664-48] 3664 (1 3 0 2 1 0) -> 1616 (0 3 0 2 1 0)
Hop 1: [3840-1664] 3840 (1 3 2 0 0 0) -> 1792 (0 3 2 0 0 0)
Hop 1: [5968-7808] 5968 (2 3 2 2 1 0) -> 8016 (3 3 2 2 1 0)
Hop 1: [7728-1568] 7728 (3 3 0 1 1 0) -> 1584 (0 3 0 1 1 0)
Hop 1: [6720-7712] 6720 (3 1 0 2 0 0) -> 6208 (3 0 0 2 0 0)
Hop 1: [1440-48] 1440 (0 2 3 1 0 0) -> 1952 (0 3 3 1 0 0)
Hop 1: [5024-48] 5024 (2 1 3 1 0 0) -> 7072 (3 1 3 1 0 0)
Hop 1: [2576-144] 2576 (1 1 0 0 1 0) -> 528 (0 1 0 0 1 0)
Hop 1: [2032-144] 2032 (0 3 3 3 1 0) -> 496 (0 0 3 3 1 0)
Hop 1: [3008-1568] 3008 (1 1 3 2 0 0) -> 960 (0 1 3 2 0 0)
Hop 1: [8160-7808] 8160 (3 3 3 3 0 0) -> 8032 (3 3 2 3 0 0)
Hop 1: [7840-7712] 7840 (3 3 1 1 0 0) -> 7712 (3 3 0 1 0 0)
Hop 1: [4704-7712] 4704 (2 1 0 3 0 0) -> 6752 (3 1 0 3 0 0)
Hop 1: [1280-1664] 1280 (0 2 2 0 0 0) -> 1792 (0 3 2 0 0 0)
Hop 1: [4224-7808] 4224 (2 0 1 0 0 0) -> 6272 (3 0 1 0 0 0)
Hop 1: [7552-7712] 7552 (3 2 3 0 0 0) -> 8064 (3 3 3 0 0 0)
Hop 1: [1984-1568] 1984 (0 3 3 2 0 0) -> 1600 (0 3 0 2 0 0)
Hop 1: [2896-48] 2896 (1 1 2 2 1 0) -> 848 (0 1 2 2 1 0)
Hop 1: [8032-1664] 8032 (3 3 2 3 0 0) -> 1888 (0 3 2 3 0 0)
Hop 1: [672-1568] 672 (0 1 1 1 0 0) -> 160 (0 0 1 1 0 0)
Hop 1: [4976-144] 4976 (2 1 2 3 1 0) -> 7024 (3 1 2 3 1 0)
Hop 1: [3248-1568] 3248 (1 2 1 1 1 0) -> 1200 (0 2 1 1 1 0)
Hop 1: [7040-6192] 7040 (3 1 3 0 0 0) -> 6528 (3 0 3 0 0 0)
Hop 1: [2976-6192] 2976 (1 1 3 1 0 0) -> 928 (0 1 3 1 0 0)
Hop 1: [464-48] 464 (0 0 3 2 1 0) -> 80 (0 0 0 2 1 0)
Hop 1: [8048-144] 8048 (3 3 2 3 1 0) -> 1904 (0 3 2 3 1 0)
Hop 1: [6528-7712] 6528 (3 0 3 0 0 0) -> 8064 (3 3 3 0 0 0)
Hop 1: [0-1568] 0 (0 0 0 0 0 0) -> 1536 (0 3 0 0 0 0)
Hop 2: [3696-48] 1648 (0 3 0 3 1 0) -> 112 (0 0 0 3 1 0)
Hop 2: [2432-48] 384 (0 0 3 0 0 0) -> 0 (0 0 0 0 0 0)
Hop 2: [3216-1664] 1168 (0 2 1 0 1 0) -> 1680 (0 3 1 0 1 0)
Hop 2: [1088-1568] 1600 (0 3 0 2 0 0) -> 1568 (0 3 0 1 0 0)
Hop 2: [2736-48] 688 (0 1 1 1 1 0) -> 176 (0 0 1 1 1 0)
Hop 2: [2672-48] 624 (0 1 0 3 1 0) -> 112 (0 0 0 3 1 0)
Hop 2: [6256-6288] 6384 (3 0 1 3 1 0) -> 6288 (3 0 1 0 1 0)
Hop 2: [6688-7712] 6176 (3 0 0 1 0 0) -> 7712 (3 3 0 1 0 0)
Hop 2: [688-48] 176 (0 0 1 1 1 0) -> 48 (0 0 0 1 1 0)
Hop 2: [1184-1568] 1696 (0 3 1 1 0 0) -> 1568 (0 3 0 1 0 0)
Hop 2: [5104-6192] 7152 (3 1 3 3 1 0) -> 6640 (3 0 3 3 1 0)
Hop 2: [5328-6192] 7376 (3 2 1 2 1 0) -> 7888 (3 3 1 2 1 0)
Hop 2: [5632-7808] 7680 (3 3 0 0 0 0) -> 7808 (3 3 1 0 0 0)
Hop 2: [992-144] 480 (0 0 3 3 0 0) -> 352 (0 0 2 3 0 0)
Hop 2: [1744-48] 208 (0 0 1 2 1 0) -> 80 (0 0 0 2 1 0)
Hop 2: [8016-6288] 6480 (3 0 2 2 1 0) -> 6352 (3 0 1 2 1 0)
Hop 2: [5680-7712] 7728 (3 3 0 1 1 0) -> 7712 (3 3 0 1 0 0)
Hop 2: [1648-144] 112 (0 0 0 3 1 0) -> 240 (0 0 1 3 1 0)
Hop 2: [7024-7808] 6512 (3 0 2 3 1 0) -> 8048 (3 3 2 3 1 0)
Hop 2: [4736-7808] 6784 (3 1 1 0 0 0) -> 6272 (3 0 1 0 0 0)
Hop 2: [2096-144] 48 (0 0 0 1 1 0) -> 176 (0 0 1 1 1 0)
Hop 2: [2160-48] 112 (0 0 0 3 1 0) -> 80 (0 0 0 2 1 0)
Hop 2: [1392-7808] 7536 (3 2 2 3 1 0) -> 8048 (3 3 2 3 1 0)
Hop 2: [6128-7808] 8176 (3 3 3 3 1 0) -> 8048 (3 3 2 3 1 0)
Hop 2: [7184-6192] 7696 (3 3 0 0 1 0) -> 6160 (3 0 0 0 1 0)
Hop 2: [1552-144] 16 (0 0 0 0 1 0) -> 144 (0 0 1 0 1 0)
Hop 2: [6480-6288] 6352 (3 0 1 2 1 0) -> 6384 (3 0 1 3 1 0)
Hop 2: [4256-7712] 6304 (3 0 1 1 0 0) -> 7840 (3 3 1 1 0 0)
Hop 2: [896-1664] 384 (0 0 3 0 0 0) -> 1920 (0 3 3 0 0 0)
Hop 2: [224-144] 128 (0 0 1 0 0 0) -> 144 (0 0 1 0 1 0)
Hop 2: [4032-1568] 1984 (0 3 3 2 0 0) -> 1600 (0 3 0 2 0 0)
Hop 2: [7664-6192] 8176 (3 3 3 3 1 0) -> 6640 (3 0 3 3 1 0)
Hop 2: [7344-7712] 7856 (3 3 1 1 1 0) -> 7728 (3 3 0 1 1 0)
Hop 2: [1920-1664] 1792 (0 3 2 0 0 0) -> 1664 (0 3 1 0 0 0)
Hop 2: [4432-6192] 6480 (3 0 2 2 1 0) -> 6608 (3 0 3 2 1 0)
Hop 2: [6784-7808] 6272 (3 0 1 0 0 0) -> 7808 (3 3 1 0 0 0)
Hop 2: [2352-144] 304 (0 0 2 1 1 0) -> 176 (0 0 1 1 1 0)
Hop 2: [2528-1568] 480 (0 0 3 3 0 0) -> 2016 (0 3 3 3 0 0)
Hop 2: [1728-1664] 1760 (0 3 1 3 0 0) -> 1664 (0 3 1 0 0 0)
Hop 2: [6560-6192] 6176 (3 0 0 1 0 0) -> 6192 (3 0 0 1 1 0)
Hop 2: [7168-7712] 7680 (3 3 0 0 0 0) -> 7712 (3 3 0 1 0 0)
Hop 2: [1072-48] 1584 (0 3 0 1 1 0) -> 48 (0 0 0 1 1 0)
Hop 2: [4448-7712] 6496 (3 0 2 3 0 0) -> 8032 (3 3 2 3 0 0)
Hop 2: [5856-1664] 7904 (3 3 1 3 0 0) -> 1760 (0 3 1 3 0 0)
Hop 2: [2864-48] 816 (0 1 2 1 1 0) -> 304 (0 0 2 1 1 0)
Hop 2: [736-144] 224 (0 0 1 3 0 0) -> 128 (0 0 1 0 0 0)
Hop 2: [3280-144] 1232 (0 2 1 2 1 0) -> 1744 (0 3 1 2 1 0)
Hop 2: [6656-6192] 6144 (3 0 0 0 0 0) -> 6176 (3 0 0 1 0 0)
Hop 2: [7696-6288] 6160 (3 0 0 0 1 0) -> 6288 (3 0 1 0 1 0)
Hop 2: [3104-1664] 1056 (0 2 0 1 0 0) -> 1568 (0 3 0 1 0 0)
Hop 2: [4800-6288] 6848 (3 1 1 2 0 0) -> 6336 (3 0 1 2 0 0)
Hop 2: [5728-7808] 7776 (3 3 0 3 0 0) -> 7904 (3 3 1 3 0 0)
Hop 2: [512-48] 0 (0 0 0 0 0 0) -> 32 (0 0 0 1 0 0)
Hop 2: [2544-48] 496 (0 0 3 3 1 0) -> 112 (0 0 0 3 1 0)
Hop 2: [3392-1664] 1344 (0 2 2 2 0 0) -> 1856 (0 3 2 2 0 0)
Hop 2: [4992-6192] 7040 (3 1 3 0 0 0) -> 6528 (3 0 3 0 0 0)
Hop 2: [5904-6288] 7952 (3 3 2 0 1 0) -> 6416 (3 0 2 0 1 0)
Hop 2: [1584-7712] 7728 (3 3 0 1 1 0) -> 7712 (3 3 0 1 0 0)
Hop 2: [7120-6192] 6608 (3 0 3 2 1 0) -> 6224 (3 0 0 2 1 0)
Hop 2: [8128-7712] 7744 (3 3 0 2 0 0) -> 7712 (3 3 0 1 0 0)
Hop 2: [7472-7712] 7984 (3 3 2 1 1 0) -> 8112 (3 3 3 1 1 0)
Hop 2: [3056-48] 1008 (0 1 3 3 1 0) -> 496 (0 0 3 3 1 0)
Hop 2: [1376-7808] 7520 (3 2 2 3 0 0) -> 8032 (3 3 2 3 0 0)
Hop 2: [6240-6192] 6208 (3 0 0 2 0 0) -> 6176 (3 0 0 1 0 0)
Hop 2: [560-144] 48 (0 0 0 1 1 0) -> 176 (0 0 1 1 1 0)
Hop 2: [4016-1568] 1968 (0 3 3 1 1 0) -> 1584 (0 3 0 1 1 0)
Hop 2: [4320-7712] 6368 (3 0 1 3 0 0) -> 7904 (3 3 1 3 0 0)
Hop 2: [7776-7808] 7904 (3 3 1 3 0 0) -> 7808 (3 3 1 0 0 0)
Hop 2: [7792-6288] 6256 (3 0 0 3 1 0) -> 6384 (3 0 1 3 1 0)
Hop 2: [3472-1568] 1424 (0 2 3 0 1 0) -> 1936 (0 3 3 0 1 0)
Hop 2: [1120-1664] 1632 (0 3 0 3 0 0) -> 1760 (0 3 1 3 0 0)
Hop 2: [4528-6192] 6576 (3 0 3 1 1 0) -> 6192 (3 0 0 1 1 0)
Hop 2: [96-1664] 1632 (0 3 0 3 0 0) -> 1760 (0 3 1 3 0 0)
Hop 2: [2624-1568] 576 (0 1 0 2 0 0) -> 64 (0 0 0 2 0 0)
Hop 2: [6752-6288] 6240 (3 0 0 3 0 0) -> 6368 (3 0 1 3 0 0)
Hop 2: [5200-6192] 7248 (3 2 0 2 1 0) -> 7760 (3 3 0 2 1 0)
Hop 2: [5552-1568] 7600 (3 2 3 1 1 0) -> 1456 (0 2 3 1 1 0)
Hop 2: [1328-1568] 1840 (0 3 2 1 1 0) -> 1968 (0 3 3 1 1 0)
Hop 2: [3184-48] 1136 (0 2 0 3 1 0) -> 1648 (0 3 0 3 1 0)
Hop 2: [4896-6192] 6944 (3 1 2 1 0 0) -> 6432 (3 0 2 1 0 0)
Hop 2: [2448-144] 400 (0 0 3 0 1 0) -> 272 (0 0 2 0 1 0)
Hop 2: [1008-144] 496 (0 0 3 3 1 0) -> 368 (0 0 2 3 1 0)
Hop 2: [4160-7712] 6208 (3 0 0 2 0 0) -> 7744 (3 3 0 2 0 0)
Hop 2: [5840-6192] 7888 (3 3 1 2 1 0) -> 6352 (3 0 1 2 1 0)
Hop 2: [7456-7712] 7968 (3 3 2 1 0 0) -> 8096 (3 3 3 1 0 0)
Hop 2: [1824-1568] 1952 (0 3 3 1 0 0) -> 1568 (0 3 0 1 0 0)
Hop 2: [1104-48] 1616 (0 3 0 2 1 0) -> 80 (0 0 0 2 1 0)
Hop 2: [6080-7712] 8128 (3 3 3 2 0 0) -> 7744 (3 3 0 2 0 0)
Hop 2: [2688-1664] 640 (0 1 1 0 0 0) -> 128 (0 0 1 0 0 0)
Hop 2: [592-48] 80 (0 0 0 2 1 0) -> 48 (0 0 0 1 1 0)
Hop 2: [5088-7712] 7136 (3 1 3 3 0 0) -> 6624 (3 0 3 3 0 0)
Hop 2: [6960-6192] 6448 (3 0 2 1 1 0) -> 6576 (3 0 3 1 1 0)
Hop 2: [5152-7808] 7200 (3 2 0 1 0 0) -> 7712 (3 3 0 1 0 0)
Hop 2: [1024-1568] 1536 (0 3 0 0 0 0) -> 1568 (0 3 0 1 0 0)
Hop 2: [3152-48] 1104 (0 2 0 2 1 0) -> 1616 (0 3 0 2 1 0)
Hop 2: [7632-6192] 8144 (3 3 3 2 1 0) -> 6608 (3 0 3 2 1 0)
Hop 2: [160-48] 32 (0 0 0 1 0 0) -> 48 (0 0 0 1 1 0)
Hop 2: [3040-144] 992 (0 1 3 3 0 0) -> 480 (0 0 3 3 0 0)
Hop 2: [6992-6288] 6480 (3 0 2 2 1 0) -> 6352 (3 0 1 2 1 0)
Hop 2: [7072-48] 928 (0 1 3 1 0 0) -> 416 (0 0 3 1 0 0)
Hop 2: [5376-7808] 7424 (3 2 2 0 0 0) -> 7936 (3 3 2 0 0 0)
Hop 2: [3232-1664] 1184 (0 2 1 1 0 0) -> 1696 (0 3 1 1 0 0)
Hop 2: [3776-1568] 1728 (0 3 1 2 0 0) -> 1600 (0 3 0 2 0 0)
Hop 2: [5232-7808] 7280 (3 2 0 3 1 0) -> 7792 (3 3 0 3 1 0)
Hop 2: [2608-144] 560 (0 1 0 1 1 0) -> 48 (0 0 0 1 1 0)
Hop 2: [848-144] 336 (0 0 2 2 1 0) -> 208 (0 0 1 2 1 0)
Hop 2: [4848-6192] 6896 (3 1 1 3 1 0) -> 6384 (3 0 1 3 1 0)
Hop 2: [7280-6192] 7792 (3 3 0 3 1 0) -> 6256 (3 0 0 3 1 0)
Hop 2: [2944-48] 896 (0 1 3 0 0 0) -> 384 (0 0 3 0 0 0)
Hop 2: [2384-144] 336 (0 0 2 2 1 0) -> 208 (0 0 1 2 1 0)
Hop 2: [3168-1664] 1120 (0 2 0 3 0 0) -> 1632 (0 3 0 3 0 0)
Hop 2: [4752-6288] 6800 (3 1 1 0 1 0) -> 6288 (3 0 1 0 1 0)
Hop 2: [5808-6288] 7856 (3 3 1 1 1 0) -> 6320 (3 0 1 1 1 0)
Hop 2: [1312-1568] 1824 (0 3 2 1 0 0) -> 1952 (0 3 3 1 0 0)
Hop 2: [6464-7712] 8000 (3 3 2 2 0 0) -> 8128 (3 3 3 2 0 0)
Hop 2: [7920-1664] 1776 (0 3 1 3 1 0) -> 1680 (0 3 1 0 1 0)
Hop 2: [288-48] 416 (0 0 3 1 0 0) -> 32 (0 0 0 1 0 0)
Hop 2: [3872-1568] 1824 (0 3 2 1 0 0) -> 1952 (0 3 3 1 0 0)
Hop 2: [4208-6192] 6256 (3 0 0 3 1 0) -> 6224 (3 0 0 2 1 0)
Hop 2: [5824-7808] 7872 (3 3 1 2 0 0) -> 7904 (3 3 1 3 0 0)
Hop 2: [5248-7808] 7296 (3 2 1 0 0 0) -> 7808 (3 3 1 0 0 0)
Hop 2: [2400-144] 352 (0 0 2 3 0 0) -> 224 (0 0 1 3 0 0)
Hop 2: [3808-7808] 1760 (0 3 1 3 0 0) -> 7904 (3 3 1 3 0 0)
Hop 2: [4400-6192] 6448 (3 0 2 1 1 0) -> 6576 (3 0 3 1 1 0)
Hop 2: [2704-144] 656 (0 1 1 0 1 0) -> 144 (0 0 1 0 1 0)
Hop 2: [3488-48] 1440 (0 2 3 1 0 0) -> 1952 (0 3 3 1 0 0)
Hop 2: [4832-6288] 6880 (3 1 1 3 0 0) -> 6368 (3 0 1 3 0 0)
Hop 2: [5568-7712] 7616 (3 2 3 2 0 0) -> 8128 (3 3 3 2 0 0)
Hop 2: [7312-6288] 7824 (3 3 1 0 1 0) -> 6288 (3 0 1 0 1 0)
Hop 2: [2496-1568] 448 (0 0 3 2 0 0) -> 1984 (0 3 3 2 0 0)
Hop 2: [1776-7808] 7920 (3 3 1 3 1 0) -> 7824 (3 3 1 0 1 0)
Hop 2: [6816-6192] 6304 (3 0 1 1 0 0) -> 6176 (3 0 0 1 0 0)
Hop 2: [416-1664] 1952 (0 3 3 1 0 0) -> 1824 (0 3 2 1 0 0)
Hop 2: [3360-1568] 1312 (0 2 2 1 0 0) -> 1824 (0 3 2 1 0 0)
Hop 2: [6352-6288] 6384 (3 0 1 3 1 0) -> 6288 (3 0 1 0 1 0)
Hop 2: [5312-7712] 7360 (3 2 1 2 0 0) -> 7872 (3 3 1 2 0 0)
Hop 2: [7584-1568] 1440 (0 2 3 1 0 0) -> 1952 (0 3 3 1 0 0)
Hop 2: [336-144] 208 (0 0 1 2 1 0) -> 240 (0 0 1 3 1 0)
Hop 2: [4720-6192] 6768 (3 1 0 3 1 0) -> 6256 (3 0 0 3 1 0)
Hop 2: [4480-7712] 6528 (3 0 3 0 0 0) -> 8064 (3 3 3 0 0 0)
Hop 2: [2176-1664] 128 (0 0 1 0 0 0) -> 1664 (0 3 1 0 0 0)
Hop 2: [3888-144] 1840 (0 3 2 1 1 0) -> 304 (0 0 2 1 1 0)
Hop 2: [3312-1664] 1264 (0 2 1 3 1 0) -> 1776 (0 3 1 3 1 0)
Hop 2: [5616-6192] 7664 (3 2 3 3 1 0) -> 8176 (3 3 3 3 1 0)
Hop 2: [5280-7712] 7328 (3 2 1 1 0 0) -> 7840 (3 3 1 1 0 0)
Hop 2: [320-1664] 1856 (0 3 2 2 0 0) -> 1728 (0 3 1 2 0 0)
Hop 2: [6512-144] 368 (0 0 2 3 1 0) -> 240 (0 0 1 3 1 0)
Hop 2: [7056-6192] 6544 (3 0 3 0 1 0) -> 6160 (3 0 0 0 1 0)
Hop 2: [2304-1664] 256 (0 0 2 0 0 0) -> 1792 (0 3 2 0 0 0)
Hop 2: [3632-1568] 1584 (0 3 0 1 1 0) -> 1568 (0 3 0 1 0 0)
Hop 2: [4064-1568] 2016 (0 3 3 3 0 0) -> 1632 (0 3 0 3 0 0)
Hop 2: [5184-7712] 7232 (3 2 0 2 0 0) -> 7744 (3 3 0 2 0 0)
Hop 2: [6064-1568] 8112 (3 3 3 1 1 0) -> 1968 (0 3 3 1 1 0)
Hop 2: [2144-1568] 96 (0 0 0 3 0 0) -> 1632 (0 3 0 3 0 0)
Hop 2: [7136-6288] 6624 (3 0 3 3 0 0) -> 6496 (3 0 2 3 0 0)
Hop 2: [6672-6288] 6160 (3 0 0 0 1 0) -> 6288 (3 0 1 0 1 0)
Hop 2: [384-1664] 1920 (0 3 3 0 0 0) -> 1792 (0 3 2 0 0 0)
Hop 2: [3616-1664] 1568 (0 3 0 1 0 0) -> 1696 (0 3 1 1 0 0)
Hop 2: [1488-48] 2000 (0 3 3 2 1 0) -> 464 (0 0 3 2 1 0)
Hop 2: [5744-7808] 7792 (3 3 0 3 1 0) -> 7920 (3 3 1 3 1 0)
Hop 2: [7984-6288] 6448 (3 0 2 1 1 0) -> 6320 (3 0 1 1 1 0)
Hop 2: [448-1568] 1984 (0 3 3 2 0 0) -> 1600 (0 3 0 2 0 0)
Hop 2: [4688-6192] 6736 (3 1 0 2 1 0) -> 6224 (3 0 0 2 1 0)
Hop 2: [5600-7808] 7648 (3 2 3 3 0 0) -> 8160 (3 3 3 3 0 0)
Hop 2: [432-1568] 1968 (0 3 3 1 1 0) -> 1584 (0 3 0 1 1 0)
Hop 2: [1456-144] 1968 (0 3 3 1 1 0) -> 432 (0 0 3 1 1 0)
Hop 2: [3792-1664] 1744 (0 3 1 2 1 0) -> 1776 (0 3 1 3 1 0)
Hop 2: [4784-6192] 6832 (3 1 1 1 1 0) -> 6320 (3 0 1 1 1 0)
Hop 2: [7968-7712] 8096 (3 3 3 1 0 0) -> 7712 (3 3 0 1 0 0)
Hop 2: [864-7808] 7008 (3 1 2 3 0 0) -> 6496 (3 0 2 3 0 0)
Hop 2: [4560-6192] 6608 (3 0 3 2 1 0) -> 6224 (3 0 0 2 1 0)
Hop 2: [5952-7808] 8000 (3 3 2 2 0 0) -> 7872 (3 3 1 2 0 0)
Hop 2: [400-48] 16 (0 0 0 0 1 0) -> 48 (0 0 0 1 1 0)
Hop 2: [1424-48] 1936 (0 3 3 0 1 0) -> 400 (0 0 3 0 1 0)
Hop 2: [3296-1664] 1248 (0 2 1 3 0 0) -> 1760 (0 3 1 3 0 0)
Hop 2: [4656-6288] 6704 (3 1 0 1 1 0) -> 6192 (3 0 0 1 1 0)
Hop 2: [7440-6288] 7952 (3 3 2 0 1 0) -> 6416 (3 0 2 0 1 0)
Hop 2: [352-7808] 6496 (3 0 2 3 0 0) -> 8032 (3 3 2 3 0 0)
Hop 2: [6496-6288] 6368 (3 0 1 3 0 0) -> 6272 (3 0 1 0 0 0)
Hop 2: [5440-7808] 7488 (3 2 2 2 0 0) -> 8000 (3 3 2 2 0 0)
Hop 2: [2320-144] 272 (0 0 2 0 1 0) -> 144 (0 0 1 0 1 0)
Hop 2: [3968-1568] 1920 (0 3 3 0 0 0) -> 1536 (0 3 0 0 0 0)
Hop 2: [4416-6288] 6464 (3 0 2 2 0 0) -> 6336 (3 0 1 2 0 0)
Hop 2: [7088-7712] 6576 (3 0 3 1 1 0) -> 8112 (3 3 3 1 1 0)
Hop 2: [7856-6288] 6320 (3 0 1 1 1 0) -> 6288 (3 0 1 0 1 0)
Hop 2: [880-6288] 7024 (3 1 2 3 1 0) -> 6512 (3 0 2 3 1 0)
Hop 2: [3136-1568] 1088 (0 2 0 2 0 0) -> 1600 (0 3 0 2 0 0)
Hop 2: [7408-1664] 1264 (0 2 1 3 1 0) -> 1776 (0 3 1 3 1 0)
Hop 2: [2720-1664] 672 (0 1 1 1 0 0) -> 160 (0 0 1 1 0 0)
Hop 2: [3744-1664] 1696 (0 3 1 1 0 0) -> 1664 (0 3 1 0 0 0)
Hop 2: [4544-7712] 6592 (3 0 3 2 0 0) -> 8128 (3 3 3 2 0 0)
Hop 2: [4384-6192] 6432 (3 0 2 1 0 0) -> 6560 (3 0 3 1 0 0)
Hop 2: [5168-48] 7216 (3 2 0 1 1 0) -> 1072 (0 2 0 1 1 0)
Hop 2: [2272-1664] 224 (0 0 1 3 0 0) -> 1760 (0 3 1 3 0 0)
Hop 2: [1472-1568] 1984 (0 3 3 2 0 0) -> 1600 (0 3 0 2 0 0)
Hop 2: [5984-1664] 8032 (3 3 2 3 0 0) -> 1888 (0 3 2 3 0 0)
Hop 2: [2048-1664] 0 (0 0 0 0 0 0) -> 1536 (0 3 0 0 0 0)
Hop 2: [1168-144] 1680 (0 3 1 0 1 0) -> 144 (0 0 1 0 1 0)
Hop 2: [1232-48] 1744 (0 3 1 2 1 0) -> 208 (0 0 1 2 1 0)
Hop 2: [6576-48] 432 (0 0 3 1 1 0) -> 48 (0 0 0 1 1 0)
Hop 2: [2064-144] 16 (0 0 0 0 1 0) -> 144 (0 0 1 0 1 0)
Hop 2: [624-48] 112 (0 0 0 3 1 0) -> 80 (0 0 0 2 1 0)
Hop 2: [4576-7808] 6624 (3 0 3 3 0 0) -> 8160 (3 3 3 3 0 0)
Hop 2: [7488-7808] 8000 (3 3 2 2 0 0) -> 7872 (3 3 1 2 0 0)
Hop 2: [7328-7712] 7840 (3 3 1 1 0 0) -> 7712 (3 3 0 1 0 0)
Hop 2: [2240-144] 192 (0 0 1 2 0 0) -> 224 (0 0 1 3 0 0)
Hop 2: [1632-1664] 1760 (0 3 1 3 0 0) -> 1664 (0 3 1 0 0 0)
Hop 2: [4608-7808] 6656 (3 1 0 0 0 0) -> 6144 (3 0 0 0 0 0)
Hop 2: [2224-144] 176 (0 0 1 1 1 0) -> 144 (0 0 1 0 1 0)
Hop 2: [3088-48] 1040 (0 2 0 0 1 0) -> 1552 (0 3 0 0 1 0)
Hop 2: [4288-6288] 6336 (3 0 1 2 0 0) -> 6368 (3 0 1 3 0 0)
Hop 2: [7264-7808] 7776 (3 3 0 3 0 0) -> 7904 (3 3 1 3 0 0)
Hop 2: [5264-6288] 7312 (3 2 1 0 1 0) -> 7824 (3 3 1 0 1 0)
Hop 2: [2416-6288] 368 (0 0 2 3 1 0) -> 6512 (3 0 2 3 1 0)
Hop 2: [3520-1568] 1472 (0 2 3 2 0 0) -> 1984 (0 3 3 2 0 0)
Hop 2: [4272-6288] 6320 (3 0 1 1 1 0) -> 6288 (3 0 1 0 1 0)
Hop 2: [2560-48] 512 (0 1 0 0 0 0) -> 0 (0 0 0 0 0 0)
Hop 2: [1040-144] 1552 (0 3 0 0 1 0) -> 16 (0 0 0 0 1 0)
Hop 2: [4192-7712] 6240 (3 0 0 3 0 0) -> 7776 (3 3 0 3 0 0)
Hop 2: [7888-7808] 7920 (3 3 1 3 1 0) -> 7824 (3 3 1 0 1 0)
Hop 2: [8112-1568] 1968 (0 3 3 1 1 0) -> 1584 (0 3 0 1 1 0)
Hop 2: [2800-1664] 752 (0 1 1 3 1 0) -> 240 (0 0 1 3 1 0)
Hop 2: [2000-48] 464 (0 0 3 2 1 0) -> 80 (0 0 0 2 1 0)
Hop 2: [5488-1664] 7536 (3 2 2 3 1 0) -> 1392 (0 2 2 3 1 0)
Hop 2: [2464-7712] 416 (0 0 3 1 0 0) -> 6560 (3 0 3 1 0 0)
Hop 2: [1968-144] 432 (0 0 3 1 1 0) -> 304 (0 0 2 1 1 0)
Hop 2: [4928-6288] 6976 (3 1 2 2 0 0) -> 6464 (3 0 2 2 0 0)
Hop 2: [4368-6288] 6416 (3 0 2 0 1 0) -> 6288 (3 0 1 0 1 0)
Hop 2: [5392-7808] 7440 (3 2 2 0 1 0) -> 7952 (3 3 2 0 1 0)
Hop 2: [2912-1568] 864 (0 1 2 3 0 0) -> 352 (0 0 2 3 0 0)
Hop 2: [3824-7808] 1776 (0 3 1 3 1 0) -> 7920 (3 3 1 3 1 0)
Hop 2: [7872-7808] 7904 (3 3 1 3 0 0) -> 7808 (3 3 1 0 0 0)
Hop 2: [2960-48] 912 (0 1 3 0 1 0) -> 400 (0 0 3 0 1 0)
Hop 2: [3504-7712] 1456 (0 2 3 1 1 0) -> 7600 (3 2 3 1 1 0)
Hop 2: [1904-1664] 1776 (0 3 1 3 1 0) -> 1680 (0 3 1 0 1 0)
Hop 2: [4496-6192] 6544 (3 0 3 0 1 0) -> 6160 (3 0 0 0 1 0)
Hop 2: [5296-7712] 7344 (3 2 1 1 1 0) -> 7856 (3 3 1 1 1 0)
Hop 2: [2640-48] 592 (0 1 0 2 1 0) -> 80 (0 0 0 2 1 0)
Hop 2: [6608-6192] 6224 (3 0 0 2 1 0) -> 6192 (3 0 0 1 1 0)
Hop 2: [5216-7808] 7264 (3 2 0 3 0 0) -> 7776 (3 3 0 3 0 0)
Hop 2: [784-144] 272 (0 0 2 0 1 0) -> 144 (0 0 1 0 1 0)
Hop 2: [3984-144] 1936 (0 3 3 0 1 0) -> 400 (0 0 3 0 1 0)
Hop 2: [1504-1664] 2016 (0 3 3 3 0 0) -> 1888 (0 3 2 3 0 0)
Hop 2: [4640-6192] 6688 (3 1 0 1 0 0) -> 6176 (3 0 0 1 0 0)
Hop 2: [928-6192] 7072 (3 1 3 1 0 0) -> 6560 (3 0 3 1 0 0)
Hop 2: [976-48] 464 (0 0 3 2 1 0) -> 80 (0 0 0 2 1 0)
Hop 2: [4176-6192] 6224 (3 0 0 2 1 0) -> 6192 (3 0 0 1 1 0)
Hop 2: [8176-7808] 8048 (3 3 2 3 1 0) -> 7920 (3 3 1 3 1 0)
Hop 2: [5424-6288] 7472 (3 2 2 1 1 0) -> 7984 (3 3 2 1 1 0)
Hop 2: [4000-1568] 1952 (0 3 3 1 0 0) -> 1568 (0 3 0 1 0 0)
Hop 2: [1856-1664] 1728 (0 3 1 2 0 0) -> 1760 (0 3 1 3 0 0)
Hop 2: [8144-6192] 6608 (3 0 3 2 1 0) -> 6224 (3 0 0 2 1 0)
Hop 2: [544-48] 32 (0 0 0 1 0 0) -> 48 (0 0 0 1 1 0)
Hop 2: [480-144] 352 (0 0 2 3 0 0) -> 224 (0 0 1 3 0 0)
Hop 2: [6864-6288] 6352 (3 0 1 2 1 0) -> 6384 (3 0 1 3 1 0)
Hop 2: [7648-7712] 8160 (3 3 3 3 0 0) -> 7776 (3 3 0 3 0 0)
Hop 2: [1056-1664] 1568 (0 3 0 1 0 0) -> 1696 (0 3 1 1 0 0)
Hop 2: [3264-1568] 1216 (0 2 1 2 0 0) -> 1728 (0 3 1 2 0 0)
Hop 2: [4624-6192] 6672 (3 1 0 0 1 0) -> 6160 (3 0 0 0 1 0)
Hop 2: [5520-6192] 7568 (3 2 3 0 1 0) -> 8080 (3 3 3 0 1 0)
Hop 2: [2768-144] 720 (0 1 1 2 1 0) -> 208 (0 0 1 2 1 0)
Hop 2: [6640-6288] 6512 (3 0 2 3 1 0) -> 6384 (3 0 1 3 1 0)
Hop 2: [6000-6288] 8048 (3 3 2 3 1 0) -> 6512 (3 0 2 3 1 0)
Hop 2: [2848-48] 800 (0 1 2 1 0 0) -> 288 (0 0 2 1 0 0)
Hop 2: [3760-1568] 1712 (0 3 1 1 1 0) -> 1584 (0 3 0 1 1 0)
Hop 2: [3408-144] 1360 (0 2 2 2 1 0) -> 1872 (0 3 2 2 1 0)
Hop 2: [6928-6288] 6416 (3 0 2 0 1 0) -> 6288 (3 0 1 0 1 0)
Hop 2: [7216-6192] 7728 (3 3 0 1 1 0) -> 6192 (3 0 0 1 1 0)
Hop 2: [368-6288] 6512 (3 0 2 3 1 0) -> 6384 (3 0 1 3 1 0)
Hop 2: [7008-7712] 6496 (3 0 2 3 0 0) -> 8032 (3 3 2 3 0 0)
Hop 2: [5344-7808] 7392 (3 2 1 3 0 0) -> 7904 (3 3 1 3 0 0)
Hop 2: [2832-144] 784 (0 1 2 0 1 0) -> 272 (0 0 2 0 1 0)
Hop 2: [3120-1568] 1072 (0 2 0 1 1 0) -> 1584 (0 3 0 1 1 0)
Hop 2: [3904-1664] 1856 (0 3 2 2 0 0) -> 1728 (0 3 1 2 0 0)
Hop 2: [6144-7712] 7680 (3 3 0 0 0 0) -> 7712 (3 3 0 1 0 0)
Hop 2: [7952-6288] 6416 (3 0 2 0 1 0) -> 6288 (3 0 1 0 1 0)
Hop 2: [2368-144] 320 (0 0 2 2 0 0) -> 192 (0 0 1 2 0 0)
Hop 2: [3920-1664] 1872 (0 3 2 2 1 0) -> 1744 (0 3 1 2 1 0)
Hop 2: [5872-6288] 7920 (3 3 1 3 1 0) -> 6384 (3 0 1 3 1 0)
Hop 2: [304-48] 432 (0 0 3 1 1 0) -> 48 (0 0 0 1 1 0)
Hop 2: [1808-144] 272 (0 0 2 0 1 0) -> 144 (0 0 1 0 1 0)
Hop 2: [4672-7712] 6720 (3 1 0 2 0 0) -> 6208 (3 0 0 2 0 0)
Hop 2: [6304-6192] 6176 (3 0 0 1 0 0) -> 6192 (3 0 0 1 1 0)
Hop 2: [5504-7712] 7552 (3 2 3 0 0 0) -> 8064 (3 3 3 0 0 0)
Hop 2: [608-144] 96 (0 0 0 3 0 0) -> 224 (0 0 1 3 0 0)
Hop 2: [1520-48] 2032 (0 3 3 3 1 0) -> 496 (0 0 3 3 1 0)
Hop 2: [5472-6288] 7520 (3 2 2 3 0 0) -> 8032 (3 3 2 3 0 0)
Hop 2: [256-1664] 1792 (0 3 2 0 0 0) -> 1664 (0 3 1 0 0 0)
Hop 2: [3200-1664] 1152 (0 2 1 0 0 0) -> 1664 (0 3 1 0 0 0)
Hop 2: [6368-6288] 6272 (3 0 1 0 0 0) -> 6288 (3 0 1 0 1 0)
Hop 2: [6544-6192] 6160 (3 0 0 0 1 0) -> 6192 (3 0 0 1 1 0)
Hop 2: [6032-7712] 8080 (3 3 3 0 1 0) -> 7696 (3 3 0 0 1 0)
Hop 2: [2288-6288] 240 (0 0 1 3 1 0) -> 6384 (3 0 1 3 1 0)
Hop 2: [1872-144] 336 (0 0 2 2 1 0) -> 208 (0 0 1 2 1 0)
Hop 2: [7760-6192] 6224 (3 0 0 2 1 0) -> 6192 (3 0 0 1 1 0)
Hop 2: [944-6192] 7088 (3 1 3 1 1 0) -> 6576 (3 0 3 1 1 0)
Hop 2: [576-1568] 64 (0 0 0 2 0 0) -> 1600 (0 3 0 2 0 0)
Hop 2: [6592-7712] 8128 (3 3 3 2 0 0) -> 7744 (3 3 0 2 0 0)
Hop 2: [7360-7808] 7872 (3 3 1 2 0 0) -> 7904 (3 3 1 3 0 0)
Hop 2: [6016-7712] 8064 (3 3 3 0 0 0) -> 7680 (3 3 0 0 0 0)
Hop 2: [1408-1568] 1920 (0 3 3 0 0 0) -> 1536 (0 3 0 0 0 0)
Hop 2: [1136-48] 1648 (0 3 0 3 1 0) -> 112 (0 0 0 3 1 0)
Hop 2: [6432-6192] 6560 (3 0 3 1 0 0) -> 6176 (3 0 0 1 0 0)
Hop 2: [2080-6192] 32 (0 0 0 1 0 0) -> 6176 (3 0 0 1 0 0)
Hop 2: [2928-1664] 880 (0 1 2 3 1 0) -> 368 (0 0 2 3 1 0)
Hop 2: [6976-6288] 6464 (3 0 2 2 0 0) -> 6336 (3 0 1 2 0 0)
Hop 2: [6944-6192] 6432 (3 0 2 1 0 0) -> 6560 (3 0 3 1 0 0)
Hop 2: [5136-6288] 7184 (3 2 0 0 1 0) -> 7696 (3 3 0 0 1 0)
Hop 2: [2880-1568] 832 (0 1 2 2 0 0) -> 320 (0 0 2 2 0 0)
Hop 2: [1888-7808] 8032 (3 3 2 3 0 0) -> 7904 (3 3 1 3 0 0)
Hop 2: [5696-7712] 7744 (3 3 0 2 0 0) -> 7712 (3 3 0 1 0 0)
Hop 2: [2592-6192] 544 (0 1 0 1 0 0) -> 6688 (3 1 0 1 0 0)
Hop 2: [2752-144] 704 (0 1 1 2 0 0) -> 192 (0 0 1 2 0 0)
Hop 2: [6880-7712] 6368 (3 0 1 3 0 0) -> 7904 (3 3 1 3 0 0)
Hop 2: [6400-7808] 7936 (3 3 2 0 0 0) -> 7808 (3 3 1 0 0 0)
Hop 2: [5792-7712] 7840 (3 3 1 1 0 0) -> 7712 (3 3 0 1 0 0)
Hop 2: [208-144] 240 (0 0 1 3 1 0) -> 144 (0 0 1 0 1 0)
Hop 2: [3680-1664] 1632 (0 3 0 3 0 0) -> 1760 (0 3 1 3 0 0)
Hop 2: [7376-6288] 7888 (3 3 1 2 1 0) -> 6352 (3 0 1 2 1 0)
Hop 2: [640-1664] 128 (0 0 1 0 0 0) -> 1664 (0 3 1 0 0 0)
Hop 2: [1712-144] 176 (0 0 1 1 1 0) -> 144 (0 0 1 0 1 0)
Hop 2: [6896-144] 752 (0 1 1 3 1 0) -> 240 (0 0 1 3 1 0)
Hop 2: [4112-6288] 6160 (3 0 0 0 1 0) -> 6288 (3 0 1 0 1 0)
Hop 2: [6048-6192] 8096 (3 3 3 1 0 0) -> 6560 (3 0 3 1 0 0)
Hop 2: [112-144] 240 (0 0 1 3 1 0) -> 144 (0 0 1 0 1 0)
Hop 2: [1216-1664] 1728 (0 3 1 2 0 0) -> 1760 (0 3 1 3 0 0)
Hop 2: [5456-7712] 7504 (3 2 2 2 1 0) -> 8016 (3 3 2 2 1 0)
Hop 2: [2480-1568] 432 (0 0 3 1 1 0) -> 1968 (0 3 3 1 1 0)
Hop 2: [3584-1568] 1536 (0 3 0 0 0 0) -> 1568 (0 3 0 1 0 0)
Hop 2: [7104-7712] 6592 (3 0 3 2 0 0) -> 8128 (3 3 3 2 0 0)
Hop 2: [7616-7712] 8128 (3 3 3 2 0 0) -> 7744 (3 3 0 2 0 0)
Hop 2: [5920-7808] 7968 (3 3 2 1 0 0) -> 7840 (3 3 1 1 0 0)
Hop 2: [2128-48] 80 (0 0 0 2 1 0) -> 48 (0 0 0 1 1 0)
Hop 2: [1360-144] 1872 (0 3 2 2 1 0) -> 336 (0 0 2 2 1 0)
Hop 2: [4768-7808] 6816 (3 1 1 1 0 0) -> 6304 (3 0 1 1 0 0)
Hop 2: [528-144] 16 (0 0 0 0 1 0) -> 144 (0 0 1 0 1 0)
Hop 2: [1296-144] 1808 (0 3 2 0 1 0) -> 272 (0 0 2 0 1 0)
Hop 2: [4816-6192] 6864 (3 1 1 2 1 0) -> 6352 (3 0 1 2 1 0)
Hop 2: [4144-6288] 6192 (3 0 0 1 1 0) -> 6320 (3 0 1 1 1 0)
Hop 2: [7424-7808] 7936 (3 3 2 0 0 0) -> 7808 (3 3 1 0 0 0)
Hop 2: [832-1664] 320 (0 0 2 2 0 0) -> 1856 (0 3 2 2 0 0)
Hop 2: [1616-48] 80 (0 0 0 2 1 0) -> 48 (0 0 0 1 1 0)
Hop 2: [5360-7808] 7408 (3 2 1 3 1 0) -> 7920 (3 3 1 3 1 0)
Hop 2: [768-1664] 256 (0 0 2 0 0 0) -> 1792 (0 3 2 0 0 0)
Hop 2: [3728-144] 1680 (0 3 1 0 1 0) -> 144 (0 0 1 0 1 0)
Hop 2: [5072-6192] 7120 (3 1 3 2 1 0) -> 6608 (3 0 3 2 1 0)
Hop 2: [4352-7808] 6400 (3 0 2 0 0 0) -> 7936 (3 3 2 0 0 0)
Hop 2: [5776-7808] 7824 (3 3 1 0 1 0) -> 7808 (3 3 1 0 0 0)
Hop 2: [960-1568] 448 (0 0 3 2 0 0) -> 1984 (0 3 3 2 0 0)
Hop 2: [3952-144] 1904 (0 3 2 3 1 0) -> 368 (0 0 2 3 1 0)
Hop 2: [5584-6192] 7632 (3 2 3 2 1 0) -> 8144 (3 3 3 2 1 0)
Hop 2: [800-48] 288 (0 0 2 1 0 0) -> 416 (0 0 3 1 0 0)
Hop 2: [3328-1664] 1280 (0 2 2 0 0 0) -> 1792 (0 3 2 0 0 0)
Hop 2: [4592-6192] 6640 (3 0 3 3 1 0) -> 6256 (3 0 0 3 1 0)
Hop 2: [6832-6192] 6320 (3 0 1 1 1 0) -> 6192 (3 0 0 1 1 0)
Hop 2: [7200-7808] 7712 (3 3 0 1 0 0) -> 7840 (3 3 1 1 0 0)
Hop 2: [64-1568] 1600 (0 3 0 2 0 0) -> 1568 (0 3 0 1 0 0)
Hop 2: [4080-144] 2032 (0 3 3 3 1 0) -> 496 (0 0 3 3 1 0)
Hop 2: [7232-7712] 7744 (3 3 0 2 0 0) -> 7712 (3 3 0 1 0 0)
Hop 2: [2336-1568] 288 (0 0 2 1 0 0) -> 1824 (0 3 2 1 0 0)
Hop 2: [4464-7808] 6512 (3 0 2 3 1 0) -> 8048 (3 3 2 3 1 0)
Hop 2: [3072-1664] 1024 (0 2 0 0 0 0) -> 1536 (0 3 0 0 0 0)
Hop 2: [6448-6192] 6576 (3 0 3 1 1 0) -> 6192 (3 0 0 1 1 0)
Hop 2: [5936-6288] 7984 (3 3 2 1 1 0) -> 6448 (3 0 2 1 1 0)
Hop 2: [3936-144] 1888 (0 3 2 3 0 0) -> 352 (0 0 2 3 0 0)
Hop 2: [192-1568] 1728 (0 3 1 2 0 0) -> 1600 (0 3 0 2 0 0)
Hop 2: [7248-6192] 7760 (3 3 0 2 1 0) -> 6224 (3 0 0 2 1 0)
Hop 2: [2816-1664] 768 (0 1 2 0 0 0) -> 256 (0 0 2 0 0 0)
Hop 2: [7152-6288] 6640 (3 0 3 3 1 0) -> 6512 (3 0 2 3 1 0)
Hop 2: [1952-48] 416 (0 0 3 1 0 0) -> 32 (0 0 0 1 0 0)
Hop 2: [4880-6288] 6928 (3 1 2 0 1 0) -> 6416 (3 0 2 0 1 0)
Hop 2: [8064-7712] 7680 (3 3 0 0 0 0) -> 7712 (3 3 0 1 0 0)
Hop 2: [2016-1664] 1888 (0 3 2 3 0 0) -> 1760 (0 3 1 3 0 0)
Hop 2: [2656-1568] 608 (0 1 0 3 0 0) -> 96 (0 0 0 3 0 0)
Hop 2: [7504-6288] 8016 (3 3 2 2 1 0) -> 6480 (3 0 2 2 1 0)
Hop 2: [816-144] 304 (0 0 2 1 1 0) -> 176 (0 0 1 1 1 0)
Hop 2: [6768-6288] 6256 (3 0 0 3 1 0) -> 6384 (3 0 1 3 1 0)
Hop 2: [2112-1568] 64 (0 0 0 2 0 0) -> 1600 (0 3 0 2 0 0)
Hop 2: [4128-48] 6176 (3 0 0 1 0 0) -> 32 (0 0 0 1 0 0)
Hop 2: [5888-7808] 7936 (3 3 2 0 0 0) -> 7808 (3 3 1 0 0 0)
Hop 2: [3440-1664] 1392 (0 2 2 3 1 0) -> 1904 (0 3 2 3 1 0)
Hop 2: [1840-48] 304 (0 0 2 1 1 0) -> 432 (0 0 3 1 1 0)
Hop 2: [5712-6192] 7760 (3 3 0 2 1 0) -> 6224 (3 0 0 2 1 0)
Hop 2: [5664-7808] 7712 (3 3 0 1 0 0) -> 7840 (3 3 1 1 0 0)
Hop 2: [4304-6288] 6352 (3 0 1 2 1 0) -> 6384 (3 0 1 3 1 0)
Hop 2: [752-1664] 240 (0 0 1 3 1 0) -> 1776 (0 3 1 3 1 0)
Hop 2: [4512-7808] 6560 (3 0 3 1 0 0) -> 8096 (3 3 3 1 0 0)
Hop 2: [8080-6288] 6544 (3 0 3 0 1 0) -> 6416 (3 0 2 0 1 0)
Hop 2: [4048-48] 2000 (0 3 3 2 1 0) -> 464 (0 0 3 2 1 0)
Hop 2: [3856-1664] 1808 (0 3 2 0 1 0) -> 1680 (0 3 1 0 1 0)
Hop 2: [7536-144] 1392 (0 2 2 3 1 0) -> 1904 (0 3 2 3 1 0)
Hop 2: [8096-1568] 1952 (0 3 3 1 0 0) -> 1568 (0 3 0 1 0 0)
Hop 2: [6736-6192] 6224 (3 0 0 2 1 0) -> 6192 (3 0 0 1 1 0)
Hop 2: [2512-48] 464 (0 0 3 2 1 0) -> 80 (0 0 0 2 1 0)
Hop 2: [4912-6288] 6960 (3 1 2 1 1 0) -> 6448 (3 0 2 1 1 0)
Hop 2: [2992-48] 944 (0 1 3 1 1 0) -> 432 (0 0 3 1 1 0)
Hop 2: [6336-6288] 6368 (3 0 1 3 0 0) -> 6272 (3 0 1 0 0 0)
Hop 2: [3456-1568] 1408 (0 2 3 0 0 0) -> 1920 (0 3 3 0 0 0)
Hop 2: [7392-7808] 7904 (3 3 1 3 0 0) -> 7808 (3 3 1 0 0 0)
Hop 2: [3568-1664] 1520 (0 2 3 3 1 0) -> 2032 (0 3 3 3 1 0)
Hop 2: [5408-7712] 7456 (3 2 2 1 0 0) -> 7968 (3 3 2 1 0 0)
Hop 2: [720-48] 208 (0 0 1 2 1 0) -> 80 (0 0 0 2 1 0)
Hop 2: [6912-7808] 6400 (3 0 2 0 0 0) -> 7936 (3 3 2 0 0 0)
Hop 2: [4960-7712] 7008 (3 1 2 3 0 0) -> 6496 (3 0 2 3 0 0)
Hop 2: [5648-7712] 7696 (3 3 0 0 1 0) -> 7728 (3 3 0 1 1 0)
Hop 2: [1200-1568] 1712 (0 3 1 1 1 0) -> 1584 (0 3 0 1 1 0)
Hop 2: [6112-7808] 8160 (3 3 3 3 0 0) -> 8032 (3 3 2 3 0 0)
Hop 2: [3536-48] 1488 (0 2 3 2 1 0) -> 2000 (0 3 3 2 1 0)
Hop 2: [5120-7712] 7168 (3 2 0 0 0 0) -> 7680 (3 3 0 0 0 0)
Hop 2: [3024-48] 976 (0 1 3 2 1 0) -> 464 (0 0 3 2 1 0)
Hop 2: [5008-6192] 7056 (3 1 3 0 1 0) -> 6544 (3 0 3 0 1 0)
Hop 2: [4944-6288] 6992 (3 1 2 2 1 0) -> 6480 (3 0 2 2 1 0)
Hop 2: [912-48] 400 (0 0 3 0 1 0) -> 16 (0 0 0 0 1 0)
Hop 2: [3344-144] 1296 (0 2 2 0 1 0) -> 1808 (0 3 2 0 1 0)
Hop 2: [7520-1664] 1376 (0 2 2 3 0 0) -> 1888 (0 3 2 3 0 0)
Hop 2: [3648-1568] 1600 (0 3 0 2 0 0) -> 1568 (0 3 0 1 0 0)
Hop 2: [7600-7712] 8112 (3 3 3 1 1 0) -> 7728 (3 3 0 1 1 0)
Hop 2: [496-144] 368 (0 0 2 3 1 0) -> 240 (0 0 1 3 1 0)
Hop 2: [4096-7808] 6144 (3 0 0 0 0 0) -> 7680 (3 3 0 0 0 0)
Hop 2: [6624-6288] 6496 (3 0 2 3 0 0) -> 6368 (3 0 1 3 0 0)
Hop 2: [2208-48] 160 (0 0 1 1 0 0) -> 32 (0 0 0 1 0 0)
Hop 2: [1936-144] 400 (0 0 3 0 1 0) -> 272 (0 0 2 0 1 0)
Hop 2: [8000-7808] 7872 (3 3 1 2 0 0) -> 7904 (3 3 1 3 0 0)
Hop 2: [3552-1568] 1504 (0 2 3 3 0 0) -> 2016 (0 3 3 3 0 0)
Hop 2: [7568-6192] 8080 (3 3 3 0 1 0) -> 6544 (3 0 3 0 1 0)
Hop 2: [704-144] 192 (0 0 1 2 0 0) -> 224 (0 0 1 3 0 0)
Hop 2: [4864-7808] 6912 (3 1 2 0 0 0) -> 6400 (3 0 2 0 0 0)
Hop 2: [6848-7808] 6336 (3 0 1 2 0 0) -> 7872 (3 3 1 2 0 0)
Hop 2: [5536-1568] 7584 (3 2 3 1 0 0) -> 1440 (0 2 3 1 0 0)
Hop 2: [3376-144] 1328 (0 2 2 1 1 0) -> 1840 (0 3 2 1 1 0)
Hop 2: [6096-6192] 8144 (3 3 3 2 1 0) -> 6608 (3 0 3 2 1 0)
Hop 2: [3424-1664] 1376 (0 2 2 3 0 0) -> 1888 (0 3 2 3 0 0)
Hop 2: [7728-1568] 1584 (0 3 0 1 1 0) -> 1568 (0 3 0 1 0 0)
Hop 2: [2256-48] 208 (0 0 1 2 1 0) -> 80 (0 0 0 2 1 0)
Hop 2: [5040-48] 7088 (3 1 3 1 1 0) -> 944 (0 1 3 1 1 0)
Hop 2: [4336-7808] 6384 (3 0 1 3 1 0) -> 7920 (3 3 1 3 1 0)
Hop 2: [2576-144] 528 (0 1 0 0 1 0) -> 16 (0 0 0 0 1 0)
Hop 2: [3600-1568] 1552 (0 3 0 0 1 0) -> 1584 (0 3 0 1 1 0)
Hop 2: [5968-7808] 8016 (3 3 2 2 1 0) -> 7888 (3 3 1 2 1 0)
Hop 2: [1248-1664] 1760 (0 3 1 3 0 0) -> 1664 (0 3 1 0 0 0)
Hop 2: [7552-7712] 8064 (3 3 3 0 0 0) -> 7680 (3 3 0 0 0 0)
Hop 2: [2784-1568] 736 (0 1 1 3 0 0) -> 224 (0 0 1 3 0 0)
Hop 2: [5024-48] 7072 (3 1 3 1 0 0) -> 928 (0 1 3 1 0 0)
Hop 2: [5056-7712] 7104 (3 1 3 2 0 0) -> 6592 (3 0 3 2 0 0)
Hop 2: [672-1568] 160 (0 0 1 1 0 0) -> 1696 (0 3 1 1 0 0)
Hop 2: [3840-1664] 1792 (0 3 2 0 0 0) -> 1664 (0 3 1 0 0 0)
Hop 2: [8160-7808] 8032 (3 3 2 3 0 0) -> 7904 (3 3 1 3 0 0)
Hop 2: [1264-6288] 7408 (3 2 1 3 1 0) -> 7920 (3 3 1 3 1 0)
Hop 2: [2976-6192] 928 (0 1 3 1 0 0) -> 7072 (3 1 3 1 0 0)
Hop 2: [1440-48] 1952 (0 3 3 1 0 0) -> 416 (0 0 3 1 0 0)
Hop 2: [4224-7808] 6272 (3 0 1 0 0 0) -> 7808 (3 3 1 0 0 0)
Hop 2: [6208-7712] 7744 (3 3 0 2 0 0) -> 7712 (3 3 0 1 0 0)
Hop 2: [3008-1568] 960 (0 1 3 2 0 0) -> 448 (0 0 3 2 0 0)
Hop 2: [8032-1664] 1888 (0 3 2 3 0 0) -> 1760 (0 3 1 3 0 0)
Hop 2: [1344-1664] 1856 (0 3 2 2 0 0) -> 1728 (0 3 1 2 0 0)
Hop 2: [1280-1664] 1792 (0 3 2 0 0 0) -> 1664 (0 3 1 0 0 0)
Hop 2: [7040-6192] 6528 (3 0 3 0 0 0) -> 6144 (3 0 0 0 0 0)
Hop 2: [3664-48] 1616 (0 3 0 2 1 0) -> 80 (0 0 0 2 1 0)
Hop 2: [2896-48] 848 (0 1 2 2 1 0) -> 336 (0 0 2 2 1 0)
Hop 2: [8048-144] 1904 (0 3 2 3 1 0) -> 368 (0 0 2 3 1 0)
Hop 2: [6720-7712] 6208 (3 0 0 2 0 0) -> 7744 (3 3 0 2 0 0)
Hop 2: [3248-1568] 1200 (0 2 1 1 1 0) -> 1712 (0 3 1 1 1 0)
Hop 2: [6528-7712] 8064 (3 3 3 0 0 0) -> 7680 (3 3 0 0 0 0)
Hop 2: [2032-144] 496 (0 0 3 3 1 0) -> 368 (0 0 2 3 1 0)
Hop 2: [464-48] 80 (0 0 0 2 1 0) -> 48 (0 0 0 1 1 0)
Hop 2: [4704-7712] 6752 (3 1 0 3 0 0) -> 6240 (3 0 0 3 0 0)
Hop 2: [1984-1568] 1600 (0 3 0 2 0 0) -> 1568 (0 3 0 1 0 0)
Hop 2: [4976-144] 7024 (3 1 2 3 1 0) -> 880 (0 1 2 3 1 0)
Hop 2: [0-1568] 1536 (0 3 0 0 0 0) -> 1568 (0 3 0 1 0 0)
Hop 3: [2432-48] 0 (0 0 0 0 0 0) -> 32 (0 0 0 1 0 0)
Hop 3: [2736-48] 176 (0 0 1 1 1 0) -> 48 (0 0 0 1 1 0)
Hop 3: [2096-144] 176 (0 0 1 1 1 0) -> 144 (0 0 1 0 1 0)
Hop 3: [7184-6192] 6160 (3 0 0 0 1 0) -> 6192 (3 0 0 1 1 0)
Hop 3: [896-1664] 1920 (0 3 3 0 0 0) -> 1792 (0 3 2 0 0 0)
Hop 3: [7344-7712] 7728 (3 3 0 1 1 0) -> 7712 (3 3 0 1 0 0)
Hop 3: [2352-144] 176 (0 0 1 1 1 0) -> 144 (0 0 1 0 1 0)
Hop 3: [2864-48] 304 (0 0 2 1 1 0) -> 432 (0 0 3 1 1 0)
Hop 3: [5328-6192] 7888 (3 3 1 2 1 0) -> 6352 (3 0 1 2 1 0)
Hop 3: [512-48] 32 (0 0 0 1 0 0) -> 48 (0 0 0 1 1 0)
Hop 3: [8016-6288] 6352 (3 0 1 2 1 0) -> 6384 (3 0 1 3 1 0)
Hop 3: [5904-6288] 6416 (3 0 2 0 1 0) -> 6288 (3 0 1 0 1 0)
Hop 3: [4736-7808] 6272 (3 0 1 0 0 0) -> 7808 (3 3 1 0 0 0)
Hop 3: [7472-7712] 8112 (3 3 3 1 1 0) -> 7728 (3 3 0 1 1 0)
Hop 3: [3216-1664] 1680 (0 3 1 0 1 0) -> 1664 (0 3 1 0 0 0)
Hop 3: [6128-7808] 8048 (3 3 2 3 1 0) -> 7920 (3 3 1 3 1 0)
Hop 3: [560-144] 176 (0 0 1 1 1 0) -> 144 (0 0 1 0 1 0)
Hop 3: [2672-48] 112 (0 0 0 3 1 0) -> 80 (0 0 0 2 1 0)
Hop 3: [4256-7712] 7840 (3 3 1 1 0 0) -> 7712 (3 3 0 1 0 0)
Hop 3: [7792-6288] 6384 (3 0 1 3 1 0) -> 6288 (3 0 1 0 1 0)
Hop 3: [992-144] 352 (0 0 2 3 0 0) -> 224 (0 0 1 3 0 0)
Hop 3: [7664-6192] 6640 (3 0 3 3 1 0) -> 6256 (3 0 0 3 1 0)
Hop 3: [96-1664] 1760 (0 3 1 3 0 0) -> 1664 (0 3 1 0 0 0)
Hop 3: [1648-144] 240 (0 0 1 3 1 0) -> 144 (0 0 1 0 1 0)
Hop 3: [5856-1664] 1760 (0 3 1 3 0 0) -> 1664 (0 3 1 0 0 0)
Hop 3: [5552-1568] 1456 (0 2 3 1 1 0) -> 1968 (0 3 3 1 1 0)
Hop 3: [2160-48] 80 (0 0 0 2 1 0) -> 48 (0 0 0 1 1 0)
Hop 3: [6656-6192] 6176 (3 0 0 1 0 0) -> 6192 (3 0 0 1 1 0)
Hop 3: [2448-144] 272 (0 0 2 0 1 0) -> 144 (0 0 1 0 1 0)
Hop 3: [2528-1568] 2016 (0 3 3 3 0 0) -> 1632 (0 3 0 3 0 0)
Hop 3: [5728-7808] 7904 (3 3 1 3 0 0) -> 7808 (3 3 1 0 0 0)
Hop 3: [7456-7712] 8096 (3 3 3 1 0 0) -> 7712 (3 3 0 1 0 0)
Hop 3: [736-144] 128 (0 0 1 0 0 0) -> 144 (0 0 1 0 1 0)
Hop 3: [4992-6192] 6528 (3 0 3 0 0 0) -> 6144 (3 0 0 0 0 0)
Hop 3: [3696-48] 112 (0 0 0 3 1 0) -> 80 (0 0 0 2 1 0)
Hop 3: [2688-1664] 128 (0 0 1 0 0 0) -> 1664 (0 3 1 0 0 0)
Hop 3: [3104-1664] 1568 (0 3 0 1 0 0) -> 1696 (0 3 1 1 0 0)
Hop 3: [6240-6192] 6176 (3 0 0 1 0 0) -> 6192 (3 0 0 1 1 0)
Hop 3: [5104-6192] 6640 (3 0 3 3 1 0) -> 6256 (3 0 0 3 1 0)
Hop 3: [5152-7808] 7712 (3 3 0 1 0 0) -> 7840 (3 3 1 1 0 0)
Hop 3: [2544-48] 112 (0 0 0 3 1 0) -> 80 (0 0 0 2 1 0)
Hop 3: [5200-6192] 7760 (3 3 0 2 1 0) -> 6224 (3 0 0 2 1 0)
Hop 3: [1744-48] 80 (0 0 0 2 1 0) -> 48 (0 0 0 1 1 0)
Hop 3: [5376-7808] 7936 (3 3 2 0 0 0) -> 7808 (3 3 1 0 0 0)
Hop 3: [3056-48] 496 (0 0 3 3 1 0) -> 112 (0 0 0 3 1 0)
Hop 3: [4896-6192] 6432 (3 0 2 1 0 0) -> 6560 (3 0 3 1 0 0)
Hop 3: [7024-7808] 8048 (3 3 2 3 1 0) -> 7920 (3 3 1 3 1 0)
Hop 3: [2608-144] 48 (0 0 0 1 1 0) -> 176 (0 0 1 1 1 0)
Hop 3: [4016-1568] 1584 (0 3 0 1 1 0) -> 1568 (0 3 0 1 0 0)
Hop 3: [5840-6192] 6352 (3 0 1 2 1 0) -> 6224 (3 0 0 2 1 0)
Hop 3: [1392-7808] 8048 (3 3 2 3 1 0) -> 7920 (3 3 1 3 1 0)
Hop 3: [2944-48] 384 (0 0 3 0 0 0) -> 0 (0 0 0 0 0 0)
Hop 3: [3472-1568] 1936 (0 3 3 0 1 0) -> 1552 (0 3 0 0 1 0)
Hop 3: [6080-7712] 7744 (3 3 0 2 0 0) -> 7712 (3 3 0 1 0 0)
Hop 3: [6480-6288] 6384 (3 0 1 3 1 0) -> 6288 (3 0 1 0 1 0)
Hop 3: [5808-6288] 6320 (3 0 1 1 1 0) -> 6288 (3 0 1 0 1 0)
Hop 3: [2624-1568] 64 (0 0 0 2 0 0) -> 1600 (0 3 0 2 0 0)
Hop 3: [6960-6192] 6576 (3 0 3 1 1 0) -> 6192 (3 0 0 1 1 0)
Hop 3: [4032-1568] 1600 (0 3 0 2 0 0) -> 1568 (0 3 0 1 0 0)
Hop 3: [288-48] 32 (0 0 0 1 0 0) -> 48 (0 0 0 1 1 0)
Hop 3: [1328-1568] 1968 (0 3 3 1 1 0) -> 1584 (0 3 0 1 1 0)
Hop 3: [7632-6192] 6608 (3 0 3 2 1 0) -> 6224 (3 0 0 2 1 0)
Hop 3: [4432-6192] 6608 (3 0 3 2 1 0) -> 6224 (3 0 0 2 1 0)
Hop 3: [416-1664] 1824 (0 3 2 1 0 0) -> 1696 (0 3 1 1 0 0)
Hop 3: [1008-144] 368 (0 0 2 3 1 0) -> 240 (0 0 1 3 1 0)
Hop 3: [7072-48] 416 (0 0 3 1 0 0) -> 32 (0 0 0 1 0 0)
Hop 3: [4448-7712] 8032 (3 3 2 3 0 0) -> 8160 (3 3 3 3 0 0)
Hop 3: [7584-1568] 1952 (0 3 3 1 0 0) -> 1568 (0 3 0 1 0 0)
Hop 3: [3040-144] 480 (0 0 3 3 0 0) -> 352 (0 0 2 3 0 0)
Hop 3: [5232-7808] 7792 (3 3 0 3 1 0) -> 7920 (3 3 1 3 1 0)
Hop 3: [3280-144] 1744 (0 3 1 2 1 0) -> 208 (0 0 1 2 1 0)
Hop 3: [5280-7712] 7840 (3 3 1 1 0 0) -> 7712 (3 3 0 1 0 0)
Hop 3: [3232-1664] 1696 (0 3 1 1 0 0) -> 1664 (0 3 1 0 0 0)
Hop 3: [7280-6192] 6256 (3 0 0 3 1 0) -> 6224 (3 0 0 2 1 0)
Hop 3: [4800-6288] 6336 (3 0 1 2 0 0) -> 6368 (3 0 1 3 0 0)
Hop 3: [2304-1664] 1792 (0 3 2 0 0 0) -> 1664 (0 3 1 0 0 0)
Hop 3: [848-144] 208 (0 0 1 2 1 0) -> 240 (0 0 1 3 1 0)
Hop 3: [7920-1664] 1680 (0 3 1 0 1 0) -> 1664 (0 3 1 0 0 0)
Hop 3: [3392-1664] 1856 (0 3 2 2 0 0) -> 1728 (0 3 1 2 0 0)
Hop 3: [6064-1568] 1968 (0 3 3 1 1 0) -> 1584 (0 3 0 1 1 0)
Hop 3: [2384-144] 208 (0 0 1 2 1 0) -> 240 (0 0 1 3 1 0)
Hop 3: [5824-7808] 7904 (3 3 1 3 0 0) -> 7808 (3 3 1 0 0 0)
Hop 3: [7120-6192] 6224 (3 0 0 2 1 0) -> 6192 (3 0 0 1 1 0)
Hop 3: [384-1664] 1792 (0 3 2 0 0 0) -> 1664 (0 3 1 0 0 0)
Hop 3: [1312-1568] 1952 (0 3 3 1 0 0) -> 1568 (0 3 0 1 0 0)
Hop 3: [4400-6192] 6576 (3 0 3 1 1 0) -> 6192 (3 0 0 1 1 0)
Hop 3: [1376-7808] 8032 (3 3 2 3 0 0) -> 7904 (3 3 1 3 0 0)
Hop 3: [7984-6288] 6320 (3 0 1 1 1 0) -> 6288 (3 0 1 0 1 0)
Hop 3: [3872-1568] 1952 (0 3 3 1 0 0) -> 1568 (0 3 0 1 0 0)
Hop 3: [5568-7712] 8128 (3 3 3 2 0 0) -> 7744 (3 3 0 2 0 0)
Hop 3: [4320-7712] 7904 (3 3 1 3 0 0) -> 7776 (3 3 0 3 0 0)
Hop 3: [432-1568] 1584 (0 3 0 1 1 0) -> 1568 (0 3 0 1 0 0)
Hop 3: [2400-144] 224 (0 0 1 3 0 0) -> 128 (0 0 1 0 0 0)
Hop 3: [6816-6192] 6176 (3 0 0 1 0 0) -> 6192 (3 0 0 1 1 0)
Hop 3: [1120-1664] 1760 (0 3 1 3 0 0) -> 1664 (0 3 1 0 0 0)
Hop 3: [7440-6288] 6416 (3 0 2 0 1 0) -> 6288 (3 0 1 0 1 0)
Hop 3: [3488-48] 1952 (0 3 3 1 0 0) -> 416 (0 0 3 1 0 0)
Hop 3: [5312-7712] 7872 (3 3 1 2 0 0) -> 7744 (3 3 0 2 0 0)
Hop 3: [6752-6288] 6368 (3 0 1 3 0 0) -> 6272 (3 0 1 0 0 0)
Hop 3: [2720-1664] 160 (0 0 1 1 0 0) -> 1696 (0 3 1 1 0 0)
Hop 3: [2496-1568] 1984 (0 3 3 2 0 0) -> 1600 (0 3 0 2 0 0)
Hop 3: [4480-7712] 8064 (3 3 3 0 0 0) -> 7680 (3 3 0 0 0 0)
Hop 3: [3184-48] 1648 (0 3 0 3 1 0) -> 112 (0 0 0 3 1 0)
Hop 3: [5168-48] 1072 (0 2 0 1 1 0) -> 1584 (0 3 0 1 1 0)
Hop 3: [3360-1568] 1824 (0 3 2 1 0 0) -> 1952 (0 3 3 1 0 0)
Hop 3: [5616-6192] 8176 (3 3 3 3 1 0) -> 6640 (3 0 3 3 1 0)
Hop 3: [4160-7712] 7744 (3 3 0 2 0 0) -> 7712 (3 3 0 1 0 0)
Hop 3: [2048-1664] 1536 (0 3 0 0 0 0) -> 1664 (0 3 1 0 0 0)
Hop 3: [336-144] 240 (0 0 1 3 1 0) -> 144 (0 0 1 0 1 0)
Hop 3: [7056-6192] 6160 (3 0 0 0 1 0) -> 6192 (3 0 0 1 1 0)
Hop 3: [1104-48] 80 (0 0 0 2 1 0) -> 48 (0 0 0 1 1 0)
Hop 3: [5264-6288] 7824 (3 3 1 0 1 0) -> 6288 (3 0 1 0 1 0)
Hop 3: [3888-144] 304 (0 0 2 1 1 0) -> 176 (0 0 1 1 1 0)
Hop 3: [5184-7712] 7744 (3 3 0 2 0 0) -> 7712 (3 3 0 1 0 0)
Hop 3: [5088-7712] 6624 (3 0 3 3 0 0) -> 8160 (3 3 3 3 0 0)
Hop 3: [2560-48] 0 (0 0 0 0 0 0) -> 32 (0 0 0 1 0 0)
Hop 3: [320-1664] 1728 (0 3 1 2 0 0) -> 1760 (0 3 1 3 0 0)
Hop 3: [5744-7808] 7920 (3 3 1 3 1 0) -> 7824 (3 3 1 0 1 0)
Hop 3: [3152-48] 1616 (0 3 0 2 1 0) -> 80 (0 0 0 2 1 0)
Hop 3: [8112-1568] 1584 (0 3 0 1 1 0) -> 1568 (0 3 0 1 0 0)
Hop 3: [2144-1568] 1632 (0 3 0 3 0 0) -> 1600 (0 3 0 2 0 0)
Hop 3: [5600-7808] 8160 (3 3 3 3 0 0) -> 8032 (3 3 2 3 0 0)
Hop 3: [6992-6288] 6352 (3 0 1 2 1 0) -> 6384 (3 0 1 3 1 0)
Hop 3: [2464-7712] 6560 (3 0 3 1 0 0) -> 8096 (3 3 3 1 0 0)
Hop 3: [3616-1664] 1696 (0 3 1 1 0 0) -> 1664 (0 3 1 0 0 0)
Hop 3: [4784-6192] 6320 (3 0 1 1 1 0) -> 6192 (3 0 0 1 1 0)
Hop 3: [3776-1568] 1600 (0 3 0 2 0 0) -> 1568 (0 3 0 1 0 0)
Hop 3: [5392-7808] 7952 (3 3 2 0 1 0) -> 7824 (3 3 1 0 1 0)
Hop 3: [448-1568] 1600 (0 3 0 2 0 0) -> 1568 (0 3 0 1 0 0)
Hop 3: [5952-7808] 7872 (3 3 1 2 0 0) -> 7904 (3 3 1 3 0 0)
Hop 3: [4848-6192] 6384 (3 0 1 3 1 0) -> 6256 (3 0 0 3 1 0)
Hop 3: [2960-48] 400 (0 0 3 0 1 0) -> 16 (0 0 0 0 1 0)
Hop 3: [1456-144] 432 (0 0 3 1 1 0) -> 304 (0 0 2 1 1 0)
Hop 3: [4656-6288] 6192 (3 0 0 1 1 0) -> 6320 (3 0 1 1 1 0)
Hop 3: [3168-1664] 1632 (0 3 0 3 0 0) -> 1760 (0 3 1 3 0 0)
Hop 3: [5296-7712] 7856 (3 3 1 1 1 0) -> 7728 (3 3 0 1 1 0)
Hop 3: [864-7808] 6496 (3 0 2 3 0 0) -> 8032 (3 3 2 3 0 0)
Hop 3: [5440-7808] 8000 (3 3 2 2 0 0) -> 7872 (3 3 1 2 0 0)
Hop 3: [6464-7712] 8128 (3 3 3 2 0 0) -> 7744 (3 3 0 2 0 0)
Hop 3: [928-6192] 6560 (3 0 3 1 0 0) -> 6176 (3 0 0 1 0 0)
Hop 3: [1424-48] 400 (0 0 3 0 1 0) -> 16 (0 0 0 0 1 0)
Hop 3: [7088-7712] 8112 (3 3 3 1 1 0) -> 7728 (3 3 0 1 1 0)
Hop 3: [4208-6192] 6224 (3 0 0 2 1 0) -> 6192 (3 0 0 1 1 0)
Hop 3: [5424-6288] 7984 (3 3 2 1 1 0) -> 6448 (3 0 2 1 1 0)
Hop 3: [352-7808] 8032 (3 3 2 3 0 0) -> 7904 (3 3 1 3 0 0)
Hop 3: [7408-1664] 1776 (0 3 1 3 1 0) -> 1680 (0 3 1 0 1 0)
Hop 3: [3808-7808] 7904 (3 3 1 3 0 0) -> 7808 (3 3 1 0 0 0)
Hop 3: [3968-1568] 1536 (0 3 0 0 0 0) -> 1568 (0 3 0 1 0 0)
Hop 3: [4384-6192] 6560 (3 0 3 1 0 0) -> 6176 (3 0 0 1 0 0)
Hop 3: [4832-6288] 6368 (3 0 1 3 0 0) -> 6272 (3 0 1 0 0 0)
Hop 3: [5520-6192] 8080 (3 3 3 0 1 0) -> 6544 (3 0 3 0 1 0)
Hop 3: [880-6288] 6512 (3 0 2 3 1 0) -> 6384 (3 0 1 3 1 0)
Hop 3: [5984-1664] 1888 (0 3 2 3 0 0) -> 1760 (0 3 1 3 0 0)
Hop 3: [1776-7808] 7824 (3 3 1 0 1 0) -> 7808 (3 3 1 0 0 0)
Hop 3: [2848-48] 288 (0 0 2 1 0 0) -> 416 (0 0 3 1 0 0)
Hop 3: [2272-1664] 1760 (0 3 1 3 0 0) -> 1664 (0 3 1 0 0 0)
Hop 3: [7488-7808] 7872 (3 3 1 2 0 0) -> 7904 (3 3 1 3 0 0)
Hop 3: [4720-6192] 6256 (3 0 0 3 1 0) -> 6224 (3 0 0 2 1 0)
Hop 3: [2832-144] 272 (0 0 2 0 1 0) -> 144 (0 0 1 0 1 0)
Hop 3: [624-48] 80 (0 0 0 2 1 0) -> 48 (0 0 0 1 1 0)
Hop 3: [4608-7808] 6144 (3 0 0 0 0 0) -> 7680 (3 3 0 0 0 0)
Hop 3: [3312-1664] 1776 (0 3 1 3 1 0) -> 1680 (0 3 1 0 1 0)
Hop 3: [5504-7712] 8064 (3 3 3 0 0 0) -> 7680 (3 3 0 0 0 0)
Hop 3: [2240-144] 224 (0 0 1 3 0 0) -> 128 (0 0 1 0 0 0)
Hop 3: [7264-7808] 7904 (3 3 1 3 0 0) -> 7808 (3 3 1 0 0 0)
Hop 3: [6512-144] 240 (0 0 1 3 1 0) -> 144 (0 0 1 0 1 0)
Hop 3: [6032-7712] 7696 (3 3 0 0 1 0) -> 7728 (3 3 0 1 1 0)
Hop 3: [3088-48] 1552 (0 3 0 0 1 0) -> 16 (0 0 0 0 1 0)
Hop 3: [7888-7808] 7824 (3 3 1 0 1 0) -> 7808 (3 3 1 0 0 0)
Hop 3: [4064-1568] 1632 (0 3 0 3 0 0) -> 1600 (0 3 0 2 0 0)
Hop 3: [944-6192] 6576 (3 0 3 1 1 0) -> 6192 (3 0 0 1 1 0)
Hop 3: [2416-6288] 6512 (3 0 2 3 1 0) -> 6384 (3 0 1 3 1 0)
Hop 3: [5488-1664] 1392 (0 2 2 3 1 0) -> 1904 (0 3 2 3 1 0)
Hop 3: [7136-6288] 6496 (3 0 2 3 0 0) -> 6368 (3 0 1 3 0 0)
Hop 3: [6016-7712] 7680 (3 3 0 0 0 0) -> 7712 (3 3 0 1 0 0)
Hop 3: [1040-144] 16 (0 0 0 0 1 0) -> 144 (0 0 1 0 1 0)
Hop 3: [4496-6192] 6160 (3 0 0 0 1 0) -> 6192 (3 0 0 1 1 0)
Hop 3: [1488-48] 464 (0 0 3 2 1 0) -> 80 (0 0 0 2 1 0)
Hop 3: [2080-6192] 6176 (3 0 0 1 0 0) -> 6192 (3 0 0 1 1 0)
Hop 3: [2800-1664] 240 (0 0 1 3 1 0) -> 1776 (0 3 1 3 1 0)
Hop 3: [5216-7808] 7776 (3 3 0 3 0 0) -> 7904 (3 3 1 3 0 0)
Hop 3: [4688-6192] 6224 (3 0 0 2 1 0) -> 6192 (3 0 0 1 1 0)
Hop 3: [5136-6288] 7696 (3 3 0 0 1 0) -> 6160 (3 0 0 0 1 0)
Hop 3: [1968-144] 304 (0 0 2 1 1 0) -> 176 (0 0 1 1 1 0)
Hop 3: [4640-6192] 6176 (3 0 0 1 0 0) -> 6192 (3 0 0 1 1 0)
Hop 3: [3792-1664] 1776 (0 3 1 3 1 0) -> 1680 (0 3 1 0 1 0)
Hop 3: [2592-6192] 6688 (3 1 0 1 0 0) -> 6176 (3 0 0 1 0 0)
Hop 3: [2912-1568] 352 (0 0 2 3 0 0) -> 1888 (0 3 2 3 0 0)
Hop 3: [8176-7808] 7920 (3 3 1 3 1 0) -> 7824 (3 3 1 0 1 0)
Hop 3: [4560-6192] 6224 (3 0 0 2 1 0) -> 6192 (3 0 0 1 1 0)
Hop 3: [6048-6192] 6560 (3 0 3 1 0 0) -> 6176 (3 0 0 1 0 0)
Hop 3: [3504-7712] 7600 (3 2 3 1 1 0) -> 8112 (3 3 3 1 1 0)
Hop 3: [8144-6192] 6224 (3 0 0 2 1 0) -> 6192 (3 0 0 1 1 0)
Hop 3: [3296-1664] 1760 (0 3 1 3 0 0) -> 1664 (0 3 1 0 0 0)
Hop 3: [2480-1568] 1968 (0 3 3 1 1 0) -> 1584 (0 3 0 1 1 0)
Hop 3: [2640-48] 80 (0 0 0 2 1 0) -> 48 (0 0 0 1 1 0)
Hop 3: [7648-7712] 7776 (3 3 0 3 0 0) -> 7744 (3 3 0 2 0 0)
Hop 3: [6496-6288] 6272 (3 0 1 0 0 0) -> 6288 (3 0 1 0 1 0)
Hop 3: [5920-7808] 7840 (3 3 1 1 0 0) -> 7808 (3 3 1 0 0 0)
Hop 3: [3984-144] 400 (0 0 3 0 1 0) -> 272 (0 0 2 0 1 0)
Hop 3: [4624-6192] 6160 (3 0 0 0 1 0) -> 6192 (3 0 0 1 1 0)
Hop 3: [4416-6288] 6336 (3 0 1 2 0 0) -> 6368 (3 0 1 3 0 0)
Hop 3: [768-1664] 1792 (0 3 2 0 0 0) -> 1664 (0 3 1 0 0 0)
Hop 3: [976-48] 80 (0 0 0 2 1 0) -> 48 (0 0 0 1 1 0)
Hop 3: [6000-6288] 6512 (3 0 2 3 1 0) -> 6384 (3 0 1 3 1 0)
Hop 3: [3136-1568] 1600 (0 3 0 2 0 0) -> 1568 (0 3 0 1 0 0)
Hop 3: [800-48] 416 (0 0 3 1 0 0) -> 32 (0 0 0 1 0 0)
Hop 3: [480-144] 224 (0 0 1 3 0 0) -> 128 (0 0 1 0 0 0)
Hop 3: [5344-7808] 7904 (3 3 1 3 0 0) -> 7808 (3 3 1 0 0 0)
Hop 3: [4544-7712] 8128 (3 3 3 2 0 0) -> 7744 (3 3 0 2 0 0)
Hop 3: [7200-7808] 7840 (3 3 1 1 0 0) -> 7808 (3 3 1 0 0 0)
Hop 3: [1056-1664] 1696 (0 3 1 1 0 0) -> 1664 (0 3 1 0 0 0)
Hop 3: [5872-6288] 6384 (3 0 1 3 1 0) -> 6288 (3 0 1 0 1 0)
Hop 3: [1472-1568] 1600 (0 3 0 2 0 0) -> 1568 (0 3 0 1 0 0)
Hop 3: [2336-1568] 1824 (0 3 2 1 0 0) -> 1952 (0 3 3 1 0 0)
Hop 3: [2768-144] 208 (0 0 1 2 1 0) -> 240 (0 0 1 3 1 0)
Hop 3: [5472-6288] 8032 (3 3 2 3 0 0) -> 6496 (3 0 2 3 0 0)
Hop 3: [1232-48] 208 (0 0 1 2 1 0) -> 80 (0 0 0 2 1 0)
Hop 3: [5936-6288] 6448 (3 0 2 1 1 0) -> 6320 (3 0 1 1 1 0)
Hop 3: [3760-1568] 1584 (0 3 0 1 1 0) -> 1568 (0 3 0 1 0 0)
Hop 3: [7360-7808] 7904 (3 3 1 3 0 0) -> 7808 (3 3 1 0 0 0)
Hop 3: [4576-7808] 8160 (3 3 3 3 0 0) -> 8032 (3 3 2 3 0 0)
Hop 3: [2816-1664] 256 (0 0 2 0 0 0) -> 1792 (0 3 2 0 0 0)
Hop 3: [368-6288] 6384 (3 0 1 3 1 0) -> 6288 (3 0 1 0 1 0)
Hop 3: [6432-6192] 6176 (3 0 0 1 0 0) -> 6192 (3 0 0 1 1 0)
Hop 3: [4288-6288] 6368 (3 0 1 3 0 0) -> 6272 (3 0 1 0 0 0)
Hop 3: [816-144] 176 (0 0 1 1 1 0) -> 144 (0 0 1 0 1 0)
Hop 3: [3120-1568] 1584 (0 3 0 1 1 0) -> 1568 (0 3 0 1 0 0)
Hop 3: [6944-6192] 6560 (3 0 3 1 0 0) -> 6176 (3 0 0 1 0 0)
Hop 3: [3520-1568] 1984 (0 3 3 2 0 0) -> 1600 (0 3 0 2 0 0)
Hop 3: [5664-7808] 7840 (3 3 1 1 0 0) -> 7808 (3 3 1 0 0 0)
Hop 3: [2368-144] 192 (0 0 1 2 0 0) -> 224 (0 0 1 3 0 0)
Hop 3: [7376-6288] 6352 (3 0 1 2 1 0) -> 6384 (3 0 1 3 1 0)
Hop 3: [4192-7712] 7776 (3 3 0 3 0 0) -> 7744 (3 3 0 2 0 0)
Hop 3: [8080-6288] 6416 (3 0 2 0 1 0) -> 6288 (3 0 1 0 1 0)
Hop 3: [608-144] 224 (0 0 1 3 0 0) -> 128 (0 0 1 0 0 0)
Hop 3: [5456-7712] 8016 (3 3 2 2 1 0) -> 8144 (3 3 3 2 1 0)
Hop 3: [2000-48] 80 (0 0 0 2 1 0) -> 48 (0 0 0 1 1 0)
Hop 3: [2992-48] 432 (0 0 3 1 1 0) -> 48 (0 0 0 1 1 0)
Hop 3: [2288-6288] 6384 (3 0 1 3 1 0) -> 6288 (3 0 1 0 1 0)
Hop 3: [7616-7712] 7744 (3 3 0 2 0 0) -> 7712 (3 3 0 1 0 0)
Hop 3: [4928-6288] 6464 (3 0 2 2 0 0) -> 6336 (3 0 1 2 0 0)
Hop 3: [5408-7712] 7968 (3 3 2 1 0 0) -> 8096 (3 3 3 1 0 0)
Hop 3: [576-1568] 1600 (0 3 0 2 0 0) -> 1568 (0 3 0 1 0 0)
Hop 3: [4768-7808] 6304 (3 0 1 1 0 0) -> 7840 (3 3 1 1 0 0)
Hop 3: [3824-7808] 7920 (3 3 1 3 1 0) -> 7824 (3 3 1 0 1 0)
Hop 3: [5648-7712] 7728 (3 3 0 1 1 0) -> 7712 (3 3 0 1 0 0)
Hop 3: [1408-1568] 1536 (0 3 0 0 0 0) -> 1568 (0 3 0 1 0 0)
Hop 3: [4144-6288] 6320 (3 0 1 1 1 0) -> 6288 (3 0 1 0 1 0)
Hop 3: [1904-1664] 1680 (0 3 1 0 1 0) -> 1664 (0 3 1 0 0 0)
Hop 3: [5120-7712] 7680 (3 3 0 0 0 0) -> 7712 (3 3 0 1 0 0)
Hop 3: [2928-1664] 368 (0 0 2 3 1 0) -> 1904 (0 3 2 3 1 0)
Hop 3: [5360-7808] 7920 (3 3 1 3 1 0) -> 7824 (3 3 1 0 1 0)
Hop 3: [1504-1664] 1888 (0 3 2 3 0 0) -> 1760 (0 3 1 3 0 0)
Hop 3: [912-48] 16 (0 0 0 0 1 0) -> 48 (0 0 0 1 1 0)
Hop 3: [2880-1568] 320 (0 0 2 2 0 0) -> 1856 (0 3 2 2 0 0)
Hop 3: [4352-7808] 7936 (3 3 2 0 0 0) -> 7808 (3 3 1 0 0 0)
Hop 3: [1856-1664] 1760 (0 3 1 3 0 0) -> 1664 (0 3 1 0 0 0)
Hop 3: [7600-7712] 7728 (3 3 0 1 1 0) -> 7712 (3 3 0 1 0 0)
Hop 3: [2752-144] 192 (0 0 1 2 0 0) -> 224 (0 0 1 3 0 0)
Hop 3: [5584-6192] 8144 (3 3 3 2 1 0) -> 6608 (3 0 3 2 1 0)
Hop 3: [6864-6288] 6384 (3 0 1 3 1 0) -> 6288 (3 0 1 0 1 0)
Hop 3: [2208-48] 32 (0 0 0 1 0 0) -> 48 (0 0 0 1 1 0)
Hop 3: [1296-144] 272 (0 0 2 0 1 0) -> 144 (0 0 1 0 1 0)
Hop 3: [7248-6192] 6224 (3 0 0 2 1 0) -> 6192 (3 0 0 1 1 0)
Hop 3: [3264-1568] 1728 (0 3 1 2 0 0) -> 1600 (0 3 0 2 0 0)
Hop 3: [7568-6192] 6544 (3 0 3 0 1 0) -> 6160 (3 0 0 0 1 0)
Hop 3: [832-1664] 1856 (0 3 2 2 0 0) -> 1728 (0 3 1 2 0 0)
Hop 3: [4880-6288] 6416 (3 0 2 0 1 0) -> 6288 (3 0 1 0 1 0)
Hop 3: [6640-6288] 6384 (3 0 1 3 1 0) -> 6288 (3 0 1 0 1 0)
Hop 3: [5536-1568] 1440 (0 2 3 1 0 0) -> 1952 (0 3 3 1 0 0)
Hop 3: [960-1568] 1984 (0 3 3 2 0 0) -> 1600 (0 3 0 2 0 0)
Hop 3: [7504-6288] 6480 (3 0 2 2 1 0) -> 6352 (3 0 1 2 1 0)
Hop 3: [3408-144] 1872 (0 3 2 2 1 0) -> 336 (0 0 2 2 1 0)
Hop 3: [2576-144] 16 (0 0 0 0 1 0) -> 144 (0 0 1 0 1 0)
Hop 3: [3328-1664] 1792 (0 3 2 0 0 0) -> 1664 (0 3 1 0 0 0)
Hop 3: [4128-48] 32 (0 0 0 1 0 0) -> 48 (0 0 0 1 1 0)
Hop 3: [7008-7712] 8032 (3 3 2 3 0 0) -> 8160 (3 3 3 3 0 0)
Hop 3: [7552-7712] 7680 (3 3 0 0 0 0) -> 7712 (3 3 0 1 0 0)
Hop 3: [3072-1664] 1536 (0 3 0 0 0 0) -> 1664 (0 3 1 0 0 0)
Hop 3: [5712-6192] 6224 (3 0 0 2 1 0) -> 6192 (3 0 0 1 1 0)
Hop 3: [3904-1664] 1728 (0 3 1 2 0 0) -> 1760 (0 3 1 3 0 0)
Hop 3: [672-1568] 1696 (0 3 1 1 0 0) -> 1568 (0 3 0 1 0 0)
Hop 3: [192-1568] 1600 (0 3 0 2 0 0) -> 1568 (0 3 0 1 0 0)
Hop 3: [4512-7808] 8096 (3 3 3 1 0 0) -> 7968 (3 3 2 1 0 0)
Hop 3: [3920-1664] 1744 (0 3 1 2 1 0) -> 1776 (0 3 1 3 1 0)
Hop 3: [2976-6192] 7072 (3 1 3 1 0 0) -> 6560 (3 0 3 1 0 0)
Hop 3: [1952-48] 32 (0 0 0 1 0 0) -> 48 (0 0 0 1 1 0)
Hop 3: [7536-144] 1904 (0 3 2 3 1 0) -> 368 (0 0 2 3 1 0)
Hop 3: [4672-7712] 6208 (3 0 0 2 0 0) -> 7744 (3 3 0 2 0 0)
Hop 3: [2656-1568] 96 (0 0 0 3 0 0) -> 1632 (0 3 0 3 0 0)
Hop 3: [4912-6288] 6448 (3 0 2 1 1 0) -> 6320 (3 0 1 1 1 0)
Hop 3: [1520-48] 496 (0 0 3 3 1 0) -> 112 (0 0 0 3 1 0)
Hop 3: [2112-1568] 1600 (0 3 0 2 0 0) -> 1568 (0 3 0 1 0 0)
Hop 3: [6912-7808] 7936 (3 3 2 0 0 0) -> 7808 (3 3 1 0 0 0)
Hop 3: [1872-144] 208 (0 0 1 2 1 0) -> 240 (0 0 1 3 1 0)
Hop 3: [1840-48] 432 (0 0 3 1 1 0) -> 48 (0 0 0 1 1 0)
Hop 3: [6112-7808] 8032 (3 3 2 3 0 0) -> 7904 (3 3 1 3 0 0)
Hop 3: [6592-7712] 7744 (3 3 0 2 0 0) -> 7712 (3 3 0 1 0 0)
Hop 3: [752-1664] 1776 (0 3 1 3 1 0) -> 1680 (0 3 1 0 1 0)
Hop 3: [5008-6192] 6544 (3 0 3 0 1 0) -> 6160 (3 0 0 0 1 0)
Hop 3: [1136-48] 112 (0 0 0 3 1 0) -> 80 (0 0 0 2 1 0)
Hop 3: [3856-1664] 1680 (0 3 1 0 1 0) -> 1664 (0 3 1 0 0 0)
Hop 3: [7520-1664] 1888 (0 3 2 3 0 0) -> 1760 (0 3 1 3 0 0)
Hop 3: [6976-6288] 6336 (3 0 1 2 0 0) -> 6368 (3 0 1 3 0 0)
Hop 3: [2512-48] 80 (0 0 0 2 1 0) -> 48 (0 0 0 1 1 0)
Hop 3: [4096-7808] 7680 (3 3 0 0 0 0) -> 7808 (3 3 1 0 0 0)
Hop 3: [1888-7808] 7904 (3 3 1 3 0 0) -> 7808 (3 3 1 0 0 0)
Hop 3: [3456-1568] 1920 (0 3 3 0 0 0) -> 1536 (0 3 0 0 0 0)
Hop 3: [8000-7808] 7904 (3 3 1 3 0 0) -> 7808 (3 3 1 0 0 0)
Hop 3: [6880-7712] 7904 (3 3 1 3 0 0) -> 7776 (3 3 0 3 0 0)
Hop 3: [720-48] 80 (0 0 0 2 1 0) -> 48 (0 0 0 1 1 0)
Hop 3: [4864-7808] 6400 (3 0 2 0 0 0) -> 7936 (3 3 2 0 0 0)
Hop 3: [3680-1664] 1760 (0 3 1 3 0 0) -> 1664 (0 3 1 0 0 0)
Hop 3: [1200-1568] 1584 (0 3 0 1 1 0) -> 1568 (0 3 0 1 0 0)
Hop 3: [6096-6192] 6608 (3 0 3 2 1 0) -> 6224 (3 0 0 2 1 0)
Hop 3: [6896-144] 240 (0 0 1 3 1 0) -> 144 (0 0 1 0 1 0)
Hop 3: [3024-48] 464 (0 0 3 2 1 0) -> 80 (0 0 0 2 1 0)
Hop 3: [5040-48] 944 (0 1 3 1 1 0) -> 432 (0 0 3 1 1 0)
Hop 3: [1216-1664] 1760 (0 3 1 3 0 0) -> 1664 (0 3 1 0 0 0)
Hop 3: [3344-144] 1808 (0 3 2 0 1 0) -> 272 (0 0 2 0 1 0)
Hop 3: [5968-7808] 7888 (3 3 1 2 1 0) -> 7920 (3 3 1 3 1 0)
Hop 3: [7104-7712] 8128 (3 3 3 2 0 0) -> 7744 (3 3 0 2 0 0)
Hop 3: [496-144] 240 (0 0 1 3 1 0) -> 144 (0 0 1 0 1 0)
Hop 3: [5024-48] 928 (0 1 3 1 0 0) -> 416 (0 0 3 1 0 0)
Hop 3: [1360-144] 336 (0 0 2 2 1 0) -> 208 (0 0 1 2 1 0)
Hop 3: [1936-144] 272 (0 0 2 0 1 0) -> 144 (0 0 1 0 1 0)
Hop 3: [8160-7808] 7904 (3 3 1 3 0 0) -> 7808 (3 3 1 0 0 0)
Hop 3: [4816-6192] 6352 (3 0 1 2 1 0) -> 6224 (3 0 0 2 1 0)
Hop 3: [704-144] 224 (0 0 1 3 0 0) -> 128 (0 0 1 0 0 0)
Hop 3: [8032-1664] 1760 (0 3 1 3 0 0) -> 1664 (0 3 1 0 0 0)
Hop 3: [5072-6192] 6608 (3 0 3 2 1 0) -> 6224 (3 0 0 2 1 0)
Hop 3: [3376-144] 1840 (0 3 2 1 1 0) -> 304 (0 0 2 1 1 0)
Hop 3: [7040-6192] 6144 (3 0 0 0 0 0) -> 6176 (3 0 0 1 0 0)
Hop 3: [3952-144] 368 (0 0 2 3 1 0) -> 240 (0 0 1 3 1 0)
Hop 3: [2256-48] 80 (0 0 0 2 1 0) -> 48 (0 0 0 1 1 0)
Hop 3: [8048-144] 368 (0 0 2 3 1 0) -> 240 (0 0 1 3 1 0)
Hop 3: [4592-6192] 6256 (3 0 0 3 1 0) -> 6224 (3 0 0 2 1 0)
Hop 3: [3600-1568] 1584 (0 3 0 1 1 0) -> 1568 (0 3 0 1 0 0)
Hop 3: [6528-7712] 7680 (3 3 0 0 0 0) -> 7712 (3 3 0 1 0 0)
Hop 3: [4080-144] 496 (0 0 3 3 1 0) -> 368 (0 0 2 3 1 0)
Hop 3: [2784-1568] 224 (0 0 1 3 0 0) -> 1760 (0 3 1 3 0 0)
Hop 3: [4464-7808] 8048 (3 3 2 3 1 0) -> 7920 (3 3 1 3 1 0)
Hop 3: [1440-48] 416 (0 0 3 1 0 0) -> 32 (0 0 0 1 0 0)
Hop 3: [3936-144] 352 (0 0 2 3 0 0) -> 224 (0 0 1 3 0 0)
Hop 3: [3008-1568] 448 (0 0 3 2 0 0) -> 1984 (0 3 3 2 0 0)
Hop 3: [7152-6288] 6512 (3 0 2 3 1 0) -> 6384 (3 0 1 3 1 0)
Hop 3: [2896-48] 336 (0 0 2 2 1 0) -> 464 (0 0 3 2 1 0)
Hop 3: [2016-1664] 1760 (0 3 1 3 0 0) -> 1664 (0 3 1 0 0 0)
Hop 3: [3248-1568] 1712 (0 3 1 1 1 0) -> 1584 (0 3 0 1 1 0)
Hop 3: [6768-6288] 6384 (3 0 1 3 1 0) -> 6288 (3 0 1 0 1 0)
Hop 3: [3440-1664] 1904 (0 3 2 3 1 0) -> 1776 (0 3 1 3 1 0)
Hop 3: [4304-6288] 6384 (3 0 1 3 1 0) -> 6288 (3 0 1 0 1 0)
Hop 3: [4048-48] 464 (0 0 3 2 1 0) -> 80 (0 0 0 2 1 0)
Hop 3: [6336-6288] 6272 (3 0 1 0 0 0) -> 6288 (3 0 1 0 1 0)
Hop 3: [3568-1664] 2032 (0 3 3 3 1 0) -> 1904 (0 3 2 3 1 0)
Hop 3: [4960-7712] 6496 (3 0 2 3 0 0) -> 8032 (3 3 2 3 0 0)
Hop 3: [3536-48] 2000 (0 3 3 2 1 0) -> 464 (0 0 3 2 1 0)
Hop 3: [4944-6288] 6480 (3 0 2 2 1 0) -> 6352 (3 0 1 2 1 0)
Hop 3: [6624-6288] 6368 (3 0 1 3 0 0) -> 6272 (3 0 1 0 0 0)
Hop 3: [3552-1568] 2016 (0 3 3 3 0 0) -> 1632 (0 3 0 3 0 0)
Hop 3: [6848-7808] 7872 (3 3 1 2 0 0) -> 7904 (3 3 1 3 0 0)
Hop 3: [3424-1664] 1888 (0 3 2 3 0 0) -> 1760 (0 3 1 3 0 0)
Hop 3: [4336-7808] 7920 (3 3 1 3 1 0) -> 7824 (3 3 1 0 1 0)
Hop 3: [5056-7712] 6592 (3 0 3 2 0 0) -> 8128 (3 3 3 2 0 0)
Hop 3: [1264-6288] 7920 (3 3 1 3 1 0) -> 6384 (3 0 1 3 1 0)
Hop 3: [1344-1664] 1728 (0 3 1 2 0 0) -> 1760 (0 3 1 3 0 0)
Hop 3: [3664-48] 80 (0 0 0 2 1 0) -> 48 (0 0 0 1 1 0)
Hop 3: [6720-7712] 7744 (3 3 0 2 0 0) -> 7712 (3 3 0 1 0 0)
Hop 3: [2032-144] 368 (0 0 2 3 1 0) -> 240 (0 0 1 3 1 0)
Hop 3: [4704-7712] 6240 (3 0 0 3 0 0) -> 7776 (3 3 0 3 0 0)
Hop 3: [4976-144] 880 (0 1 2 3 1 0) -> 368 (0 0 2 3 1 0)
Hop 4: [2432-48] 32 (0 0 0 1 0 0) -> 48 (0 0 0 1 1 0)
Hop 4: [896-1664] 1792 (0 3 2 0 0 0) -> 1664 (0 3 1 0 0 0)
Hop 4: [2864-48] 432 (0 0 3 1 1 0) -> 48 (0 0 0 1 1 0)
Hop 4: [7472-7712] 7728 (3 3 0 1 1 0) -> 7712 (3 3 0 1 0 0)
Hop 4: [5552-1568] 1968 (0 3 3 1 1 0) -> 1584 (0 3 0 1 1 0)
Hop 4: [5152-7808] 7840 (3 3 1 1 0 0) -> 7808 (3 3 1 0 0 0)
Hop 4: [2608-144] 176 (0 0 1 1 1 0) -> 144 (0 0 1 0 1 0)
Hop 4: [2944-48] 0 (0 0 0 0 0 0) -> 32 (0 0 0 1 0 0)
Hop 4: [416-1664] 1696 (0 3 1 1 0 0) -> 1664 (0 3 1 0 0 0)
Hop 4: [6064-1568] 1584 (0 3 0 1 1 0) -> 1568 (0 3 0 1 0 0)
Hop 4: [2720-1664] 1696 (0 3 1 1 0 0) -> 1664 (0 3 1 0 0 0)
Hop 4: [5168-48] 1584 (0 3 0 1 1 0) -> 48 (0 0 0 1 1 0)
Hop 4: [2560-48] 32 (0 0 0 1 0 0) -> 48 (0 0 0 1 1 0)
Hop 4: [2464-7712] 8096 (3 3 3 1 0 0) -> 7712 (3 3 0 1 0 0)
Hop 4: [5392-7808] 7824 (3 3 1 0 1 0) -> 7808 (3 3 1 0 0 0)
Hop 4: [2960-48] 16 (0 0 0 0 1 0) -> 48 (0 0 0 1 1 0)
Hop 4: [5296-7712] 7728 (3 3 0 1 1 0) -> 7712 (3 3 0 1 0 0)
Hop 4: [928-6192] 6176 (3 0 0 1 0 0) -> 6192 (3 0 0 1 1 0)
Hop 4: [5424-6288] 6448 (3 0 2 1 1 0) -> 6320 (3 0 1 1 1 0)
Hop 4: [5520-6192] 6544 (3 0 3 0 1 0) -> 6160 (3 0 0 0 1 0)
Hop 4: [2848-48] 416 (0 0 3 1 0 0) -> 32 (0 0 0 1 0 0)
Hop 4: [5504-7712] 7680 (3 3 0 0 0 0) -> 7712 (3 3 0 1 0 0)
Hop 4: [6032-7712] 7728 (3 3 0 1 1 0) -> 7712 (3 3 0 1 0 0)
Hop 4: [5136-6288] 6160 (3 0 0 0 1 0) -> 6288 (3 0 1 0 1 0)
Hop 4: [2592-6192] 6176 (3 0 0 1 0 0) -> 6192 (3 0 0 1 1 0)
Hop 4: [6048-6192] 6176 (3 0 0 1 0 0) -> 6192 (3 0 0 1 1 0)
Hop 4: [2480-1568] 1584 (0 3 0 1 1 0) -> 1568 (0 3 0 1 0 0)
Hop 4: [800-48] 32 (0 0 0 1 0 0) -> 48 (0 0 0 1 1 0)
Hop 4: [2336-1568] 1952 (0 3 3 1 0 0) -> 1568 (0 3 0 1 0 0)
Hop 4: [5328-6192] 6352 (3 0 1 2 1 0) -> 6224 (3 0 0 2 1 0)
Hop 4: [5936-6288] 6320 (3 0 1 1 1 0) -> 6288 (3 0 1 0 1 0)
Hop 4: [8016-6288] 6384 (3 0 1 3 1 0) -> 6288 (3 0 1 0 1 0)
Hop 4: [2816-1664] 1792 (0 3 2 0 0 0) -> 1664 (0 3 1 0 0 0)
Hop 4: [6128-7808] 7920 (3 3 1 3 1 0) -> 7824 (3 3 1 0 1 0)
Hop 4: [5408-7712] 8096 (3 3 3 1 0 0) -> 7712 (3 3 0 1 0 0)
Hop 4: [7664-6192] 6256 (3 0 0 3 1 0) -> 6224 (3 0 0 2 1 0)
Hop 4: [7568-6192] 6160 (3 0 0 0 1 0) -> 6192 (3 0 0 1 1 0)
Hop 4: [4992-6192] 6144 (3 0 0 0 0 0) -> 6176 (3 0 0 1 0 0)
Hop 4: [5536-1568] 1952 (0 3 3 1 0 0) -> 1568 (0 3 0 1 0 0)
Hop 4: [5200-6192] 6224 (3 0 0 2 1 0) -> 6192 (3 0 0 1 1 0)
Hop 4: [2976-6192] 6560 (3 0 3 1 0 0) -> 6176 (3 0 0 1 0 0)
Hop 4: [4896-6192] 6560 (3 0 3 1 0 0) -> 6176 (3 0 0 1 0 0)
Hop 4: [2672-48] 80 (0 0 0 2 1 0) -> 48 (0 0 0 1 1 0)
Hop 4: [5840-6192] 6224 (3 0 0 2 1 0) -> 6192 (3 0 0 1 1 0)
Hop 4: [992-144] 224 (0 0 1 3 0 0) -> 128 (0 0 1 0 0 0)
Hop 4: [7632-6192] 6224 (3 0 0 2 1 0) -> 6192 (3 0 0 1 1 0)
Hop 4: [2528-1568] 1632 (0 3 0 3 0 0) -> 1600 (0 3 0 2 0 0)
Hop 4: [7072-48] 32 (0 0 0 1 0 0) -> 48 (0 0 0 1 1 0)
Hop 4: [3104-1664] 1696 (0 3 1 1 0 0) -> 1664 (0 3 1 0 0 0)
Hop 4: [5232-7808] 7920 (3 3 1 3 1 0) -> 7824 (3 3 1 0 1 0)
Hop 4: [2544-48] 80 (0 0 0 2 1 0) -> 48 (0 0 0 1 1 0)
Hop 4: [7280-6192] 6224 (3 0 0 2 1 0) -> 6192 (3 0 0 1 1 0)
Hop 4: [3056-48] 112 (0 0 0 3 1 0) -> 80 (0 0 0 2 1 0)
Hop 4: [5568-7712] 7744 (3 3 0 2 0 0) -> 7712 (3 3 0 1 0 0)
Hop 4: [3472-1568] 1552 (0 3 0 0 1 0) -> 1584 (0 3 0 1 1 0)
Hop 4: [5312-7712] 7744 (3 3 0 2 0 0) -> 7712 (3 3 0 1 0 0)
Hop 4: [2624-1568] 1600 (0 3 0 2 0 0) -> 1568 (0 3 0 1 0 0)
Hop 4: [4480-7712] 7680 (3 3 0 0 0 0) -> 7712 (3 3 0 1 0 0)
Hop 4: [1328-1568] 1584 (0 3 0 1 1 0) -> 1568 (0 3 0 1 0 0)
Hop 4: [5616-6192] 6640 (3 0 3 3 1 0) -> 6256 (3 0 0 3 1 0)
Hop 4: [1008-144] 240 (0 0 1 3 1 0) -> 144 (0 0 1 0 1 0)
Hop 4: [5744-7808] 7824 (3 3 1 0 1 0) -> 7808 (3 3 1 0 0 0)
Hop 4: [3040-144] 352 (0 0 2 3 0 0) -> 224 (0 0 1 3 0 0)
Hop 4: [5600-7808] 8032 (3 3 2 3 0 0) -> 7904 (3 3 1 3 0 0)
Hop 4: [848-144] 240 (0 0 1 3 1 0) -> 144 (0 0 1 0 1 0)
Hop 4: [5952-7808] 7904 (3 3 1 3 0 0) -> 7808 (3 3 1 0 0 0)
Hop 4: [2384-144] 240 (0 0 1 3 1 0) -> 144 (0 0 1 0 1 0)
Hop 4: [4656-6288] 6320 (3 0 1 1 1 0) -> 6288 (3 0 1 0 1 0)
Hop 4: [2400-144] 128 (0 0 1 0 0 0) -> 144 (0 0 1 0 1 0)
Hop 4: [5440-7808] 7872 (3 3 1 2 0 0) -> 7904 (3 3 1 3 0 0)
Hop 4: [3488-48] 416 (0 0 3 1 0 0) -> 32 (0 0 0 1 0 0)
Hop 4: [7088-7712] 7728 (3 3 0 1 1 0) -> 7712 (3 3 0 1 0 0)
Hop 4: [2496-1568] 1600 (0 3 0 2 0 0) -> 1568 (0 3 0 1 0 0)
Hop 4: [7408-1664] 1680 (0 3 1 0 1 0) -> 1664 (0 3 1 0 0 0)
Hop 4: [3360-1568] 1952 (0 3 3 1 0 0) -> 1568 (0 3 0 1 0 0)
Hop 4: [4384-6192] 6176 (3 0 0 1 0 0) -> 6192 (3 0 0 1 1 0)
Hop 4: [3888-144] 176 (0 0 1 1 1 0) -> 144 (0 0 1 0 1 0)
Hop 4: [5984-1664] 1760 (0 3 1 3 0 0) -> 1664 (0 3 1 0 0 0)
Hop 4: [320-1664] 1760 (0 3 1 3 0 0) -> 1664 (0 3 1 0 0 0)
Hop 4: [7488-7808] 7904 (3 3 1 3 0 0) -> 7808 (3 3 1 0 0 0)
Hop 4: [2144-1568] 1600 (0 3 0 2 0 0) -> 1568 (0 3 0 1 0 0)
Hop 4: [4608-7808] 7680 (3 3 0 0 0 0) -> 7808 (3 3 1 0 0 0)
Hop 4: [1456-144] 304 (0 0 2 1 1 0) -> 176 (0 0 1 1 1 0)
Hop 4: [5488-1664] 1904 (0 3 2 3 1 0) -> 1776 (0 3 1 3 1 0)
Hop 4: [864-7808] 8032 (3 3 2 3 0 0) -> 7904 (3 3 1 3 0 0)
Hop 4: [5216-7808] 7904 (3 3 1 3 0 0) -> 7808 (3 3 1 0 0 0)
Hop 4: [1424-48] 16 (0 0 0 0 1 0) -> 48 (0 0 0 1 1 0)
Hop 4: [8176-7808] 7824 (3 3 1 0 1 0) -> 7808 (3 3 1 0 0 0)
Hop 4: [352-7808] 7904 (3 3 1 3 0 0) -> 7808 (3 3 1 0 0 0)
Hop 4: [7648-7712] 7744 (3 3 0 2 0 0) -> 7712 (3 3 0 1 0 0)
Hop 4: [880-6288] 6384 (3 0 1 3 1 0) -> 6288 (3 0 1 0 1 0)
Hop 4: [6000-6288] 6384 (3 0 1 3 1 0) -> 6288 (3 0 1 0 1 0)
Hop 4: [2240-144] 128 (0 0 1 0 0 0) -> 144 (0 0 1 0 1 0)
Hop 4: [5472-6288] 6496 (3 0 2 3 0 0) -> 6368 (3 0 1 3 0 0)
Hop 4: [3088-48] 16 (0 0 0 0 1 0) -> 48 (0 0 0 1 1 0)
Hop 4: [6944-6192] 6176 (3 0 0 1 0 0) -> 6192 (3 0 0 1 1 0)
Hop 4: [2416-6288] 6384 (3 0 1 3 1 0) -> 6288 (3 0 1 0 1 0)
Hop 4: [7376-6288] 6384 (3 0 1 3 1 0) -> 6288 (3 0 1 0 1 0)
Hop 4: [2800-1664] 1776 (0 3 1 3 1 0) -> 1680 (0 3 1 0 1 0)
Hop 4: [5456-7712] 8144 (3 3 3 2 1 0) -> 7760 (3 3 0 2 1 0)
Hop 4: [1968-144] 176 (0 0 1 1 1 0) -> 144 (0 0 1 0 1 0)
Hop 4: [4768-7808] 7840 (3 3 1 1 0 0) -> 7808 (3 3 1 0 0 0)
Hop 4: [2912-1568] 1888 (0 3 2 3 0 0) -> 2016 (0 3 3 3 0 0)
Hop 4: [5360-7808] 7824 (3 3 1 0 1 0) -> 7808 (3 3 1 0 0 0)
Hop 4: [3504-7712] 8112 (3 3 3 1 1 0) -> 7728 (3 3 0 1 1 0)
Hop 4: [5584-6192] 6608 (3 0 3 2 1 0) -> 6224 (3 0 0 2 1 0)
Hop 4: [3984-144] 272 (0 0 2 0 1 0) -> 144 (0 0 1 0 1 0)
Hop 4: [7504-6288] 6352 (3 0 1 2 1 0) -> 6384 (3 0 1 3 1 0)
Hop 4: [480-144] 128 (0 0 1 0 0 0) -> 144 (0 0 1 0 1 0)
Hop 4: [4512-7808] 7968 (3 3 2 1 0 0) -> 7840 (3 3 1 1 0 0)
Hop 4: [2768-144] 240 (0 0 1 3 1 0) -> 144 (0 0 1 0 1 0)
Hop 4: [7536-144] 368 (0 0 2 3 1 0) -> 240 (0 0 1 3 1 0)
Hop 5: [5552-1568] 1584 (0 3 0 1 1 0) -> 1568 (0 3 0 1 0 0)
Hop 4: [2368-144] 224 (0 0 1 3 0 0) -> 128 (0 0 1 0 0 0)
Hop 4: [4912-6288] 6320 (3 0 1 1 1 0) -> 6288 (3 0 1 0 1 0)
Hop 5: [2944-48] 32 (0 0 0 1 0 0) -> 48 (0 0 0 1 1 0)
Hop 4: [608-144] 128 (0 0 1 0 0 0) -> 144 (0 0 1 0 1 0)
Hop 4: [6112-7808] 7904 (3 3 1 3 0 0) -> 7808 (3 3 1 0 0 0)
Hop 4: [3696-48] 80 (0 0 0 2 1 0) -> 48 (0 0 0 1 1 0)
Hop 5: [5424-6288] 6320 (3 0 1 1 1 0) -> 6288 (3 0 1 0 1 0)
Hop 4: [2928-1664] 1904 (0 3 2 3 1 0) -> 1776 (0 3 1 3 1 0)
Hop 4: [5008-6192] 6160 (3 0 0 0 1 0) -> 6192 (3 0 0 1 1 0)
Hop 4: [5104-6192] 6256 (3 0 0 3 1 0) -> 6224 (3 0 0 2 1 0)
Hop 5: [5520-6192] 6160 (3 0 0 0 1 0) -> 6192 (3 0 0 1 1 0)
Hop 4: [2880-1568] 1856 (0 3 2 2 0 0) -> 1984 (0 3 3 2 0 0)
Hop 4: [7520-1664] 1760 (0 3 1 3 0 0) -> 1664 (0 3 1 0 0 0)
Hop 4: [7024-7808] 7920 (3 3 1 3 1 0) -> 7824 (3 3 1 0 1 0)
Hop 5: [2848-48] 32 (0 0 0 1 0 0) -> 48 (0 0 0 1 1 0)
Hop 4: [2752-144] 224 (0 0 1 3 0 0) -> 128 (0 0 1 0 0 0)
Hop 4: [4864-7808] 7936 (3 3 2 0 0 0) -> 7808 (3 3 1 0 0 0)
Hop 4: [1392-7808] 7920 (3 3 1 3 1 0) -> 7824 (3 3 1 0 1 0)
Hop 5: [2976-6192] 6176 (3 0 0 1 0 0) -> 6192 (3 0 0 1 1 0)
Hop 4: [832-1664] 1728 (0 3 1 2 0 0) -> 1760 (0 3 1 3 0 0)
Hop 4: [6096-6192] 6224 (3 0 0 2 1 0) -> 6192 (3 0 0 1 1 0)
Hop 4: [4432-6192] 6224 (3 0 0 2 1 0) -> 6192 (3 0 0 1 1 0)
Hop 4: [960-1568] 1600 (0 3 0 2 0 0) -> 1568 (0 3 0 1 0 0)
Hop 4: [5040-48] 432 (0 0 3 1 1 0) -> 48 (0 0 0 1 1 0)
Hop 4: [4448-7712] 8160 (3 3 3 3 0 0) -> 7776 (3 3 0 3 0 0)
Hop 4: [2656-1568] 1632 (0 3 0 3 0 0) -> 1600 (0 3 0 2 0 0)
Hop 4: [5968-7808] 7920 (3 3 1 3 1 0) -> 7824 (3 3 1 0 1 0)
Hop 4: [3280-144] 208 (0 0 1 2 1 0) -> 240 (0 0 1 3 1 0)
Hop 4: [752-1664] 1680 (0 3 1 0 1 0) -> 1664 (0 3 1 0 0 0)
Hop 4: [5024-48] 416 (0 0 3 1 0 0) -> 32 (0 0 0 1 0 0)
Hop 4: [4800-6288] 6368 (3 0 1 3 0 0) -> 6272 (3 0 1 0 0 0)
Hop 4: [3456-1568] 1536 (0 3 0 0 0 0) -> 1568 (0 3 0 1 0 0)
Hop 4: [7040-6192] 6176 (3 0 0 1 0 0) -> 6192 (3 0 0 1 1 0)
Hop 4: [3392-1664] 1728 (0 3 1 2 0 0) -> 1760 (0 3 1 3 0 0)
Hop 4: [3024-48] 80 (0 0 0 2 1 0) -> 48 (0 0 0 1 1 0)
Hop 4: [8048-144] 240 (0 0 1 3 1 0) -> 144 (0 0 1 0 1 0)
Hop 4: [1376-7808] 7904 (3 3 1 3 0 0) -> 7808 (3 3 1 0 0 0)
Hop 4: [3344-144] 272 (0 0 2 0 1 0) -> 144 (0 0 1 0 1 0)
Hop 4: [4320-7712] 7776 (3 3 0 3 0 0) -> 7744 (3 3 0 2 0 0)
Hop 4: [704-144] 128 (0 0 1 0 0 0) -> 144 (0 0 1 0 1 0)
Hop 4: [6752-6288] 6272 (3 0 1 0 0 0) -> 6288 (3 0 1 0 1 0)
Hop 4: [3376-144] 304 (0 0 2 1 1 0) -> 176 (0 0 1 1 1 0)
Hop 4: [3184-48] 112 (0 0 0 3 1 0) -> 80 (0 0 0 2 1 0)
Hop 4: [2784-1568] 1760 (0 3 1 3 0 0) -> 1632 (0 3 0 3 0 0)
Hop 4: [5088-7712] 8160 (3 3 3 3 0 0) -> 7776 (3 3 0 3 0 0)
Hop 4: [1440-48] 32 (0 0 0 1 0 0) -> 48 (0 0 0 1 1 0)
Hop 4: [3152-48] 80 (0 0 0 2 1 0) -> 48 (0 0 0 1 1 0)
Hop 4: [3008-1568] 1984 (0 3 3 2 0 0) -> 1600 (0 3 0 2 0 0)
Hop 4: [6992-6288] 6384 (3 0 1 3 1 0) -> 6288 (3 0 1 0 1 0)
Hop 4: [2896-48] 464 (0 0 3 2 1 0) -> 80 (0 0 0 2 1 0)
Hop 4: [4848-6192] 6256 (3 0 0 3 1 0) -> 6224 (3 0 0 2 1 0)
Hop 4: [3248-1568] 1584 (0 3 0 1 1 0) -> 1568 (0 3 0 1 0 0)
Hop 4: [3168-1664] 1760 (0 3 1 3 0 0) -> 1664 (0 3 1 0 0 0)
Hop 4: [6464-7712] 7744 (3 3 0 2 0 0) -> 7712 (3 3 0 1 0 0)
Hop 4: [4832-6288] 6272 (3 0 1 0 0 0) -> 6288 (3 0 1 0 1 0)
Hop 4: [4720-6192] 6224 (3 0 0 2 1 0) -> 6192 (3 0 0 1 1 0)
Hop 4: [3312-1664] 1680 (0 3 1 0 1 0) -> 1664 (0 3 1 0 0 0)
Hop 4: [4064-1568] 1600 (0 3 0 2 0 0) -> 1568 (0 3 0 1 0 0)
Hop 4: [7136-6288] 6368 (3 0 1 3 0 0) -> 6272 (3 0 1 0 0 0)
Hop 4: [1488-48] 80 (0 0 0 2 1 0) -> 48 (0 0 0 1 1 0)
Hop 4: [3792-1664] 1680 (0 3 1 0 1 0) -> 1664 (0 3 1 0 0 0)
Hop 4: [4416-6288] 6368 (3 0 1 3 0 0) -> 6272 (3 0 1 0 0 0)
Hop 4: [4544-7712] 7744 (3 3 0 2 0 0) -> 7712 (3 3 0 1 0 0)
Hop 4: [1232-48] 80 (0 0 0 2 1 0) -> 48 (0 0 0 1 1 0)
Hop 4: [4576-7808] 8032 (3 3 2 3 0 0) -> 7904 (3 3 1 3 0 0)
Hop 4: [4288-6288] 6272 (3 0 1 0 0 0) -> 6288 (3 0 1 0 1 0)
Hop 4: [3520-1568] 1600 (0 3 0 2 0 0) -> 1568 (0 3 0 1 0 0)
Hop 4: [4192-7712] 7744 (3 3 0 2 0 0) -> 7712 (3 3 0 1 0 0)
Hop 4: [4928-6288] 6336 (3 0 1 2 0 0) -> 6368 (3 0 1 3 0 0)
Hop 4: [3824-7808] 7824 (3 3 1 0 1 0) -> 7808 (3 3 1 0 0 0)
Hop 4: [1504-1664] 1760 (0 3 1 3 0 0) -> 1664 (0 3 1 0 0 0)
Hop 4: [3264-1568] 1600 (0 3 0 2 0 0) -> 1568 (0 3 0 1 0 0)
Hop 4: [3408-144] 336 (0 0 2 2 1 0) -> 208 (0 0 1 2 1 0)
Hop 4: [7008-7712] 8160 (3 3 3 3 0 0) -> 7776 (3 3 0 3 0 0)
Hop 4: [3904-1664] 1760 (0 3 1 3 0 0) -> 1664 (0 3 1 0 0 0)
Hop 4: [3920-1664] 1776 (0 3 1 3 1 0) -> 1680 (0 3 1 0 1 0)
Hop 4: [4672-7712] 7744 (3 3 0 2 0 0) -> 7712 (3 3 0 1 0 0)
Hop 4: [1520-48] 112 (0 0 0 3 1 0) -> 80 (0 0 0 2 1 0)
Hop 4: [1872-144] 240 (0 0 1 3 1 0) -> 144 (0 0 1 0 1 0)
Hop 4: [1136-48] 80 (0 0 0 2 1 0) -> 48 (0 0 0 1 1 0)
Hop 4: [6976-6288] 6368 (3 0 1 3 0 0) -> 6272 (3 0 1 0 0 0)
Hop 4: [6880-7712] 7776 (3 3 0 3 0 0) -> 7744 (3 3 0 2 0 0)
Hop 4: [7104-7712] 7744 (3 3 0 2 0 0) -> 7712 (3 3 0 1 0 0)
Hop 4: [1360-144] 208 (0 0 1 2 1 0) -> 240 (0 0 1 3 1 0)
Hop 4: [4816-6192] 6224 (3 0 0 2 1 0) -> 6192 (3 0 0 1 1 0)
Hop 4: [5072-6192] 6224 (3 0 0 2 1 0) -> 6192 (3 0 0 1 1 0)
Hop 4: [3952-144] 240 (0 0 1 3 1 0) -> 144 (0 0 1 0 1 0)
Hop 4: [4592-6192] 6224 (3 0 0 2 1 0) -> 6192 (3 0 0 1 1 0)
Hop 4: [4080-144] 368 (0 0 2 3 1 0) -> 240 (0 0 1 3 1 0)
Hop 4: [4464-7808] 7920 (3 3 1 3 1 0) -> 7824 (3 3 1 0 1 0)
Hop 4: [3936-144] 224 (0 0 1 3 0 0) -> 128 (0 0 1 0 0 0)
Hop 4: [7152-6288] 6384 (3 0 1 3 1 0) -> 6288 (3 0 1 0 1 0)
Hop 4: [3440-1664] 1776 (0 3 1 3 1 0) -> 1680 (0 3 1 0 1 0)
Hop 4: [4048-48] 80 (0 0 0 2 1 0) -> 48 (0 0 0 1 1 0)
Hop 4: [3568-1664] 1904 (0 3 2 3 1 0) -> 1776 (0 3 1 3 1 0)
Hop 4: [4960-7712] 8032 (3 3 2 3 0 0) -> 8160 (3 3 3 3 0 0)
Hop 4: [3536-48] 464 (0 0 3 2 1 0) -> 80 (0 0 0 2 1 0)
Hop 4: [4944-6288] 6352 (3 0 1 2 1 0) -> 6384 (3 0 1 3 1 0)
Hop 5: [5328-6192] 6224 (3 0 0 2 1 0) -> 6192 (3 0 0 1 1 0)
Hop 4: [6624-6288] 6272 (3 0 1 0 0 0) -> 6288 (3 0 1 0 1 0)
Hop 5: [6128-7808] 7824 (3 3 1 0 1 0) -> 7808 (3 3 1 0 0 0)
Hop 4: [3552-1568] 1632 (0 3 0 3 0 0) -> 1600 (0 3 0 2 0 0)
Hop 5: [7664-6192] 6224 (3 0 0 2 1 0) -> 6192 (3 0 0 1 1 0)
Hop 4: [6848-7808] 7904 (3 3 1 3 0 0) -> 7808 (3 3 1 0 0 0)
Hop 5: [4992-6192] 6176 (3 0 0 1 0 0) -> 6192 (3 0 0 1 1 0)
Hop 4: [3424-1664] 1760 (0 3 1 3 0 0) -> 1664 (0 3 1 0 0 0)
Hop 5: [4896-6192] 6176 (3 0 0 1 0 0) -> 6192 (3 0 0 1 1 0)
Hop 4: [4336-7808] 7824 (3 3 1 0 1 0) -> 7808 (3 3 1 0 0 0)
Hop 5: [5232-7808] 7824 (3 3 1 0 1 0) -> 7808 (3 3 1 0 0 0)
Hop 4: [5056-7712] 8128 (3 3 3 2 0 0) -> 7744 (3 3 0 2 0 0)
Hop 5: [5616-6192] 6256 (3 0 0 3 1 0) -> 6224 (3 0 0 2 1 0)
Hop 4: [1264-6288] 6384 (3 0 1 3 1 0) -> 6288 (3 0 1 0 1 0)
Hop 5: [5600-7808] 7904 (3 3 1 3 0 0) -> 7808 (3 3 1 0 0 0)
Hop 4: [1344-1664] 1760 (0 3 1 3 0 0) -> 1664 (0 3 1 0 0 0)
Hop 5: [5440-7808] 7904 (3 3 1 3 0 0) -> 7808 (3 3 1 0 0 0)
Hop 4: [2032-144] 240 (0 0 1 3 1 0) -> 144 (0 0 1 0 1 0)
Hop 5: [992-144] 128 (0 0 1 0 0 0) -> 144 (0 0 1 0 1 0)
Hop 5: [5488-1664] 1776 (0 3 1 3 1 0) -> 1680 (0 3 1 0 1 0)
Hop 4: [4704-7712] 7776 (3 3 0 3 0 0) -> 7744 (3 3 0 2 0 0)
Hop 5: [2528-1568] 1600 (0 3 0 2 0 0) -> 1568 (0 3 0 1 0 0)
Hop 5: [5472-6288] 6368 (3 0 1 3 0 0) -> 6272 (3 0 1 0 0 0)
Hop 4: [4976-144] 368 (0 0 2 3 1 0) -> 240 (0 0 1 3 1 0)
Hop 5: [3056-48] 80 (0 0 0 2 1 0) -> 48 (0 0 0 1 1 0)
Hop 5: [5456-7712] 7760 (3 3 0 2 1 0) -> 7728 (3 3 0 1 1 0)
Hop 5: [3472-1568] 1584 (0 3 0 1 1 0) -> 1568 (0 3 0 1 0 0)
Hop 5: [5584-6192] 6224 (3 0 0 2 1 0) -> 6192 (3 0 0 1 1 0)
Hop 5: [3040-144] 224 (0 0 1 3 0 0) -> 128 (0 0 1 0 0 0)
Hop 5: [7504-6288] 6384 (3 0 1 3 1 0) -> 6288 (3 0 1 0 1 0)
Hop 5: [3488-48] 32 (0 0 0 1 0 0) -> 48 (0 0 0 1 1 0)
Hop 5: [4512-7808] 7840 (3 3 1 1 0 0) -> 7808 (3 3 1 0 0 0)
Hop 5: [1456-144] 176 (0 0 1 1 1 0) -> 144 (0 0 1 0 1 0)
Hop 5: [7536-144] 240 (0 0 1 3 1 0) -> 144 (0 0 1 0 1 0)
Hop 5: [864-7808] 7904 (3 3 1 3 0 0) -> 7808 (3 3 1 0 0 0)
Hop 5: [5968-7808] 7824 (3 3 1 0 1 0) -> 7808 (3 3 1 0 0 0)
Hop 5: [2800-1664] 1680 (0 3 1 0 1 0) -> 1664 (0 3 1 0 0 0)
Hop 5: [5024-48] 32 (0 0 0 1 0 0) -> 48 (0 0 0 1 1 0)
Hop 5: [2912-1568] 2016 (0 3 3 3 0 0) -> 1632 (0 3 0 3 0 0)
Hop 5: [3504-7712] 7728 (3 3 0 1 1 0) -> 7712 (3 3 0 1 0 0)
Hop 5: [2368-144] 128 (0 0 1 0 0 0) -> 144 (0 0 1 0 1 0)
Hop 5: [2928-1664] 1776 (0 3 1 3 1 0) -> 1680 (0 3 1 0 1 0)
Hop 5: [2880-1568] 1984 (0 3 3 2 0 0) -> 1600 (0 3 0 2 0 0)
Hop 5: [2752-144] 128 (0 0 1 0 0 0) -> 144 (0 0 1 0 1 0)
Hop 5: [832-1664] 1760 (0 3 1 3 0 0) -> 1664 (0 3 1 0 0 0)
Hop 5: [2656-1568] 1600 (0 3 0 2 0 0) -> 1568 (0 3 0 1 0 0)
Hop 5: [3376-144] 176 (0 0 1 1 1 0) -> 144 (0 0 1 0 1 0)
Hop 5: [2784-1568] 1632 (0 3 0 3 0 0) -> 1600 (0 3 0 2 0 0)
Hop 5: [3008-1568] 1600 (0 3 0 2 0 0) -> 1568 (0 3 0 1 0 0)
Hop 5: [2896-48] 80 (0 0 0 2 1 0) -> 48 (0 0 0 1 1 0)
Hop 6: [5616-6192] 6224 (3 0 0 2 1 0) -> 6192 (3 0 0 1 1 0)
Hop 6: [5488-1664] 1680 (0 3 1 0 1 0) -> 1664 (0 3 1 0 0 0)
Hop 6: [5472-6288] 6272 (3 0 1 0 0 0) -> 6288 (3 0 1 0 1 0)
Hop 6: [5456-7712] 7728 (3 3 0 1 1 0) -> 7712 (3 3 0 1 0 0)
Hop 6: [3040-144] 128 (0 0 1 0 0 0) -> 144 (0 0 1 0 1 0)
Hop 6: [2912-1568] 1632 (0 3 0 3 0 0) -> 1600 (0 3 0 2 0 0)
Hop 6: [2928-1664] 1680 (0 3 1 0 1 0) -> 1664 (0 3 1 0 0 0)
Hop 6: [2880-1568] 1600 (0 3 0 2 0 0) -> 1568 (0 3 0 1 0 0)
Hop 6: [2784-1568] 1600 (0 3 0 2 0 0) -> 1568 (0 3 0 1 0 0)
Hop 7: [2912-1568] 1600 (0 3 0 2 0 0) -> 1568 (0 3 0 1 0 0)
Hop 5: [5104-6192] 6224 (3 0 0 2 1 0) -> 6192 (3 0 0 1 1 0)
Hop 5: [7024-7808] 7824 (3 3 1 0 1 0) -> 7808 (3 3 1 0 0 0)
Hop 5: [1392-7808] 7824 (3 3 1 0 1 0) -> 7808 (3 3 1 0 0 0)
Hop 5: [4448-7712] 7776 (3 3 0 3 0 0) -> 7744 (3 3 0 2 0 0)
Hop 5: [3280-144] 240 (0 0 1 3 1 0) -> 144 (0 0 1 0 1 0)
Hop 5: [4800-6288] 6272 (3 0 1 0 0 0) -> 6288 (3 0 1 0 1 0)
Hop 5: [3392-1664] 1760 (0 3 1 3 0 0) -> 1664 (0 3 1 0 0 0)
Hop 5: [4320-7712] 7744 (3 3 0 2 0 0) -> 7712 (3 3 0 1 0 0)
Hop 5: [3184-48] 80 (0 0 0 2 1 0) -> 48 (0 0 0 1 1 0)
Hop 5: [5088-7712] 7776 (3 3 0 3 0 0) -> 7744 (3 3 0 2 0 0)
Hop 5: [4848-6192] 6224 (3 0 0 2 1 0) -> 6192 (3 0 0 1 1 0)
Hop 5: [7136-6288] 6272 (3 0 1 0 0 0) -> 6288 (3 0 1 0 1 0)
Hop 5: [4416-6288] 6272 (3 0 1 0 0 0) -> 6288 (3 0 1 0 1 0)
Hop 5: [4576-7808] 7904 (3 3 1 3 0 0) -> 7808 (3 3 1 0 0 0)
Hop 5: [4928-6288] 6368 (3 0 1 3 0 0) -> 6272 (3 0 1 0 0 0)
Hop 5: [3408-144] 208 (0 0 1 2 1 0) -> 240 (0 0 1 3 1 0)
Hop 5: [7008-7712] 7776 (3 3 0 3 0 0) -> 7744 (3 3 0 2 0 0)
Hop 5: [3920-1664] 1680 (0 3 1 0 1 0) -> 1664 (0 3 1 0 0 0)
Hop 5: [1520-48] 80 (0 0 0 2 1 0) -> 48 (0 0 0 1 1 0)
Hop 5: [6976-6288] 6272 (3 0 1 0 0 0) -> 6288 (3 0 1 0 1 0)
Hop 5: [6880-7712] 7744 (3 3 0 2 0 0) -> 7712 (3 3 0 1 0 0)
Hop 5: [1360-144] 240 (0 0 1 3 1 0) -> 144 (0 0 1 0 1 0)
Hop 5: [4080-144] 240 (0 0 1 3 1 0) -> 144 (0 0 1 0 1 0)
Hop 5: [4464-7808] 7824 (3 3 1 0 1 0) -> 7808 (3 3 1 0 0 0)
Hop 5: [3936-144] 128 (0 0 1 0 0 0) -> 144 (0 0 1 0 1 0)
Hop 5: [3440-1664] 1680 (0 3 1 0 1 0) -> 1664 (0 3 1 0 0 0)
Hop 5: [3568-1664] 1776 (0 3 1 3 1 0) -> 1680 (0 3 1 0 1 0)
Hop 5: [4960-7712] 8160 (3 3 3 3 0 0) -> 7776 (3 3 0 3 0 0)
Hop 5: [3536-48] 80 (0 0 0 2 1 0) -> 48 (0 0 0 1 1 0)
Hop 5: [4944-6288] 6384 (3 0 1 3 1 0) -> 6288 (3 0 1 0 1 0)
Hop 5: [3552-1568] 1600 (0 3 0 2 0 0) -> 1568 (0 3 0 1 0 0)
Hop 5: [5056-7712] 7744 (3 3 0 2 0 0) -> 7712 (3 3 0 1 0 0)
Hop 5: [4704-7712] 7744 (3 3 0 2 0 0) -> 7712 (3 3 0 1 0 0)
Hop 5: [4976-144] 240 (0 0 1 3 1 0) -> 144 (0 0 1 0 1 0)
Hop 6: [4448-7712] 7744 (3 3 0 2 0 0) -> 7712 (3 3 0 1 0 0)
Hop 6: [5088-7712] 7744 (3 3 0 2 0 0) -> 7712 (3 3 0 1 0 0)
Hop 6: [4928-6288] 6272 (3 0 1 0 0 0) -> 6288 (3 0 1 0 1 0)
Hop 6: [3408-144] 240 (0 0 1 3 1 0) -> 144 (0 0 1 0 1 0)
Hop 6: [7008-7712] 7744 (3 3 0 2 0 0) -> 7712 (3 3 0 1 0 0)
Hop 6: [3568-1664] 1680 (0 3 1 0 1 0) -> 1664 (0 3 1 0 0 0)
Hop 6: [4960-7712] 7776 (3 3 0 3 0 0) -> 7744 (3 3 0 2 0 0)
Hop 7: [4960-7712] 7744 (3 3 0 2 0 0) -> 7712 (3 3 0 1 0 0)
