Hop 1: [3441-3444] 3441 (5 5 12 1 0) -> 3440 (5 5 12 0 0)
Hop 2: [3441-3444] 3440 (5 5 12 0 0) -> 3444 (5 5 13 0 0)
Hop 1: [3439-3443] 3439 (5 5 11 3 0) -> 3443 (5 5 12 3 0)
Hop 1: [3470-3454] 3470 (6 3 3 2 0) -> 3518 (6 3 15 2 0)
Hop 2: [3470-3454] 3518 (6 3 15 2 0) -> 3646 (6 5 15 2 0)
Hop 1: [3493-3445] 3493 (6 3 9 1 0) -> 3509 (6 3 13 1 0)
Hop 2: [3493-3445] 3509 (6 3 13 1 0) -> 3637 (6 5 13 1 0)
Hop 3: [3470-3454] 3646 (6 5 15 2 0) -> 3454 (5 5 15 2 0)
Hop 1: [3463-3447] 3463 (6 3 1 3 0) -> 3511 (6 3 13 3 0)
Hop 2: [3463-3447] 3511 (6 3 13 3 0) -> 3639 (6 5 13 3 0)
Hop 1: [3444-3443] 3444 (5 5 13 0 0) -> 3447 (5 5 13 3 0)
Hop 2: [3444-3443] 3447 (5 5 13 3 0) -> 3443 (5 5 12 3 0)
Hop 1: [3433-3434] 3433 (5 5 10 1 0) -> 3434 (5 5 10 2 0)
Hop 1: [3437-3433] 3437 (5 5 11 1 0) -> 3433 (5 5 10 1 0)
Hop 1: [3450-3434] 3450 (5 5 14 2 0) -> 3434 (5 5 10 2 0)
Hop 1: [3452-3449] 3452 (5 5 15 0 0) -> 3453 (5 5 15 1 0)
Hop 2: [3452-3449] 3453 (5 5 15 1 0) -> 3449 (5 5 14 1 0)
Hop 1: [3454-3450] 3454 (5 5 15 2 0) -> 3450 (5 5 14 2 0)
Hop 3: [3463-3447] 3639 (6 5 13 3 0) -> 3447 (5 5 13 3 0)
Hop 1: [3483-3435] 3483 (6 3 6 3 0) -> 3499 (6 3 10 3 0)
Hop 2: [3483-3435] 3499 (6 3 10 3 0) -> 3627 (6 5 10 3 0)
Hop 3: [3493-3445] 3637 (6 5 13 1 0) -> 3445 (5 5 13 1 0)
Hop 1: [3496-3448] 3496 (6 3 10 0 0) -> 3512 (6 3 14 0 0)
Hop 2: [3496-3448] 3512 (6 3 14 0 0) -> 3640 (6 5 14 0 0)
Hop 3: [3496-3448] 3640 (6 5 14 0 0) -> 3448 (5 5 14 0 0)
Hop 1: [3491-3443] 3491 (6 3 8 3 0) -> 3507 (6 3 12 3 0)
Hop 2: [3491-3443] 3507 (6 3 12 3 0) -> 3635 (6 5 12 3 0)
Hop 3: [3483-3435] 3627 (6 5 10 3 0) -> 3435 (5 5 10 3 0)
Hop 1: [3479-3463] 3479 (6 3 5 3 0) -> 3463 (6 3 1 3 0)
Hop 1: [3473-3457] 3473 (6 3 4 1 0) -> 3457 (6 3 0 1 0)
Hop 1: [3462-3446] 3462 (6 3 1 2 0) -> 3510 (6 3 13 2 0)
Hop 1: [3458-3454] 3458 (6 3 0 2 0) -> 3518 (6 3 15 2 0)
Hop 2: [3458-3454] 3518 (6 3 15 2 0) -> 3646 (6 5 15 2 0)
Hop 1: [3451-3450] 3451 (5 5 14 3 0) -> 3450 (5 5 14 2 0)
Hop 1: [3443-3444] 3443 (5 5 12 3 0) -> 3440 (5 5 12 0 0)
Hop 2: [3443-3444] 3440 (5 5 12 0 0) -> 3444 (5 5 13 0 0)
Hop 1: [3434-3433] 3434 (5 5 10 2 0) -> 3433 (5 5 10 1 0)
Hop 1: [3436-3433] 3436 (5 5 11 0 0) -> 3437 (5 5 11 1 0)
Hop 2: [3436-3433] 3437 (5 5 11 1 0) -> 3433 (5 5 10 1 0)
Hop 3: [3458-3454] 3646 (6 5 15 2 0) -> 3454 (5 5 15 2 0)
Hop 2: [3462-3446] 3510 (6 3 13 2 0) -> 3638 (6 5 13 2 0)
Hop 3: [3462-3446] 3638 (6 5 13 2 0) -> 3446 (5 5 13 2 0)
Hop 1: [3466-3450] 3466 (6 3 2 2 0) -> 3514 (6 3 14 2 0)
Hop 1: [3486-3470] 3486 (6 3 7 2 0) -> 3470 (6 3 3 2 0)
Hop 1: [3489-3473] 3489 (6 3 8 1 0) -> 3473 (6 3 4 1 0)
Hop 3: [3491-3443] 3635 (6 5 12 3 0) -> 3443 (5 5 12 3 0)
Hop 1: [3494-3446] 3494 (6 3 9 2 0) -> 3510 (6 3 13 2 0)
Hop 2: [3494-3446] 3510 (6 3 13 2 0) -> 3638 (6 5 13 2 0)
Hop 1: [3490-3474] 3490 (6 3 8 2 0) -> 3474 (6 3 4 2 0)
Hop 1: [3481-3433] 3481 (6 3 6 1 0) -> 3497 (6 3 10 1 0)
Hop 2: [3481-3433] 3497 (6 3 10 1 0) -> 3625 (6 5 10 1 0)
Hop 1: [3475-3459] 3475 (6 3 4 3 0) -> 3459 (6 3 0 3 0)
Hop 1: [3471-3455] 3471 (6 3 3 3 0) -> 3519 (6 3 15 3 0)
Hop 2: [3471-3455] 3519 (6 3 15 3 0) -> 3647 (6 5 15 3 0)
Hop 2: [3466-3450] 3514 (6 3 14 2 0) -> 3642 (6 5 14 2 0)
Hop 3: [3466-3450] 3642 (6 5 14 2 0) -> 3450 (5 5 14 2 0)
Hop 1: [3461-3445] 3461 (6 3 1 1 0) -> 3509 (6 3 13 1 0)
Hop 2: [3461-3445] 3509 (6 3 13 1 0) -> 3637 (6 5 13 1 0)
Hop 1: [3440-3444] 3440 (5 5 12 0 0) -> 3444 (5 5 13 0 0)
Hop 1: [3438-3434] 3438 (5 5 11 2 0) -> 3434 (5 5 10 2 0)
Hop 1: [3435-3434] 3435 (5 5 10 3 0) -> 3434 (5 5 10 2 0)
Hop 1: [3453-3449] 3453 (5 5 15 1 0) -> 3449 (5 5 14 1 0)
Hop 1: [3455-3451] 3455 (5 5 15 3 0) -> 3451 (5 5 14 3 0)
Hop 1: [3456-3452] 3456 (6 3 0 0 0) -> 3516 (6 3 15 0 0)
Hop 2: [3456-3452] 3516 (6 3 15 0 0) -> 3644 (6 5 15 0 0)
Hop 3: [3461-3445] 3637 (6 5 13 1 0) -> 3445 (5 5 13 1 0)
Hop 1: [3468-3452] 3468 (6 3 3 0 0) -> 3516 (6 3 15 0 0)
Hop 2: [3468-3452] 3516 (6 3 15 0 0) -> 3644 (6 5 15 0 0)
Hop 3: [3471-3455] 3647 (6 5 15 3 0) -> 3455 (5 5 15 3 0)
Hop 1: [3477-3461] 3477 (6 3 5 1 0) -> 3461 (6 3 1 1 0)
Hop 1: [3478-3462] 3478 (6 3 5 2 0) -> 3462 (6 3 1 2 0)
Hop 3: [3481-3433] 3625 (6 5 10 1 0) -> 3433 (5 5 10 1 0)
Hop 1: [3482-3434] 3482 (6 3 6 2 0) -> 3498 (6 3 10 2 0)
Hop 2: [3482-3434] 3498 (6 3 10 2 0) -> 3626 (6 5 10 2 0)
Hop 1: [3492-3444] 3492 (6 3 9 0 0) -> 3508 (6 3 13 0 0)
Hop 3: [3494-3446] 3638 (6 5 13 2 0) -> 3446 (5 5 13 2 0)
Hop 2: [3492-3444] 3508 (6 3 13 0 0) -> 3636 (6 5 13 0 0)
Hop 3: [3492-3444] 3636 (6 5 13 0 0) -> 3444 (5 5 13 0 0)
Hop 1: [3488-3472] 3488 (6 3 8 0 0) -> 3472 (6 3 4 0 0)
Hop 1: [3487-3471] 3487 (6 3 7 3 0) -> 3471 (6 3 3 3 0)
Hop 3: [3482-3434] 3626 (6 5 10 2 0) -> 3434 (5 5 10 2 0)
Hop 1: [3472-3456] 3472 (6 3 4 0 0) -> 3456 (6 3 0 0 0)
Hop 3: [3468-3452] 3644 (6 5 15 0 0) -> 3452 (5 5 15 0 0)
Hop 1: [3459-3443] 3459 (6 3 0 3 0) -> 3507 (6 3 12 3 0)
Hop 2: [3459-3443] 3507 (6 3 12 3 0) -> 3635 (6 5 12 3 0)
Hop 3: [3456-3452] 3644 (6 5 15 0 0) -> 3452 (5 5 15 0 0)
Hop 1: [3445-3433] 3445 (5 5 13 1 0) -> 3433 (5 5 10 1 0)
Hop 1: [3441-3445] 3441 (5 5 12 1 0) -> 3445 (5 5 13 1 0)
Hop 1: [3439-3435] 3439 (5 5 11 3 0) -> 3435 (5 5 10 3 0)
Hop 1: [3433-3445] 3433 (5 5 10 1 0) -> 3445 (5 5 13 1 0)
Hop 1: [3437-3453] 3437 (5 5 11 1 0) -> 3453 (5 5 15 1 0)
Hop 1: [3450-3449] 3450 (5 5 14 2 0) -> 3449 (5 5 14 1 0)
Hop 1: [3452-3451] 3452 (5 5 15 0 0) -> 3455 (5 5 15 3 0)
Hop 2: [3452-3451] 3455 (5 5 15 3 0) -> 3451 (5 5 14 3 0)
Hop 1: [3457-3453] 3457 (6 3 0 1 0) -> 3517 (6 3 15 1 0)
Hop 2: [3457-3453] 3517 (6 3 15 1 0) -> 3645 (6 5 15 1 0)
Hop 3: [3459-3443] 3635 (6 5 12 3 0) -> 3443 (5 5 12 3 0)
Hop 1: [3464-3448] 3464 (6 3 2 0 0) -> 3512 (6 3 14 0 0)
Hop 2: [3464-3448] 3512 (6 3 14 0 0) -> 3640 (6 5 14 0 0)
Hop 1: [3467-3451] 3467 (6 3 2 3 0) -> 3515 (6 3 14 3 0)
Hop 2: [3467-3451] 3515 (6 3 14 3 0) -> 3643 (6 5 14 3 0)
Hop 1: [3469-3453] 3469 (6 3 3 1 0) -> 3517 (6 3 15 1 0)
Hop 2: [3469-3453] 3517 (6 3 15 1 0) -> 3645 (6 5 15 1 0)
Hop 1: [3474-3458] 3474 (6 3 4 2 0) -> 3458 (6 3 0 2 0)
Hop 1: [3484-3436] 3484 (6 3 7 0 0) -> 3500 (6 3 11 0 0)
Hop 2: [3484-3436] 3500 (6 3 11 0 0) -> 3628 (6 5 11 0 0)
Hop 1: [3491-3475] 3491 (6 3 8 3 0) -> 3475 (6 3 4 3 0)
Hop 1: [3496-3480] 3496 (6 3 10 0 0) -> 3480 (6 3 6 0 0)
Hop 1: [3495-3447] 3495 (6 3 9 3 0) -> 3511 (6 3 13 3 0)
Hop 2: [3495-3447] 3511 (6 3 13 3 0) -> 3639 (6 5 13 3 0)
Hop 1: [3489-3485] 3489 (6 3 8 1 0) -> 3485 (6 3 7 1 0)
Hop 3: [3484-3436] 3628 (6 5 11 0 0) -> 3436 (5 5 11 0 0)
Hop 1: [3480-3464] 3480 (6 3 6 0 0) -> 3464 (6 3 2 0 0)
Hop 1: [3479-3467] 3479 (6 3 5 3 0) -> 3467 (6 3 2 3 0)
Hop 1: [3476-3460] 3476 (6 3 5 0 0) -> 3460 (6 3 1 0 0)
Hop 1: [3473-3469] 3473 (6 3 4 1 0) -> 3469 (6 3 3 1 0)
Hop 1: [3470-3466] 3470 (6 3 3 2 0) -> 3466 (6 3 2 2 0)
Hop 3: [3469-3453] 3645 (6 5 15 1 0) -> 3453 (5 5 15 1 0)
Hop 3: [3467-3451] 3643 (6 5 14 3 0) -> 3451 (5 5 14 3 0)
Hop 3: [3464-3448] 3640 (6 5 14 0 0) -> 3448 (5 5 14 0 0)
Hop 1: [3463-3451] 3463 (6 3 1 3 0) -> 3515 (6 3 14 3 0)
Hop 2: [3463-3451] 3515 (6 3 14 3 0) -> 3643 (6 5 14 3 0)
Hop 1: [3460-3444] 3460 (6 3 1 0 0) -> 3508 (6 3 13 0 0)
Hop 2: [3460-3444] 3508 (6 3 13 0 0) -> 3636 (6 5 13 0 0)
Hop 3: [3457-3453] 3645 (6 5 15 1 0) -> 3453 (5 5 15 1 0)
Hop 1: [3454-3453] 3454 (5 5 15 2 0) -> 3453 (5 5 15 1 0)
Hop 1: [3451-3452] 3451 (5 5 14 3 0) -> 3448 (5 5 14 0 0)
Hop 2: [3451-3452] 3448 (5 5 14 0 0) -> 3452 (5 5 15 0 0)
Hop 1: [3434-3446] 3434 (5 5 10 2 0) -> 3446 (5 5 13 2 0)
Hop 1: [3438-3454] 3438 (5 5 11 2 0) -> 3454 (5 5 15 2 0)
Hop 1: [3440-3456] 3440 (5 5 12 0 0) -> 3392 (5 5 0 0 0)
Hop 1: [3443-3447] 3443 (5 5 12 3 0) -> 3447 (5 5 13 3 0)
Hop 1: [3444-3448] 3444 (5 5 13 0 0) -> 3448 (5 5 14 0 0)
Hop 1: [3453-3454] 3453 (5 5 15 1 0) -> 3454 (5 5 15 2 0)
Hop 3: [3460-3444] 3636 (6 5 13 0 0) -> 3444 (5 5 13 0 0)
Hop 3: [3463-3451] 3643 (6 5 14 3 0) -> 3451 (5 5 14 3 0)
Hop 1: [3465-3449] 3465 (6 3 2 1 0) -> 3513 (6 3 14 1 0)
Hop 2: [3465-3449] 3513 (6 3 14 1 0) -> 3641 (6 5 14 1 0)
Hop 1: [3475-3471] 3475 (6 3 4 3 0) -> 3471 (6 3 3 3 0)
Hop 1: [3483-3467] 3483 (6 3 6 3 0) -> 3467 (6 3 2 3 0)
Hop 1: [3485-3469] 3485 (6 3 7 1 0) -> 3469 (6 3 3 1 0)
Hop 1: [3486-3482] 3486 (6 3 7 2 0) -> 3482 (6 3 6 2 0)
Hop 1: [3493-3477] 3493 (6 3 9 1 0) -> 3477 (6 3 5 1 0)
Hop 3: [3495-3447] 3639 (6 5 13 3 0) -> 3447 (5 5 13 3 0)
Hop 1: [3496-3484] 3496 (6 3 10 0 0) -> 3484 (6 3 7 0 0)
Hop 1: [3490-3486] 3490 (6 3 8 2 0) -> 3486 (6 3 7 2 0)
Hop 1: [3472-3468] 3472 (6 3 4 0 0) -> 3468 (6 3 3 0 0)
Hop 1: [3471-3467] 3471 (6 3 3 3 0) -> 3467 (6 3 2 3 0)
Hop 3: [3465-3449] 3641 (6 5 14 1 0) -> 3449 (5 5 14 1 0)
Hop 1: [3462-3450] 3462 (6 3 1 2 0) -> 3514 (6 3 14 2 0)
Hop 2: [3462-3450] 3514 (6 3 14 2 0) -> 3642 (6 5 14 2 0)
Hop 1: [3458-3457] 3458 (6 3 0 2 0) -> 3457 (6 3 0 1 0)
Hop 1: [3455-3454] 3455 (5 5 15 3 0) -> 3454 (5 5 15 2 0)
Hop 1: [3442-3443] 3442 (5 5 12 2 0) -> 3443 (5 5 12 3 0)
Hop 2: [3440-3456] 3392 (5 5 0 0 0) -> 3264 (5 3 0 0 0)
Hop 3: [3440-3456] 3264 (5 3 0 0 0) -> 3456 (6 3 0 0 0)
Hop 1: [3436-3448] 3436 (5 5 11 0 0) -> 3448 (5 5 14 0 0)
Hop 1: [3435-3447] 3435 (5 5 10 3 0) -> 3447 (5 5 13 3 0)
Hop 1: [3445-3446] 3445 (5 5 13 1 0) -> 3446 (5 5 13 2 0)
Hop 1: [3456-3453] 3456 (6 3 0 0 0) -> 3457 (6 3 0 1 0)
Hop 3: [3462-3450] 3642 (6 5 14 2 0) -> 3450 (5 5 14 2 0)
Hop 1: [3466-3465] 3466 (6 3 2 2 0) -> 3465 (6 3 2 1 0)
Hop 1: [3469-3465] 3469 (6 3 3 1 0) -> 3465 (6 3 2 1 0)
Hop 1: [3477-3465] 3477 (6 3 5 1 0) -> 3465 (6 3 2 1 0)
Hop 1: [3478-3466] 3478 (6 3 5 2 0) -> 3466 (6 3 2 2 0)
Hop 1: [3481-3465] 3481 (6 3 6 1 0) -> 3465 (6 3 2 1 0)
Hop 1: [3487-3483] 3487 (6 3 7 3 0) -> 3483 (6 3 6 3 0)
Hop 1: [3488-3484] 3488 (6 3 8 0 0) -> 3484 (6 3 7 0 0)
Hop 1: [3494-3478] 3494 (6 3 9 2 0) -> 3478 (6 3 5 2 0)
Hop 1: [3492-3476] 3492 (6 3 9 0 0) -> 3476 (6 3 5 0 0)
Hop 1: [3491-3487] 3491 (6 3 8 3 0) -> 3487 (6 3 7 3 0)
Hop 1: [3482-3466] 3482 (6 3 6 2 0) -> 3466 (6 3 2 2 0)
Hop 1: [3474-3470] 3474 (6 3 4 2 0) -> 3470 (6 3 3 2 0)
Hop 1: [3473-3474] 3473 (6 3 4 1 0) -> 3474 (6 3 4 2 0)
Hop 1: [3468-3465] 3468 (6 3 3 0 0) -> 3469 (6 3 3 1 0)
Hop 2: [3468-3465] 3469 (6 3 3 1 0) -> 3465 (6 3 2 1 0)
Hop 1: [3461-3449] 3461 (6 3 1 1 0) -> 3513 (6 3 14 1 0)
Hop 2: [3461-3449] 3513 (6 3 14 1 0) -> 3641 (6 5 14 1 0)
Hop 1: [3457-3458] 3457 (6 3 0 1 0) -> 3458 (6 3 0 2 0)
Hop 1: [3452-3456] 3452 (5 5 15 0 0) -> 3392 (5 5 0 0 0)
Hop 2: [3452-3456] 3392 (5 5 0 0 0) -> 3264 (5 3 0 0 0)
Hop 1: [3439-3455] 3439 (5 5 11 3 0) -> 3455 (5 5 15 3 0)
Hop 1: [3433-3449] 3433 (5 5 10 1 0) -> 3449 (5 5 14 1 0)
Hop 1: [3437-3438] 3437 (5 5 11 1 0) -> 3438 (5 5 11 2 0)
Hop 1: [3441-3457] 3441 (5 5 12 1 0) -> 3393 (5 5 0 1 0)
Hop 2: [3441-3457] 3393 (5 5 0 1 0) -> 3265 (5 3 0 1 0)
Hop 1: [3447-3443] 3447 (5 5 13 3 0) -> 3443 (5 5 12 3 0)
Hop 1: [3450-3451] 3450 (5 5 14 2 0) -> 3451 (5 5 14 3 0)
Hop 3: [3452-3456] 3264 (5 3 0 0 0) -> 3456 (6 3 0 0 0)
Hop 1: [3454-3455] 3454 (5 5 15 2 0) -> 3455 (5 5 15 3 0)
Hop 2: [3456-3453] 3457 (6 3 0 1 0) -> 3517 (6 3 15 1 0)
Hop 3: [3456-3453] 3517 (6 3 15 1 0) -> 3645 (6 5 15 1 0)
Hop 4: [3456-3453] 3645 (6 5 15 1 0) -> 3453 (5 5 15 1 0)
Hop 1: [3459-3455] 3459 (6 3 0 3 0) -> 3519 (6 3 15 3 0)
Hop 2: [3459-3455] 3519 (6 3 15 3 0) -> 3647 (6 5 15 3 0)
Hop 3: [3461-3449] 3641 (6 5 14 1 0) -> 3449 (5 5 14 1 0)
Hop 1: [3467-3466] 3467 (6 3 2 3 0) -> 3466 (6 3 2 2 0)
Hop 1: [3470-3469] 3470 (6 3 3 2 0) -> 3469 (6 3 3 1 0)
Hop 1: [3479-3475] 3479 (6 3 5 3 0) -> 3475 (6 3 4 3 0)
Hop 1: [3489-3490] 3489 (6 3 8 1 0) -> 3490 (6 3 8 2 0)
Hop 1: [3496-3492] 3496 (6 3 10 0 0) -> 3492 (6 3 9 0 0)
Hop 1: [3486-3438] 3486 (6 3 7 2 0) -> 3502 (6 3 11 2 0)
Hop 2: [3486-3438] 3502 (6 3 11 2 0) -> 3630 (6 5 11 2 0)
Hop 1: [3484-3468] 3484 (6 3 7 0 0) -> 3468 (6 3 3 0 0)
Hop 1: [3483-3482] 3483 (6 3 6 3 0) -> 3482 (6 3 6 2 0)
Hop 1: [3480-3468] 3480 (6 3 6 0 0) -> 3468 (6 3 3 0 0)
Hop 1: [3476-3472] 3476 (6 3 5 0 0) -> 3472 (6 3 4 0 0)
Hop 1: [3475-3474] 3475 (6 3 4 3 0) -> 3474 (6 3 4 2 0)
Hop 3: [3459-3455] 3647 (6 5 15 3 0) -> 3455 (5 5 15 3 0)
Hop 1: [3451-3435] 3451 (5 5 14 3 0) -> 3435 (5 5 10 3 0)
Hop 1: [3444-3460] 3444 (5 5 13 0 0) -> 3396 (5 5 1 0 0)
Hop 2: [3444-3460] 3396 (5 5 1 0 0) -> 3268 (5 3 1 0 0)
Hop 3: [3441-3457] 3265 (5 3 0 1 0) -> 3457 (6 3 0 1 0)
Hop 1: [3434-3450] 3434 (5 5 10 2 0) -> 3450 (5 5 14 2 0)
Hop 1: [3438-3437] 3438 (5 5 11 2 0) -> 3437 (5 5 11 1 0)
Hop 1: [3443-3459] 3443 (5 5 12 3 0) -> 3395 (5 5 0 3 0)
Hop 2: [3443-3459] 3395 (5 5 0 3 0) -> 3267 (5 3 0 3 0)
Hop 3: [3444-3460] 3268 (5 3 1 0 0) -> 3460 (6 3 1 0 0)
Hop 1: [3463-3459] 3463 (6 3 1 3 0) -> 3459 (6 3 0 3 0)
Hop 1: [3464-3452] 3464 (6 3 2 0 0) -> 3516 (6 3 15 0 0)
Hop 2: [3464-3452] 3516 (6 3 15 0 0) -> 3644 (6 5 15 0 0)
Hop 1: [3466-3467] 3466 (6 3 2 2 0) -> 3467 (6 3 2 3 0)
Hop 1: [3471-3470] 3471 (6 3 3 3 0) -> 3470 (6 3 3 2 0)
Hop 1: [3472-3469] 3472 (6 3 4 0 0) -> 3473 (6 3 4 1 0)
Hop 2: [3472-3469] 3473 (6 3 4 1 0) -> 3469 (6 3 3 1 0)
Hop 1: [3485-3437] 3485 (6 3 7 1 0) -> 3501 (6 3 11 1 0)
Hop 2: [3485-3437] 3501 (6 3 11 1 0) -> 3629 (6 5 11 1 0)
Hop 3: [3486-3438] 3630 (6 5 11 2 0) -> 3438 (5 5 11 2 0)
Hop 1: [3490-3489] 3490 (6 3 8 2 0) -> 3489 (6 3 8 1 0)
Hop 1: [3493-3481] 3493 (6 3 9 1 0) -> 3481 (6 3 6 1 0)
Hop 1: [3495-3479] 3495 (6 3 9 3 0) -> 3479 (6 3 5 3 0)
Hop 1: [3496-3493] 3496 (6 3 10 0 0) -> 3497 (6 3 10 1 0)
Hop 2: [3496-3493] 3497 (6 3 10 1 0) -> 3493 (6 3 9 1 0)
Hop 1: [3488-3485] 3488 (6 3 8 0 0) -> 3489 (6 3 8 1 0)
Hop 2: [3488-3485] 3489 (6 3 8 1 0) -> 3485 (6 3 7 1 0)
Hop 3: [3485-3437] 3629 (6 5 11 1 0) -> 3437 (5 5 11 1 0)
Hop 1: [3482-3481] 3482 (6 3 6 2 0) -> 3481 (6 3 6 1 0)
Hop 1: [3481-3482] 3481 (6 3 6 1 0) -> 3482 (6 3 6 2 0)
Hop 1: [3478-3474] 3478 (6 3 5 2 0) -> 3474 (6 3 4 2 0)
Hop 1: [3469-3470] 3469 (6 3 3 1 0) -> 3470 (6 3 3 2 0)
Hop 1: [3465-3466] 3465 (6 3 2 1 0) -> 3466 (6 3 2 2 0)
Hop 1: [3462-3458] 3462 (6 3 1 2 0) -> 3458 (6 3 0 2 0)
Hop 1: [3460-3456] 3460 (6 3 1 0 0) -> 3456 (6 3 0 0 0)
Hop 1: [3458-3459] 3458 (6 3 0 2 0) -> 3459 (6 3 0 3 0)
Hop 1: [3455-3456] 3455 (5 5 15 3 0) -> 3452 (5 5 15 0 0)
Hop 2: [3455-3456] 3452 (5 5 15 0 0) -> 3392 (5 5 0 0 0)
Hop 1: [3453-3456] 3453 (5 5 15 1 0) -> 3452 (5 5 15 0 0)
Hop 2: [3453-3456] 3452 (5 5 15 0 0) -> 3392 (5 5 0 0 0)
Hop 3: [3453-3456] 3392 (5 5 0 0 0) -> 3264 (5 3 0 0 0)
Hop 3: [3443-3459] 3267 (5 3 0 3 0) -> 3459 (6 3 0 3 0)
Hop 1: [3436-3452] 3436 (5 5 11 0 0) -> 3452 (5 5 15 0 0)
Hop 1: [3435-3451] 3435 (5 5 10 3 0) -> 3451 (5 5 14 3 0)
Hop 1: [3433-3436] 3433 (5 5 10 1 0) -> 3432 (5 5 10 0 0)
Hop 2: [3433-3436] 3432 (5 5 10 0 0) -> 3436 (5 5 11 0 0)
Hop 1: [3439-3438] 3439 (5 5 11 3 0) -> 3438 (5 5 11 2 0)
Hop 1: [3440-3436] 3440 (5 5 12 0 0) -> 3436 (5 5 11 0 0)
Hop 1: [3442-3446] 3442 (5 5 12 2 0) -> 3446 (5 5 13 2 0)
Hop 1: [3446-3434] 3446 (5 5 13 2 0) -> 3434 (5 5 10 2 0)
Hop 1: [3450-3454] 3450 (5 5 14 2 0) -> 3454 (5 5 15 2 0)
Hop 4: [3453-3456] 3264 (5 3 0 0 0) -> 3456 (6 3 0 0 0)
Hop 3: [3455-3456] 3392 (5 5 0 0 0) -> 3264 (5 3 0 0 0)
Hop 4: [3455-3456] 3264 (5 3 0 0 0) -> 3456 (6 3 0 0 0)
Hop 1: [3457-3460] 3457 (6 3 0 1 0) -> 3456 (6 3 0 0 0)
Hop 2: [3457-3460] 3456 (6 3 0 0 0) -> 3460 (6 3 1 0 0)
Hop 3: [3464-3452] 3644 (6 5 15 0 0) -> 3452 (5 5 15 0 0)
Hop 1: [3467-3468] 3467 (6 3 2 3 0) -> 3464 (6 3 2 0 0)
Hop 2: [3467-3468] 3464 (6 3 2 0 0) -> 3468 (6 3 3 0 0)
Hop 1: [3468-3467] 3468 (6 3 3 0 0) -> 3471 (6 3 3 3 0)
Hop 2: [3468-3467] 3471 (6 3 3 3 0) -> 3467 (6 3 2 3 0)
Hop 1: [3470-3471] 3470 (6 3 3 2 0) -> 3471 (6 3 3 3 0)
Hop 1: [3473-3476] 3473 (6 3 4 1 0) -> 3472 (6 3 4 0 0)
Hop 2: [3473-3476] 3472 (6 3 4 0 0) -> 3476 (6 3 5 0 0)
Hop 1: [3474-3473] 3474 (6 3 4 2 0) -> 3473 (6 3 4 1 0)
Hop 1: [3477-3473] 3477 (6 3 5 1 0) -> 3473 (6 3 4 1 0)
Hop 1: [3487-3486] 3487 (6 3 7 3 0) -> 3486 (6 3 7 2 0)
Hop 1: [3491-3490] 3491 (6 3 8 3 0) -> 3490 (6 3 8 2 0)
Hop 1: [3494-3482] 3494 (6 3 9 2 0) -> 3482 (6 3 6 2 0)
Hop 1: [3492-3488] 3492 (6 3 9 0 0) -> 3488 (6 3 8 0 0)
Hop 1: [3489-3492] 3489 (6 3 8 1 0) -> 3488 (6 3 8 0 0)
Hop 2: [3489-3492] 3488 (6 3 8 0 0) -> 3492 (6 3 9 0 0)
Hop 1: [3483-3484] 3483 (6 3 6 3 0) -> 3480 (6 3 6 0 0)
Hop 2: [3483-3484] 3480 (6 3 6 0 0) -> 3484 (6 3 7 0 0)
Hop 1: [3479-3478] 3479 (6 3 5 3 0) -> 3478 (6 3 5 2 0)
Hop 1: [3461-3457] 3461 (6 3 1 1 0) -> 3457 (6 3 0 1 0)
Hop 1: [3459-3458] 3459 (6 3 0 3 0) -> 3458 (6 3 0 2 0)
Hop 1: [3456-3455] 3456 (6 3 0 0 0) -> 3459 (6 3 0 3 0)
Hop 2: [3456-3455] 3459 (6 3 0 3 0) -> 3519 (6 3 15 3 0)
Hop 1: [3451-3455] 3451 (5 5 14 3 0) -> 3455 (5 5 15 3 0)
Hop 1: [3449-3433] 3449 (5 5 14 1 0) -> 3433 (5 5 10 1 0)
Hop 1: [3447-3446] 3447 (5 5 13 3 0) -> 3446 (5 5 13 2 0)
Hop 1: [3445-3448] 3445 (5 5 13 1 0) -> 3444 (5 5 13 0 0)
Hop 2: [3445-3448] 3444 (5 5 13 0 0) -> 3448 (5 5 14 0 0)
Hop 1: [3434-3435] 3434 (5 5 10 2 0) -> 3435 (5 5 10 3 0)
Hop 1: [3437-3485] 3437 (5 5 11 1 0) -> 3421 (5 5 7 1 0)
Hop 2: [3437-3485] 3421 (5 5 7 1 0) -> 3293 (5 3 7 1 0)
Hop 1: [3441-3437] 3441 (5 5 12 1 0) -> 3437 (5 5 11 1 0)
Hop 1: [3448-3444] 3448 (5 5 14 0 0) -> 3444 (5 5 13 0 0)
Hop 3: [3456-3455] 3519 (6 3 15 3 0) -> 3647 (6 5 15 3 0)
Hop 4: [3456-3455] 3647 (6 5 15 3 0) -> 3455 (5 5 15 3 0)
Hop 1: [3471-3472] 3471 (6 3 3 3 0) -> 3468 (6 3 3 0 0)
Hop 2: [3471-3472] 3468 (6 3 3 0 0) -> 3472 (6 3 4 0 0)
Hop 1: [3475-3476] 3475 (6 3 4 3 0) -> 3472 (6 3 4 0 0)
Hop 2: [3475-3476] 3472 (6 3 4 0 0) -> 3476 (6 3 5 0 0)
Hop 1: [3480-3476] 3480 (6 3 6 0 0) -> 3476 (6 3 5 0 0)
Hop 1: [3484-3481] 3484 (6 3 7 0 0) -> 3485 (6 3 7 1 0)
Hop 2: [3484-3481] 3485 (6 3 7 1 0) -> 3481 (6 3 6 1 0)
Hop 1: [3496-3495] 3496 (6 3 10 0 0) -> 3499 (6 3 10 3 0)
Hop 2: [3496-3495] 3499 (6 3 10 3 0) -> 3495 (6 3 9 3 0)
Hop 1: [3493-3489] 3493 (6 3 9 1 0) -> 3489 (6 3 8 1 0)
Hop 1: [3490-3491] 3490 (6 3 8 2 0) -> 3491 (6 3 8 3 0)
Hop 1: [3488-3487] 3488 (6 3 8 0 0) -> 3491 (6 3 8 3 0)
Hop 2: [3488-3487] 3491 (6 3 8 3 0) -> 3487 (6 3 7 3 0)
Hop 1: [3486-3485] 3486 (6 3 7 2 0) -> 3485 (6 3 7 1 0)
Hop 1: [3485-3481] 3485 (6 3 7 1 0) -> 3481 (6 3 6 1 0)
Hop 1: [3482-3483] 3482 (6 3 6 2 0) -> 3483 (6 3 6 3 0)
Hop 1: [3476-3473] 3476 (6 3 5 0 0) -> 3477 (6 3 5 1 0)
Hop 2: [3476-3473] 3477 (6 3 5 1 0) -> 3473 (6 3 4 1 0)
Hop 1: [3472-3471] 3472 (6 3 4 0 0) -> 3475 (6 3 4 3 0)
Hop 2: [3472-3471] 3475 (6 3 4 3 0) -> 3471 (6 3 3 3 0)
Hop 1: [3466-3470] 3466 (6 3 2 2 0) -> 3470 (6 3 3 2 0)
Hop 1: [3460-3457] 3460 (6 3 1 0 0) -> 3461 (6 3 1 1 0)
Hop 2: [3460-3457] 3461 (6 3 1 1 0) -> 3457 (6 3 0 1 0)
Hop 1: [3454-3458] 3454 (5 5 15 2 0) -> 3394 (5 5 0 2 0)
Hop 2: [3454-3458] 3394 (5 5 0 2 0) -> 3266 (5 3 0 2 0)
Hop 1: [3452-3436] 3452 (5 5 15 0 0) -> 3436 (5 5 11 0 0)
Hop 1: [3438-3486] 3438 (5 5 11 2 0) -> 3422 (5 5 7 2 0)
Hop 2: [3438-3486] 3422 (5 5 7 2 0) -> 3294 (5 3 7 2 0)
Hop 3: [3437-3485] 3293 (5 3 7 1 0) -> 3485 (6 3 7 1 0)
Hop 1: [3435-3436] 3435 (5 5 10 3 0) -> 3432 (5 5 10 0 0)
Hop 2: [3435-3436] 3432 (5 5 10 0 0) -> 3436 (5 5 11 0 0)
Hop 1: [3433-3437] 3433 (5 5 10 1 0) -> 3437 (5 5 11 1 0)
Hop 3: [3438-3486] 3294 (5 3 7 2 0) -> 3486 (6 3 7 2 0)
Hop 1: [3444-3492] 3444 (5 5 13 0 0) -> 3428 (5 5 9 0 0)
Hop 2: [3444-3492] 3428 (5 5 9 0 0) -> 3300 (5 3 9 0 0)
Hop 3: [3454-3458] 3266 (5 3 0 2 0) -> 3458 (6 3 0 2 0)
Hop 1: [3458-3462] 3458 (6 3 0 2 0) -> 3462 (6 3 1 2 0)
Hop 1: [3463-3462] 3463 (6 3 1 3 0) -> 3462 (6 3 1 2 0)
Hop 1: [3465-3468] 3465 (6 3 2 1 0) -> 3464 (6 3 2 0 0)
Hop 1: [3469-3472] 3469 (6 3 3 1 0) -> 3468 (6 3 3 0 0)
Hop 2: [3469-3472] 3468 (6 3 3 0 0) -> 3472 (6 3 4 0 0)
Hop 1: [3473-3477] 3473 (6 3 4 1 0) -> 3477 (6 3 5 1 0)
Hop 1: [3478-3477] 3478 (6 3 5 2 0) -> 3477 (6 3 5 1 0)
Hop 1: [3481-3484] 3481 (6 3 6 1 0) -> 3480 (6 3 6 0 0)
Hop 2: [3481-3484] 3480 (6 3 6 0 0) -> 3484 (6 3 7 0 0)
Hop 1: [3495-3483] 3495 (6 3 9 3 0) -> 3483 (6 3 6 3 0)
Hop 1: [3491-3492] 3491 (6 3 8 3 0) -> 3488 (6 3 8 0 0)
Hop 2: [3491-3492] 3488 (6 3 8 0 0) -> 3492 (6 3 9 0 0)
Hop 1: [3489-3493] 3489 (6 3 8 1 0) -> 3493 (6 3 9 1 0)
Hop 1: [3487-3488] 3487 (6 3 7 3 0) -> 3484 (6 3 7 0 0)
Hop 2: [3487-3488] 3484 (6 3 7 0 0) -> 3488 (6 3 8 0 0)
Hop 1: [3483-3487] 3483 (6 3 6 3 0) -> 3487 (6 3 7 3 0)
Hop 1: [3477-3478] 3477 (6 3 5 1 0) -> 3478 (6 3 5 2 0)
Hop 1: [3474-3475] 3474 (6 3 4 2 0) -> 3475 (6 3 4 3 0)
Hop 1: [3470-3474] 3470 (6 3 3 2 0) -> 3474 (6 3 4 2 0)
Hop 1: [3468-3472] 3468 (6 3 3 0 0) -> 3472 (6 3 4 0 0)
Hop 1: [3467-3471] 3467 (6 3 2 3 0) -> 3471 (6 3 3 3 0)
Hop 2: [3465-3468] 3464 (6 3 2 0 0) -> 3468 (6 3 3 0 0)
Hop 1: [3462-3461] 3462 (6 3 1 2 0) -> 3461 (6 3 1 1 0)
Hop 1: [3461-3462] 3461 (6 3 1 1 0) -> 3462 (6 3 1 2 0)
Hop 1: [3453-3457] 3453 (5 5 15 1 0) -> 3393 (5 5 0 1 0)
Hop 2: [3453-3457] 3393 (5 5 0 1 0) -> 3265 (5 3 0 1 0)
Hop 1: [3446-3445] 3446 (5 5 13 2 0) -> 3445 (5 5 13 1 0)
Hop 3: [3444-3492] 3300 (5 3 9 0 0) -> 3492 (6 3 9 0 0)
Hop 1: [3443-3491] 3443 (5 5 12 3 0) -> 3427 (5 5 8 3 0)
Hop 2: [3443-3491] 3427 (5 5 8 3 0) -> 3299 (5 3 8 3 0)
Hop 1: [3440-3437] 3440 (5 5 12 0 0) -> 3441 (5 5 12 1 0)
Hop 2: [3440-3437] 3441 (5 5 12 1 0) -> 3437 (5 5 11 1 0)
Hop 1: [3436-3435] 3436 (5 5 11 0 0) -> 3439 (5 5 11 3 0)
Hop 2: [3436-3435] 3439 (5 5 11 3 0) -> 3435 (5 5 10 3 0)
Hop 3: [3443-3491] 3299 (5 3 8 3 0) -> 3491 (6 3 8 3 0)
Hop 1: [3447-3448] 3447 (5 5 13 3 0) -> 3444 (5 5 13 0 0)
Hop 2: [3447-3448] 3444 (5 5 13 0 0) -> 3448 (5 5 14 0 0)
Hop 1: [3449-3450] 3449 (5 5 14 1 0) -> 3450 (5 5 14 2 0)
Hop 1: [3451-3463] 3451 (5 5 14 3 0) -> 3399 (5 5 1 3 0)
Hop 2: [3451-3463] 3399 (5 5 1 3 0) -> 3271 (5 3 1 3 0)
Hop 3: [3453-3457] 3265 (5 3 0 1 0) -> 3457 (6 3 0 1 0)
Hop 1: [3455-3459] 3455 (5 5 15 3 0) -> 3395 (5 5 0 3 0)
Hop 2: [3455-3459] 3395 (5 5 0 3 0) -> 3267 (5 3 0 3 0)
Hop 1: [3457-3461] 3457 (6 3 0 1 0) -> 3461 (6 3 1 1 0)
Hop 1: [3459-3460] 3459 (6 3 0 3 0) -> 3456 (6 3 0 0 0)
Hop 2: [3459-3460] 3456 (6 3 0 0 0) -> 3460 (6 3 1 0 0)
Hop 1: [3464-3460] 3464 (6 3 2 0 0) -> 3460 (6 3 1 0 0)
Hop 1: [3479-3480] 3479 (6 3 5 3 0) -> 3476 (6 3 5 0 0)
Hop 2: [3479-3480] 3476 (6 3 5 0 0) -> 3480 (6 3 6 0 0)
Hop 1: [3480-3477] 3480 (6 3 6 0 0) -> 3481 (6 3 6 1 0)
Hop 2: [3480-3477] 3481 (6 3 6 1 0) -> 3477 (6 3 5 1 0)
Hop 1: [3484-3483] 3484 (6 3 7 0 0) -> 3487 (6 3 7 3 0)
Hop 2: [3484-3483] 3487 (6 3 7 3 0) -> 3483 (6 3 6 3 0)
Hop 1: [3492-3489] 3492 (6 3 9 0 0) -> 3493 (6 3 9 1 0)
Hop 2: [3492-3489] 3493 (6 3 9 1 0) -> 3489 (6 3 8 1 0)
Hop 1: [3494-3490] 3494 (6 3 9 2 0) -> 3490 (6 3 8 2 0)
Hop 1: [3485-3486] 3485 (6 3 7 1 0) -> 3486 (6 3 7 2 0)
Hop 1: [3476-3475] 3476 (6 3 5 0 0) -> 3479 (6 3 5 3 0)
Hop 2: [3476-3475] 3479 (6 3 5 3 0) -> 3475 (6 3 4 3 0)
Hop 1: [3475-3479] 3475 (6 3 4 3 0) -> 3479 (6 3 5 3 0)
Hop 1: [3471-3475] 3471 (6 3 3 3 0) -> 3475 (6 3 4 3 0)
Hop 1: [3460-3459] 3460 (6 3 1 0 0) -> 3463 (6 3 1 3 0)
Hop 2: [3460-3459] 3463 (6 3 1 3 0) -> 3459 (6 3 0 3 0)
Hop 1: [3456-3460] 3456 (6 3 0 0 0) -> 3460 (6 3 1 0 0)
Hop 3: [3455-3459] 3267 (5 3 0 3 0) -> 3459 (6 3 0 3 0)
Hop 3: [3451-3463] 3271 (5 3 1 3 0) -> 3463 (6 3 1 3 0)
Hop 1: [3448-3445] 3448 (5 5 14 0 0) -> 3449 (5 5 14 1 0)
Hop 1: [3442-3458] 3442 (5 5 12 2 0) -> 3394 (5 5 0 2 0)
Hop 2: [3442-3458] 3394 (5 5 0 2 0) -> 3266 (5 3 0 2 0)
Hop 1: [3439-3487] 3439 (5 5 11 3 0) -> 3423 (5 5 7 3 0)
Hop 2: [3439-3487] 3423 (5 5 7 3 0) -> 3295 (5 3 7 3 0)
Hop 1: [3433-3481] 3433 (5 5 10 1 0) -> 3417 (5 5 6 1 0)
Hop 2: [3433-3481] 3417 (5 5 6 1 0) -> 3289 (5 3 6 1 0)
Hop 3: [3433-3481] 3289 (5 3 6 1 0) -> 3481 (6 3 6 1 0)
Hop 1: [3435-3483] 3435 (5 5 10 3 0) -> 3419 (5 5 6 3 0)
Hop 2: [3435-3483] 3419 (5 5 6 3 0) -> 3291 (5 3 6 3 0)
Hop 1: [3437-3440] 3437 (5 5 11 1 0) -> 3436 (5 5 11 0 0)
Hop 2: [3437-3440] 3436 (5 5 11 0 0) -> 3440 (5 5 12 0 0)
Hop 3: [3439-3487] 3295 (5 3 7 3 0) -> 3487 (6 3 7 3 0)
Hop 1: [3441-3489] 3441 (5 5 12 1 0) -> 3425 (5 5 8 1 0)
Hop 2: [3441-3489] 3425 (5 5 8 1 0) -> 3297 (5 3 8 1 0)
Hop 3: [3442-3458] 3266 (5 3 0 2 0) -> 3458 (6 3 0 2 0)
Hop 1: [3445-3461] 3445 (5 5 13 1 0) -> 3397 (5 5 1 1 0)
Hop 2: [3445-3461] 3397 (5 5 1 1 0) -> 3269 (5 3 1 1 0)
Hop 2: [3448-3445] 3449 (5 5 14 1 0) -> 3445 (5 5 13 1 0)
Hop 1: [3450-3462] 3450 (5 5 14 2 0) -> 3398 (5 5 1 2 0)
Hop 2: [3450-3462] 3398 (5 5 1 2 0) -> 3270 (5 3 1 2 0)
Hop 3: [3450-3462] 3270 (5 3 1 2 0) -> 3462 (6 3 1 2 0)
Hop 1: [3466-3478] 3466 (6 3 2 2 0) -> 3478 (6 3 5 2 0)
Hop 1: [3473-3489] 3473 (6 3 4 1 0) -> 3489 (6 3 8 1 0)
Hop 1: [3481-3485] 3481 (6 3 6 1 0) -> 3485 (6 3 7 1 0)
Hop 1: [3482-3486] 3482 (6 3 6 2 0) -> 3486 (6 3 7 2 0)
Hop 1: [3486-3487] 3486 (6 3 7 2 0) -> 3487 (6 3 7 3 0)
Hop 1: [3488-3492] 3488 (6 3 8 0 0) -> 3492 (6 3 9 0 0)
Hop 1: [3490-3494] 3490 (6 3 8 2 0) -> 3494 (6 3 9 2 0)
Hop 1: [3495-3491] 3495 (6 3 9 3 0) -> 3491 (6 3 8 3 0)
Hop 1: [3493-3494] 3493 (6 3 9 1 0) -> 3494 (6 3 9 2 0)
Hop 1: [3487-3491] 3487 (6 3 7 3 0) -> 3491 (6 3 8 3 0)
Hop 1: [3478-3479] 3478 (6 3 5 2 0) -> 3479 (6 3 5 3 0)
Hop 1: [3477-3480] 3477 (6 3 5 1 0) -> 3476 (6 3 5 0 0)
Hop 2: [3477-3480] 3476 (6 3 5 0 0) -> 3480 (6 3 6 0 0)
Hop 1: [3474-3478] 3474 (6 3 4 2 0) -> 3478 (6 3 5 2 0)
Hop 1: [3472-3476] 3472 (6 3 4 0 0) -> 3476 (6 3 5 0 0)
Hop 1: [3469-3473] 3469 (6 3 3 1 0) -> 3473 (6 3 4 1 0)
Hop 1: [3464-3461] 3464 (6 3 2 0 0) -> 3465 (6 3 2 1 0)
Hop 2: [3464-3461] 3465 (6 3 2 1 0) -> 3461 (6 3 1 1 0)
Hop 1: [3463-3464] 3463 (6 3 1 3 0) -> 3460 (6 3 1 0 0)
Hop 2: [3463-3464] 3460 (6 3 1 0 0) -> 3464 (6 3 2 0 0)
Hop 1: [3461-3464] 3461 (6 3 1 1 0) -> 3460 (6 3 1 0 0)
Hop 2: [3461-3464] 3460 (6 3 1 0 0) -> 3464 (6 3 2 0 0)
Hop 1: [3458-3474] 3458 (6 3 0 2 0) -> 3474 (6 3 4 2 0)
Hop 1: [3452-3464] 3452 (5 5 15 0 0) -> 3400 (5 5 2 0 0)
Hop 2: [3452-3464] 3400 (5 5 2 0 0) -> 3272 (5 3 2 0 0)
Hop 3: [3445-3461] 3269 (5 3 1 1 0) -> 3461 (6 3 1 1 0)
Hop 3: [3441-3489] 3297 (5 3 8 1 0) -> 3489 (6 3 8 1 0)
Hop 3: [3435-3483] 3291 (5 3 6 3 0) -> 3483 (6 3 6 3 0)
Hop 1: [3434-3482] 3434 (5 5 10 2 0) -> 3418 (5 5 6 2 0)
Hop 1: [3438-3439] 3438 (5 5 11 2 0) -> 3439 (5 5 11 3 0)
Hop 1: [3447-3435] 3447 (5 5 13 3 0) -> 3435 (5 5 10 3 0)
Hop 3: [3452-3464] 3272 (5 3 2 0 0) -> 3464 (6 3 2 0 0)
Hop 1: [3454-3470] 3454 (5 5 15 2 0) -> 3406 (5 5 3 2 0)
Hop 2: [3454-3470] 3406 (5 5 3 2 0) -> 3278 (5 3 3 2 0)
Hop 1: [3462-3463] 3462 (6 3 1 2 0) -> 3463 (6 3 1 3 0)
Hop 1: [3465-3469] 3465 (6 3 2 1 0) -> 3469 (6 3 3 1 0)
Hop 1: [3468-3480] 3468 (6 3 3 0 0) -> 3480 (6 3 6 0 0)
Hop 1: [3470-3486] 3470 (6 3 3 2 0) -> 3486 (6 3 7 2 0)
Hop 1: [3480-3479] 3480 (6 3 6 0 0) -> 3483 (6 3 6 3 0)
Hop 2: [3480-3479] 3483 (6 3 6 3 0) -> 3479 (6 3 5 3 0)
Hop 1: [3484-3488] 3484 (6 3 7 0 0) -> 3488 (6 3 8 0 0)
Hop 1: [3491-3495] 3491 (6 3 8 3 0) -> 3495 (6 3 9 3 0)
Hop 1: [3494-3493] 3494 (6 3 9 2 0) -> 3493 (6 3 9 1 0)
Hop 1: [3492-3491] 3492 (6 3 9 0 0) -> 3495 (6 3 9 3 0)
Hop 2: [3492-3491] 3495 (6 3 9 3 0) -> 3491 (6 3 8 3 0)
Hop 1: [3489-3441] 3489 (6 3 8 1 0) -> 3505 (6 3 12 1 0)
Hop 2: [3489-3441] 3505 (6 3 12 1 0) -> 3633 (6 5 12 1 0)
Hop 1: [3485-3488] 3485 (6 3 7 1 0) -> 3484 (6 3 7 0 0)
Hop 2: [3485-3488] 3484 (6 3 7 0 0) -> 3488 (6 3 8 0 0)
Hop 1: [3483-3495] 3483 (6 3 6 3 0) -> 3495 (6 3 9 3 0)
Hop 1: [3467-3479] 3467 (6 3 2 3 0) -> 3479 (6 3 5 3 0)
Hop 1: [3459-3463] 3459 (6 3 0 3 0) -> 3463 (6 3 1 3 0)
Hop 3: [3454-3470] 3278 (5 3 3 2 0) -> 3470 (6 3 3 2 0)
Hop 1: [3446-3447] 3446 (5 5 13 2 0) -> 3447 (5 5 13 3 0)
Hop 1: [3443-3439] 3443 (5 5 12 3 0) -> 3439 (5 5 11 3 0)
Hop 1: [3436-3484] 3436 (5 5 11 0 0) -> 3420 (5 5 7 0 0)
Hop 2: [3436-3484] 3420 (5 5 7 0 0) -> 3292 (5 3 7 0 0)
Hop 2: [3434-3482] 3418 (5 5 6 2 0) -> 3290 (5 3 6 2 0)
Hop 3: [3434-3482] 3290 (5 3 6 2 0) -> 3482 (6 3 6 2 0)
Hop 3: [3436-3484] 3292 (5 3 7 0 0) -> 3484 (6 3 7 0 0)
Hop 1: [3439-3440] 3439 (5 5 11 3 0) -> 3436 (5 5 11 0 0)
Hop 2: [3439-3440] 3436 (5 5 11 0 0) -> 3440 (5 5 12 0 0)
Hop 1: [3440-3488] 3440 (5 5 12 0 0) -> 3424 (5 5 8 0 0)
Hop 2: [3440-3488] 3424 (5 5 8 0 0) -> 3296 (5 3 8 0 0)
Hop 1: [3444-3440] 3444 (5 5 13 0 0) -> 3440 (5 5 12 0 0)
Hop 1: [3449-3452] 3449 (5 5 14 1 0) -> 3448 (5 5 14 0 0)
Hop 2: [3449-3452] 3448 (5 5 14 0 0) -> 3452 (5 5 15 0 0)
Hop 1: [3451-3467] 3451 (5 5 14 3 0) -> 3403 (5 5 2 3 0)
Hop 2: [3451-3467] 3403 (5 5 2 3 0) -> 3275 (5 3 2 3 0)
Hop 1: [3457-3473] 3457 (6 3 0 1 0) -> 3473 (6 3 4 1 0)
Hop 1: [3460-3464] 3460 (6 3 1 0 0) -> 3464 (6 3 2 0 0)
Hop 1: [3472-3488] 3472 (6 3 4 0 0) -> 3488 (6 3 8 0 0)
Hop 1: [3475-3491] 3475 (6 3 4 3 0) -> 3491 (6 3 8 3 0)
Hop 1: [3476-3480] 3476 (6 3 5 0 0) -> 3480 (6 3 6 0 0)
Hop 1: [3479-3495] 3479 (6 3 5 3 0) -> 3495 (6 3 9 3 0)
Hop 3: [3489-3441] 3633 (6 5 12 1 0) -> 3441 (5 5 12 1 0)
Hop 1: [3495-3494] 3495 (6 3 9 3 0) -> 3494 (6 3 9 2 0)
Hop 1: [3493-3496] 3493 (6 3 9 1 0) -> 3492 (6 3 9 0 0)
Hop 2: [3493-3496] 3492 (6 3 9 0 0) -> 3496 (6 3 10 0 0)
Hop 1: [3490-3442] 3490 (6 3 8 2 0) -> 3506 (6 3 12 2 0)
Hop 2: [3490-3442] 3506 (6 3 12 2 0) -> 3634 (6 5 12 2 0)
Hop 3: [3490-3442] 3634 (6 5 12 2 0) -> 3442 (5 5 12 2 0)
Hop 1: [3481-3493] 3481 (6 3 6 1 0) -> 3493 (6 3 9 1 0)
Hop 1: [3471-3487] 3471 (6 3 3 3 0) -> 3487 (6 3 7 3 0)
Hop 1: [3456-3472] 3456 (6 3 0 0 0) -> 3472 (6 3 4 0 0)
Hop 1: [3453-3469] 3453 (5 5 15 1 0) -> 3405 (5 5 3 1 0)
Hop 2: [3453-3469] 3405 (5 5 3 1 0) -> 3277 (5 3 3 1 0)
Hop 3: [3451-3467] 3275 (5 3 2 3 0) -> 3467 (6 3 2 3 0)
Hop 1: [3448-3447] 3448 (5 5 14 0 0) -> 3451 (5 5 14 3 0)
Hop 2: [3448-3447] 3451 (5 5 14 3 0) -> 3447 (5 5 13 3 0)
Hop 1: [3442-3438] 3442 (5 5 12 2 0) -> 3438 (5 5 11 2 0)
Hop 3: [3440-3488] 3296 (5 3 8 0 0) -> 3488 (6 3 8 0 0)
Hop 1: [3437-3441] 3437 (5 5 11 1 0) -> 3441 (5 5 12 1 0)
Hop 1: [3450-3466] 3450 (5 5 14 2 0) -> 3402 (5 5 2 2 0)
Hop 3: [3453-3469] 3277 (5 3 3 1 0) -> 3469 (6 3 3 1 0)
Hop 1: [3455-3471] 3455 (5 5 15 3 0) -> 3407 (5 5 3 3 0)
Hop 2: [3455-3471] 3407 (5 5 3 3 0) -> 3279 (5 3 3 3 0)
Hop 1: [3458-3442] 3458 (6 3 0 2 0) -> 3506 (6 3 12 2 0)
Hop 2: [3458-3442] 3506 (6 3 12 2 0) -> 3634 (6 5 12 2 0)
Hop 1: [3464-3463] 3464 (6 3 2 0 0) -> 3467 (6 3 2 3 0)
Hop 2: [3464-3463] 3467 (6 3 2 3 0) -> 3463 (6 3 1 3 0)
Hop 1: [3482-3494] 3482 (6 3 6 2 0) -> 3494 (6 3 9 2 0)
Hop 1: [3486-3490] 3486 (6 3 7 2 0) -> 3490 (6 3 8 2 0)
Hop 1: [3494-3495] 3494 (6 3 9 2 0) -> 3495 (6 3 9 3 0)
Hop 1: [3492-3496] 3492 (6 3 9 0 0) -> 3496 (6 3 10 0 0)
Hop 1: [3488-3440] 3488 (6 3 8 0 0) -> 3504 (6 3 12 0 0)
Hop 2: [3488-3440] 3504 (6 3 12 0 0) -> 3632 (6 5 12 0 0)
Hop 1: [3487-3439] 3487 (6 3 7 3 0) -> 3503 (6 3 11 3 0)
Hop 2: [3487-3439] 3503 (6 3 11 3 0) -> 3631 (6 5 11 3 0)
Hop 1: [3484-3496] 3484 (6 3 7 0 0) -> 3496 (6 3 10 0 0)
Hop 1: [3478-3494] 3478 (6 3 5 2 0) -> 3494 (6 3 9 2 0)
Hop 1: [3477-3493] 3477 (6 3 5 1 0) -> 3493 (6 3 9 1 0)
Hop 1: [3474-3490] 3474 (6 3 4 2 0) -> 3490 (6 3 8 2 0)
Hop 1: [3469-3485] 3469 (6 3 3 1 0) -> 3485 (6 3 7 1 0)
Hop 1: [3465-3477] 3465 (6 3 2 1 0) -> 3477 (6 3 5 1 0)
Hop 1: [3463-3479] 3463 (6 3 1 3 0) -> 3479 (6 3 5 3 0)
Hop 1: [3461-3477] 3461 (6 3 1 1 0) -> 3477 (6 3 5 1 0)
Hop 3: [3458-3442] 3634 (6 5 12 2 0) -> 3442 (5 5 12 2 0)
Hop 3: [3455-3471] 3279 (5 3 3 3 0) -> 3471 (6 3 3 3 0)
Hop 2: [3450-3466] 3402 (5 5 2 2 0) -> 3274 (5 3 2 2 0)
Hop 3: [3450-3466] 3274 (5 3 2 2 0) -> 3466 (6 3 2 2 0)
Hop 1: [3445-3493] 3445 (5 5 13 1 0) -> 3429 (5 5 9 1 0)
Hop 2: [3445-3493] 3429 (5 5 9 1 0) -> 3301 (5 3 9 1 0)
Hop 1: [3443-3442] 3443 (5 5 12 3 0) -> 3442 (5 5 12 2 0)
Hop 1: [3441-3442] 3441 (5 5 12 1 0) -> 3442 (5 5 12 2 0)
Hop 1: [3438-3442] 3438 (5 5 11 2 0) -> 3442 (5 5 12 2 0)
Hop 1: [3435-3439] 3435 (5 5 10 3 0) -> 3439 (5 5 11 3 0)
Hop 1: [3434-3438] 3434 (5 5 10 2 0) -> 3438 (5 5 11 2 0)
Hop 3: [3445-3493] 3301 (5 3 9 1 0) -> 3493 (6 3 9 1 0)
Hop 1: [3447-3463] 3447 (5 5 13 3 0) -> 3399 (5 5 1 3 0)
Hop 2: [3447-3463] 3399 (5 5 1 3 0) -> 3271 (5 3 1 3 0)
Hop 1: [3462-3478] 3462 (6 3 1 2 0) -> 3478 (6 3 5 2 0)
Hop 1: [3466-3482] 3466 (6 3 2 2 0) -> 3482 (6 3 6 2 0)
Hop 1: [3468-3484] 3468 (6 3 3 0 0) -> 3484 (6 3 7 0 0)
Hop 1: [3480-3496] 3480 (6 3 6 0 0) -> 3496 (6 3 10 0 0)
Hop 1: [3485-3489] 3485 (6 3 7 1 0) -> 3489 (6 3 8 1 0)
Hop 3: [3487-3439] 3631 (6 5 11 3 0) -> 3439 (5 5 11 3 0)
Hop 3: [3488-3440] 3632 (6 5 12 0 0) -> 3440 (5 5 12 0 0)
Hop 1: [3495-3496] 3495 (6 3 9 3 0) -> 3492 (6 3 9 0 0)
Hop 2: [3495-3496] 3492 (6 3 9 0 0) -> 3496 (6 3 10 0 0)
Hop 1: [3467-3483] 3467 (6 3 2 3 0) -> 3483 (6 3 6 3 0)
Hop 1: [3452-3468] 3452 (5 5 15 0 0) -> 3404 (5 5 3 0 0)
Hop 2: [3452-3468] 3404 (5 5 3 0 0) -> 3276 (5 3 3 0 0)
Hop 1: [3449-3453] 3449 (5 5 14 1 0) -> 3453 (5 5 15 1 0)
Hop 3: [3447-3463] 3271 (5 3 1 3 0) -> 3463 (6 3 1 3 0)
Hop 1: [3440-3439] 3440 (5 5 12 0 0) -> 3443 (5 5 12 3 0)
Hop 2: [3440-3439] 3443 (5 5 12 3 0) -> 3439 (5 5 11 3 0)
Hop 1: [3436-3440] 3436 (5 5 11 0 0) -> 3440 (5 5 12 0 0)
Hop 1: [3442-3490] 3442 (5 5 12 2 0) -> 3426 (5 5 8 2 0)
Hop 2: [3442-3490] 3426 (5 5 8 2 0) -> 3298 (5 3 8 2 0)
Hop 1: [3446-3462] 3446 (5 5 13 2 0) -> 3398 (5 5 1 2 0)
Hop 2: [3446-3462] 3398 (5 5 1 2 0) -> 3270 (5 3 1 2 0)
Hop 1: [3448-3436] 3448 (5 5 14 0 0) -> 3436 (5 5 11 0 0)
Hop 3: [3452-3468] 3276 (5 3 3 0 0) -> 3468 (6 3 3 0 0)
Hop 1: [3454-3438] 3454 (5 5 15 2 0) -> 3438 (5 5 11 2 0)
Hop 1: [3457-3441] 3457 (6 3 0 1 0) -> 3505 (6 3 12 1 0)
Hop 2: [3457-3441] 3505 (6 3 12 1 0) -> 3633 (6 5 12 1 0)
Hop 1: [3459-3475] 3459 (6 3 0 3 0) -> 3475 (6 3 4 3 0)
Hop 1: [3460-3476] 3460 (6 3 1 0 0) -> 3476 (6 3 5 0 0)
Hop 1: [3476-3492] 3476 (6 3 5 0 0) -> 3492 (6 3 9 0 0)
Hop 1: [3465-3481] 3465 (6 3 2 1 0) -> 3481 (6 3 6 1 0)
Hop 3: [3457-3441] 3633 (6 5 12 1 0) -> 3441 (5 5 12 1 0)
Hop 3: [3446-3462] 3270 (5 3 1 2 0) -> 3462 (6 3 1 2 0)
Hop 1: [3444-3441] 3444 (5 5 13 0 0) -> 3445 (5 5 13 1 0)
Hop 2: [3444-3441] 3445 (5 5 13 1 0) -> 3441 (5 5 12 1 0)
Hop 3: [3442-3490] 3298 (5 3 8 2 0) -> 3490 (6 3 8 2 0)
Hop 1: [3456-3440] 3456 (6 3 0 0 0) -> 3504 (6 3 12 0 0)
Hop 2: [3456-3440] 3504 (6 3 12 0 0) -> 3632 (6 5 12 0 0)
Hop 1: [3464-3480] 3464 (6 3 2 0 0) -> 3480 (6 3 6 0 0)
Hop 3: [3456-3440] 3632 (6 5 12 0 0) -> 3440 (5 5 12 0 0)
Hop 1: [3455-3439] 3455 (5 5 15 3 0) -> 3439 (5 5 11 3 0)
Hop 1: [3453-3437] 3453 (5 5 15 1 0) -> 3437 (5 5 11 1 0)
Hop 1: [3442-3441] 3442 (5 5 12 2 0) -> 3441 (5 5 12 1 0)
Hop 1: [3445-3441] 3445 (5 5 13 1 0) -> 3441 (5 5 12 1 0)
Hop 1: [3449-3461] 3449 (5 5 14 1 0) -> 3397 (5 5 1 1 0)
Hop 2: [3449-3461] 3397 (5 5 1 1 0) -> 3269 (5 3 1 1 0)
Hop 1: [3447-3495] 3447 (5 5 13 3 0) -> 3431 (5 5 9 3 0)
Hop 2: [3447-3495] 3431 (5 5 9 3 0) -> 3303 (5 3 9 3 0)
Hop 3: [3449-3461] 3269 (5 3 1 1 0) -> 3461 (6 3 1 1 0)
Hop 1: [3448-3464] 3448 (5 5 14 0 0) -> 3400 (5 5 2 0 0)
Hop 3: [3447-3495] 3303 (5 3 9 3 0) -> 3495 (6 3 9 3 0)
Hop 1: [3446-3494] 3446 (5 5 13 2 0) -> 3430 (5 5 9 2 0)
Hop 2: [3446-3494] 3430 (5 5 9 2 0) -> 3302 (5 3 9 2 0)
Hop 2: [3448-3464] 3400 (5 5 2 0 0) -> 3272 (5 3 2 0 0)
Hop 3: [3448-3464] 3272 (5 3 2 0 0) -> 3464 (6 3 2 0 0)
Hop 3: [3446-3494] 3302 (5 3 9 2 0) -> 3494 (6 3 9 2 0)
Hop 1: [3446-3442] 3446 (5 5 13 2 0) -> 3442 (5 5 12 2 0)
Hop 1: [3449-3465] 3449 (5 5 14 1 0) -> 3401 (5 5 2 1 0)
Hop 2: [3449-3465] 3401 (5 5 2 1 0) -> 3273 (5 3 2 1 0)
Hop 3: [3449-3465] 3273 (5 3 2 1 0) -> 3465 (6 3 2 1 0)
Hop 1: [3448-3496] 3448 (5 5 14 0 0) -> 3432 (5 5 10 0 0)
Hop 2: [3448-3496] 3432 (5 5 10 0 0) -> 3304 (5 3 10 0 0)
Hop 3: [3448-3496] 3304 (5 3 10 0 0) -> 3496 (6 3 10 0 0)
