Hop 1: [1286-1281] 1286 (6 2 1 2 0) -> 1285 (6 2 1 1 0)
Hop 2: [1286-1281] 1285 (6 2 1 1 0) -> 1281 (6 2 0 1 0)
Hop 1: [1311-1305] 1311 (6 2 7 3 0) -> 1309 (6 2 7 1 0)
Hop 2: [1311-1305] 1309 (6 2 7 1 0) -> 1305 (6 2 6 1 0)
Hop 1: [1320-1304] 1320 (6 2 10 0 0) -> 1304 (6 2 6 0 0)
Hop 1: [1344-1312] 1344 (7 0 0 0 0) -> 1376 (7 0 8 0 0)
Hop 2: [1344-1312] 1376 (7 0 8 0 0) -> 1504 (7 2 8 0 0)
Hop 3: [1344-1312] 1504 (7 2 8 0 0) -> 1312 (6 2 8 0 0)
Hop 1: [1283-1281] 1283 (6 2 0 3 0) -> 1281 (6 2 0 1 0)
Hop 1: [1326-1321] 1326 (6 2 11 2 0) -> 1325 (6 2 11 1 0)
Hop 2: [1326-1321] 1325 (6 2 11 1 0) -> 1321 (6 2 10 1 0)
Hop 1: [1327-1323] 1327 (6 2 11 3 0) -> 1323 (6 2 10 3 0)
Hop 1: [1324-1301] 1324 (6 2 11 0 0) -> 1325 (6 2 11 1 0)
Hop 2: [1324-1301] 1325 (6 2 11 1 0) -> 1301 (6 2 5 1 0)
Hop 1: [1323-1303] 1323 (6 2 10 3 0) -> 1303 (6 2 5 3 0)
Hop 1: [1318-1302] 1318 (6 2 9 2 0) -> 1302 (6 2 5 2 0)
Hop 1: [1315-1291] 1315 (6 2 8 3 0) -> 1291 (6 2 2 3 0)
Hop 1: [1310-1303] 1310 (6 2 7 2 0) -> 1311 (6 2 7 3 0)
Hop 2: [1310-1303] 1311 (6 2 7 3 0) -> 1303 (6 2 5 3 0)
Hop 1: [1305-1281] 1305 (6 2 6 1 0) -> 1281 (6 2 0 1 0)
Hop 1: [1301-1282] 1301 (6 2 5 1 0) -> 1302 (6 2 5 2 0)
Hop 2: [1301-1282] 1302 (6 2 5 2 0) -> 1282 (6 2 0 2 0)
Hop 1: [1290-1282] 1290 (6 2 2 2 0) -> 1282 (6 2 0 2 0)
Hop 1: [1289-1281] 1289 (6 2 2 1 0) -> 1281 (6 2 0 1 0)
Hop 1: [1285-1281] 1285 (6 2 1 1 0) -> 1281 (6 2 0 1 0)
Hop 1: [1282-1281] 1282 (6 2 0 2 0) -> 1281 (6 2 0 1 0)
Hop 1: [1291-1282] 1291 (6 2 2 3 0) -> 1290 (6 2 2 2 0)
Hop 2: [1291-1282] 1290 (6 2 2 2 0) -> 1282 (6 2 0 2 0)
Hop 1: [1302-1291] 1302 (6 2 5 2 0) -> 1303 (6 2 5 3 0)
Hop 2: [1302-1291] 1303 (6 2 5 3 0) -> 1291 (6 2 2 3 0)
Hop 1: [1306-1282] 1306 (6 2 6 2 0) -> 1282 (6 2 0 2 0)
Hop 1: [1309-1305] 1309 (6 2 7 1 0) -> 1305 (6 2 6 1 0)
Hop 1: [1314-1291] 1314 (6 2 8 2 0) -> 1315 (6 2 8 3 0)
Hop 2: [1314-1291] 1315 (6 2 8 3 0) -> 1291 (6 2 2 3 0)
Hop 1: [1319-1303] 1319 (6 2 9 3 0) -> 1303 (6 2 5 3 0)
Hop 1: [1322-1282] 1322 (6 2 10 2 0) -> 1282 (6 2 0 2 0)
Hop 1: [1333-1301] 1333 (6 2 13 1 0) -> 1301 (6 2 5 1 0)
Hop 1: [1335-1303] 1335 (6 2 13 3 0) -> 1303 (6 2 5 3 0)
Hop 1: [1341-1309] 1341 (6 2 15 1 0) -> 1309 (6 2 7 1 0)
Hop 1: [1347-1315] 1347 (7 0 0 3 0) -> 1379 (7 0 8 3 0)
Hop 2: [1347-1315] 1379 (7 0 8 3 0) -> 1507 (7 2 8 3 0)
Hop 1: [1352-1320] 1352 (7 0 2 0 0) -> 1384 (7 0 10 0 0)
Hop 2: [1352-1320] 1384 (7 0 10 0 0) -> 1512 (7 2 10 0 0)
Hop 1: [1351-1319] 1351 (7 0 1 3 0) -> 1383 (7 0 9 3 0)
Hop 2: [1351-1319] 1383 (7 0 9 3 0) -> 1511 (7 2 9 3 0)
Hop 3: [1351-1319] 1511 (7 2 9 3 0) -> 1319 (6 2 9 3 0)
Hop 3: [1347-1315] 1507 (7 2 8 3 0) -> 1315 (6 2 8 3 0)
Hop 1: [1330-1301] 1330 (6 2 12 2 0) -> 1329 (6 2 12 1 0)
Hop 2: [1330-1301] 1329 (6 2 12 1 0) -> 1301 (6 2 5 1 0)
Hop 1: [1328-1322] 1328 (6 2 12 0 0) -> 1330 (6 2 12 2 0)
Hop 2: [1328-1322] 1330 (6 2 12 2 0) -> 1322 (6 2 10 2 0)
Hop 1: [1321-1281] 1321 (6 2 10 1 0) -> 1281 (6 2 0 1 0)
Hop 1: [1317-1301] 1317 (6 2 9 1 0) -> 1301 (6 2 5 1 0)
Hop 1: [1311-1307] 1311 (6 2 7 3 0) -> 1307 (6 2 6 3 0)
Hop 1: [1308-1305] 1308 (6 2 7 0 0) -> 1309 (6 2 7 1 0)
Hop 1: [1307-1305] 1307 (6 2 6 3 0) -> 1305 (6 2 6 1 0)
Hop 1: [1304-1291] 1304 (6 2 6 0 0) -> 1307 (6 2 6 3 0)
Hop 2: [1304-1291] 1307 (6 2 6 3 0) -> 1291 (6 2 2 3 0)
Hop 1: [1303-1291] 1303 (6 2 5 3 0) -> 1291 (6 2 2 3 0)
Hop 1: [1300-1291] 1300 (6 2 5 0 0) -> 1303 (6 2 5 3 0)
Hop 2: [1300-1291] 1303 (6 2 5 3 0) -> 1291 (6 2 2 3 0)
Hop 1: [1286-1282] 1286 (6 2 1 2 0) -> 1282 (6 2 0 2 0)
Hop 1: [1284-1281] 1284 (6 2 1 0 0) -> 1285 (6 2 1 1 0)
Hop 2: [1284-1281] 1285 (6 2 1 1 0) -> 1281 (6 2 0 1 0)
Hop 1: [1287-1281] 1287 (6 2 1 3 0) -> 1285 (6 2 1 1 0)
Hop 2: [1287-1281] 1285 (6 2 1 1 0) -> 1281 (6 2 0 1 0)
Hop 1: [1288-1281] 1288 (6 2 2 0 0) -> 1289 (6 2 2 1 0)
Hop 2: [1288-1281] 1289 (6 2 2 1 0) -> 1281 (6 2 0 1 0)
Hop 2: [1308-1305] 1309 (6 2 7 1 0) -> 1305 (6 2 6 1 0)
Hop 1: [1313-1291] 1313 (6 2 8 1 0) -> 1315 (6 2 8 3 0)
Hop 2: [1313-1291] 1315 (6 2 8 3 0) -> 1291 (6 2 2 3 0)
Hop 1: [1316-1300] 1316 (6 2 9 0 0) -> 1300 (6 2 5 0 0)
Hop 1: [1320-1312] 1320 (6 2 10 0 0) -> 1312 (6 2 8 0 0)
Hop 1: [1329-1301] 1329 (6 2 12 1 0) -> 1301 (6 2 5 1 0)
Hop 1: [1331-1291] 1331 (6 2 12 3 0) -> 1291 (6 2 2 3 0)
Hop 1: [1336-1304] 1336 (6 2 14 0 0) -> 1304 (6 2 6 0 0)
Hop 1: [1339-1307] 1339 (6 2 14 3 0) -> 1307 (6 2 6 3 0)
Hop 1: [1344-1328] 1344 (7 0 0 0 0) -> 1392 (7 0 12 0 0)
Hop 2: [1344-1328] 1392 (7 0 12 0 0) -> 1520 (7 2 12 0 0)
Hop 1: [1346-1314] 1346 (7 0 0 2 0) -> 1378 (7 0 8 2 0)
Hop 2: [1346-1314] 1378 (7 0 8 2 0) -> 1506 (7 2 8 2 0)
Hop 1: [1350-1318] 1350 (7 0 1 2 0) -> 1382 (7 0 9 2 0)
Hop 2: [1350-1318] 1382 (7 0 9 2 0) -> 1510 (7 2 9 2 0)
Hop 3: [1352-1320] 1512 (7 2 10 0 0) -> 1320 (6 2 10 0 0)
Hop 3: [1350-1318] 1510 (7 2 9 2 0) -> 1318 (6 2 9 2 0)
Hop 1: [1348-1316] 1348 (7 0 1 0 0) -> 1380 (7 0 9 0 0)
Hop 2: [1348-1316] 1380 (7 0 9 0 0) -> 1508 (7 2 9 0 0)
Hop 3: [1346-1314] 1506 (7 2 8 2 0) -> 1314 (6 2 8 2 0)
Hop 3: [1344-1328] 1520 (7 2 12 0 0) -> 1328 (6 2 12 0 0)
Hop 1: [1340-1308] 1340 (6 2 15 0 0) -> 1308 (6 2 7 0 0)
Hop 1: [1338-1306] 1338 (6 2 14 2 0) -> 1306 (6 2 6 2 0)
Hop 1: [1337-1305] 1337 (6 2 14 1 0) -> 1305 (6 2 6 1 0)
Hop 1: [1334-1302] 1334 (6 2 13 2 0) -> 1302 (6 2 5 2 0)
Hop 1: [1332-1300] 1332 (6 2 13 0 0) -> 1300 (6 2 5 0 0)
Hop 1: [1326-1322] 1326 (6 2 11 2 0) -> 1322 (6 2 10 2 0)
Hop 1: [1325-1321] 1325 (6 2 11 1 0) -> 1321 (6 2 10 1 0)
Hop 1: [1312-1307] 1312 (6 2 8 0 0) -> 1315 (6 2 8 3 0)
Hop 1: [1310-1305] 1310 (6 2 7 2 0) -> 1309 (6 2 7 1 0)
Hop 2: [1310-1305] 1309 (6 2 7 1 0) -> 1305 (6 2 6 1 0)
Hop 1: [1305-1306] 1305 (6 2 6 1 0) -> 1306 (6 2 6 2 0)
Hop 1: [1301-1291] 1301 (6 2 5 1 0) -> 1303 (6 2 5 3 0)
Hop 2: [1301-1291] 1303 (6 2 5 3 0) -> 1291 (6 2 2 3 0)
Hop 1: [1290-1291] 1290 (6 2 2 2 0) -> 1291 (6 2 2 3 0)
Hop 1: [1285-1282] 1285 (6 2 1 1 0) -> 1286 (6 2 1 2 0)
Hop 1: [1283-1282] 1283 (6 2 0 3 0) -> 1282 (6 2 0 2 0)
Hop 1: [1282-1291] 1282 (6 2 0 2 0) -> 1283 (6 2 0 3 0)
Hop 2: [1282-1291] 1283 (6 2 0 3 0) -> 1291 (6 2 2 3 0)
Hop 2: [1285-1282] 1286 (6 2 1 2 0) -> 1282 (6 2 0 2 0)
Hop 1: [1289-1282] 1289 (6 2 2 1 0) -> 1290 (6 2 2 2 0)
Hop 2: [1289-1282] 1290 (6 2 2 2 0) -> 1282 (6 2 0 2 0)
Hop 1: [1291-1300] 1291 (6 2 2 3 0) -> 1288 (6 2 2 0 0)
Hop 2: [1291-1300] 1288 (6 2 2 0 0) -> 1300 (6 2 5 0 0)
Hop 1: [1306-1291] 1306 (6 2 6 2 0) -> 1307 (6 2 6 3 0)
Hop 2: [1312-1307] 1315 (6 2 8 3 0) -> 1307 (6 2 6 3 0)
Hop 1: [1324-1303] 1324 (6 2 11 0 0) -> 1327 (6 2 11 3 0)
Hop 2: [1324-1303] 1327 (6 2 11 3 0) -> 1303 (6 2 5 3 0)
Hop 1: [1327-1324] 1327 (6 2 11 3 0) -> 1324 (6 2 11 0 0)
Hop 1: [1345-1313] 1345 (7 0 0 1 0) -> 1377 (7 0 8 1 0)
Hop 2: [1345-1313] 1377 (7 0 8 1 0) -> 1505 (7 2 8 1 0)
Hop 1: [1349-1317] 1349 (7 0 1 1 0) -> 1381 (7 0 9 1 0)
Hop 2: [1349-1317] 1381 (7 0 9 1 0) -> 1509 (7 2 9 1 0)
Hop 1: [1352-1336] 1352 (7 0 2 0 0) -> 1400 (7 0 14 0 0)
Hop 2: [1352-1336] 1400 (7 0 14 0 0) -> 1528 (7 2 14 0 0)
Hop 3: [1348-1316] 1508 (7 2 9 0 0) -> 1316 (6 2 9 0 0)
Hop 3: [1345-1313] 1505 (7 2 8 1 0) -> 1313 (6 2 8 1 0)
Hop 1: [1323-1283] 1323 (6 2 10 3 0) -> 1283 (6 2 0 3 0)
Hop 1: [1318-1304] 1318 (6 2 9 2 0) -> 1316 (6 2 9 0 0)
Hop 2: [1318-1304] 1316 (6 2 9 0 0) -> 1304 (6 2 6 0 0)
Hop 1: [1315-1305] 1315 (6 2 8 3 0) -> 1313 (6 2 8 1 0)
Hop 1: [1311-1308] 1311 (6 2 7 3 0) -> 1308 (6 2 7 0 0)
Hop 2: [1306-1291] 1307 (6 2 6 3 0) -> 1291 (6 2 2 3 0)
Hop 1: [1304-1300] 1304 (6 2 6 0 0) -> 1300 (6 2 5 0 0)
Hop 1: [1302-1300] 1302 (6 2 5 2 0) -> 1300 (6 2 5 0 0)
Hop 1: [1300-1302] 1300 (6 2 5 0 0) -> 1302 (6 2 5 2 0)
Hop 1: [1281-1282] 1281 (6 2 0 1 0) -> 1282 (6 2 0 2 0)
Hop 1: [1286-1291] 1286 (6 2 1 2 0) -> 1287 (6 2 1 3 0)
Hop 2: [1286-1291] 1287 (6 2 1 3 0) -> 1291 (6 2 2 3 0)
Hop 1: [1288-1282] 1288 (6 2 2 0 0) -> 1290 (6 2 2 2 0)
Hop 2: [1288-1282] 1290 (6 2 2 2 0) -> 1282 (6 2 0 2 0)
Hop 1: [1303-1300] 1303 (6 2 5 3 0) -> 1300 (6 2 5 0 0)
Hop 1: [1307-1306] 1307 (6 2 6 3 0) -> 1306 (6 2 6 2 0)
Hop 1: [1309-1306] 1309 (6 2 7 1 0) -> 1310 (6 2 7 2 0)
Hop 2: [1315-1305] 1313 (6 2 8 1 0) -> 1305 (6 2 6 1 0)
Hop 1: [1319-1307] 1319 (6 2 9 3 0) -> 1307 (6 2 6 3 0)
Hop 1: [1321-1322] 1321 (6 2 10 1 0) -> 1322 (6 2 10 2 0)
Hop 1: [1322-1301] 1322 (6 2 10 2 0) -> 1321 (6 2 10 1 0)
Hop 2: [1322-1301] 1321 (6 2 10 1 0) -> 1301 (6 2 5 1 0)
Hop 1: [1333-1325] 1333 (6 2 13 1 0) -> 1325 (6 2 11 1 0)
Hop 1: [1335-1327] 1335 (6 2 13 3 0) -> 1327 (6 2 11 3 0)
Hop 1: [1341-1325] 1341 (6 2 15 1 0) -> 1325 (6 2 11 1 0)
Hop 3: [1349-1317] 1509 (7 2 9 1 0) -> 1317 (6 2 9 1 0)
Hop 3: [1352-1336] 1528 (7 2 14 0 0) -> 1336 (6 2 14 0 0)
Hop 1: [1351-1335] 1351 (7 0 1 3 0) -> 1399 (7 0 13 3 0)
Hop 2: [1351-1335] 1399 (7 0 13 3 0) -> 1527 (7 2 13 3 0)
Hop 3: [1351-1335] 1527 (7 2 13 3 0) -> 1335 (6 2 13 3 0)
Hop 1: [1330-1302] 1330 (6 2 12 2 0) -> 1302 (6 2 5 2 0)
Hop 1: [1328-1323] 1328 (6 2 12 0 0) -> 1331 (6 2 12 3 0)
Hop 2: [1328-1323] 1331 (6 2 12 3 0) -> 1323 (6 2 10 3 0)
Hop 1: [1326-1323] 1326 (6 2 11 2 0) -> 1327 (6 2 11 3 0)
Hop 1: [1320-1315] 1320 (6 2 10 0 0) -> 1323 (6 2 10 3 0)
Hop 2: [1320-1315] 1323 (6 2 10 3 0) -> 1315 (6 2 8 3 0)
Hop 1: [1317-1303] 1317 (6 2 9 1 0) -> 1319 (6 2 9 3 0)
Hop 2: [1317-1303] 1319 (6 2 9 3 0) -> 1303 (6 2 5 3 0)
Hop 1: [1314-1300] 1314 (6 2 8 2 0) -> 1312 (6 2 8 0 0)
Hop 2: [1314-1300] 1312 (6 2 8 0 0) -> 1300 (6 2 5 0 0)
Hop 1: [1310-1306] 1310 (6 2 7 2 0) -> 1306 (6 2 6 2 0)
Hop 2: [1309-1306] 1310 (6 2 7 2 0) -> 1306 (6 2 6 2 0)
Hop 1: [1305-1307] 1305 (6 2 6 1 0) -> 1307 (6 2 6 3 0)
Hop 1: [1301-1302] 1301 (6 2 5 1 0) -> 1302 (6 2 5 2 0)
Hop 1: [1287-1282] 1287 (6 2 1 3 0) -> 1286 (6 2 1 2 0)
Hop 2: [1287-1282] 1286 (6 2 1 2 0) -> 1282 (6 2 0 2 0)
Hop 1: [1284-1282] 1284 (6 2 1 0 0) -> 1286 (6 2 1 2 0)
Hop 2: [1284-1282] 1286 (6 2 1 2 0) -> 1282 (6 2 0 2 0)
Hop 1: [1289-1291] 1289 (6 2 2 1 0) -> 1291 (6 2 2 3 0)
Hop 1: [1290-1300] 1290 (6 2 2 2 0) -> 1288 (6 2 2 0 0)
Hop 2: [1290-1300] 1288 (6 2 2 0 0) -> 1300 (6 2 5 0 0)
Hop 1: [1308-1306] 1308 (6 2 7 0 0) -> 1310 (6 2 7 2 0)
Hop 2: [1308-1306] 1310 (6 2 7 2 0) -> 1306 (6 2 6 2 0)
Hop 1: [1316-1308] 1316 (6 2 9 0 0) -> 1308 (6 2 7 0 0)
Hop 1: [1327-1325] 1327 (6 2 11 3 0) -> 1325 (6 2 11 1 0)
Hop 1: [1329-1302] 1329 (6 2 12 1 0) -> 1330 (6 2 12 2 0)
Hop 2: [1329-1302] 1330 (6 2 12 2 0) -> 1302 (6 2 5 2 0)
Hop 1: [1331-1303] 1331 (6 2 12 3 0) -> 1303 (6 2 5 3 0)
Hop 1: [1336-1328] 1336 (6 2 14 0 0) -> 1328 (6 2 12 0 0)
Hop 1: [1339-1311] 1339 (6 2 14 3 0) -> 1311 (6 2 7 3 0)
Hop 1: [1347-1318] 1347 (7 0 0 3 0) -> 1346 (7 0 0 2 0)
Hop 2: [1347-1318] 1346 (7 0 0 2 0) -> 1382 (7 0 9 2 0)
Hop 1: [1350-1334] 1350 (7 0 1 2 0) -> 1398 (7 0 13 2 0)
Hop 2: [1350-1334] 1398 (7 0 13 2 0) -> 1526 (7 2 13 2 0)
Hop 1: [1352-1342] 1352 (7 0 2 0 0) -> 1354 (7 0 2 2 0)
Hop 2: [1352-1342] 1354 (7 0 2 2 0) -> 1406 (7 0 15 2 0)
Hop 3: [1350-1334] 1526 (7 2 13 2 0) -> 1334 (6 2 13 2 0)
Hop 3: [1347-1318] 1382 (7 0 9 2 0) -> 1510 (7 2 9 2 0)
Hop 4: [1347-1318] 1510 (7 2 9 2 0) -> 1318 (6 2 9 2 0)
Hop 1: [1340-1311] 1340 (6 2 15 0 0) -> 1343 (6 2 15 3 0)
Hop 2: [1340-1311] 1343 (6 2 15 3 0) -> 1311 (6 2 7 3 0)
Hop 1: [1338-1309] 1338 (6 2 14 2 0) -> 1337 (6 2 14 1 0)
Hop 2: [1338-1309] 1337 (6 2 14 1 0) -> 1309 (6 2 7 1 0)
Hop 1: [1337-1309] 1337 (6 2 14 1 0) -> 1309 (6 2 7 1 0)
Hop 1: [1334-1326] 1334 (6 2 13 2 0) -> 1326 (6 2 11 2 0)
Hop 1: [1332-1302] 1332 (6 2 13 0 0) -> 1334 (6 2 13 2 0)
Hop 2: [1332-1302] 1334 (6 2 13 2 0) -> 1302 (6 2 5 2 0)
Hop 2: [1326-1323] 1327 (6 2 11 3 0) -> 1323 (6 2 10 3 0)
Hop 1: [1325-1322] 1325 (6 2 11 1 0) -> 1326 (6 2 11 2 0)
Hop 2: [1325-1322] 1326 (6 2 11 2 0) -> 1322 (6 2 10 2 0)
Hop 1: [1313-1300] 1313 (6 2 8 1 0) -> 1312 (6 2 8 0 0)
Hop 2: [1313-1300] 1312 (6 2 8 0 0) -> 1300 (6 2 5 0 0)
Hop 1: [1311-1309] 1311 (6 2 7 3 0) -> 1309 (6 2 7 1 0)
Hop 1: [1306-1305] 1306 (6 2 6 2 0) -> 1305 (6 2 6 1 0)
Hop 1: [1304-1301] 1304 (6 2 6 0 0) -> 1305 (6 2 6 1 0)
Hop 2: [1304-1301] 1305 (6 2 6 1 0) -> 1301 (6 2 5 1 0)
Hop 1: [1300-1303] 1300 (6 2 5 0 0) -> 1303 (6 2 5 3 0)
Hop 1: [1291-1301] 1291 (6 2 2 3 0) -> 1289 (6 2 2 1 0)
Hop 2: [1291-1301] 1289 (6 2 2 1 0) -> 1301 (6 2 5 1 0)
Hop 1: [1285-1301] 1285 (6 2 1 1 0) -> 1301 (6 2 5 1 0)
Hop 1: [1283-1291] 1283 (6 2 0 3 0) -> 1291 (6 2 2 3 0)
Hop 1: [1281-1305] 1281 (6 2 0 1 0) -> 1305 (6 2 6 1 0)
Hop 1: [1282-1301] 1282 (6 2 0 2 0) -> 1281 (6 2 0 1 0)
Hop 2: [1282-1301] 1281 (6 2 0 1 0) -> 1301 (6 2 5 1 0)
Hop 1: [1288-1291] 1288 (6 2 2 0 0) -> 1291 (6 2 2 3 0)
Hop 1: [1302-1301] 1302 (6 2 5 2 0) -> 1301 (6 2 5 1 0)
Hop 1: [1307-1308] 1307 (6 2 6 3 0) -> 1304 (6 2 6 0 0)
Hop 2: [1307-1308] 1304 (6 2 6 0 0) -> 1308 (6 2 7 0 0)
Hop 1: [1312-1308] 1312 (6 2 8 0 0) -> 1308 (6 2 7 0 0)
Hop 1: [1324-1304] 1324 (6 2 11 0 0) -> 1304 (6 2 6 0 0)
Hop 1: [1342-1310] 1342 (6 2 15 2 0) -> 1310 (6 2 7 2 0)
Hop 1: [1344-1339] 1344 (7 0 0 0 0) -> 1347 (7 0 0 3 0)
Hop 2: [1344-1339] 1347 (7 0 0 3 0) -> 1403 (7 0 14 3 0)
Hop 1: [1346-1318] 1346 (7 0 0 2 0) -> 1382 (7 0 9 2 0)
Hop 2: [1346-1318] 1382 (7 0 9 2 0) -> 1510 (7 2 9 2 0)
Hop 1: [1349-1333] 1349 (7 0 1 1 0) -> 1397 (7 0 13 1 0)
Hop 2: [1349-1333] 1397 (7 0 13 1 0) -> 1525 (7 2 13 1 0)
Hop 3: [1352-1342] 1406 (7 0 15 2 0) -> 1534 (7 2 15 2 0)
Hop 4: [1352-1342] 1534 (7 2 15 2 0) -> 1342 (6 2 15 2 0)
Hop 3: [1349-1333] 1525 (7 2 13 1 0) -> 1333 (6 2 13 1 0)
Hop 3: [1346-1318] 1510 (7 2 9 2 0) -> 1318 (6 2 9 2 0)
Hop 3: [1344-1339] 1403 (7 0 14 3 0) -> 1531 (7 2 14 3 0)
Hop 4: [1344-1339] 1531 (7 2 14 3 0) -> 1339 (6 2 14 3 0)
Hop 1: [1341-1327] 1341 (6 2 15 1 0) -> 1343 (6 2 15 3 0)
Hop 2: [1341-1327] 1343 (6 2 15 3 0) -> 1327 (6 2 11 3 0)
Hop 1: [1323-1309] 1323 (6 2 10 3 0) -> 1321 (6 2 10 1 0)
Hop 2: [1323-1309] 1321 (6 2 10 1 0) -> 1309 (6 2 7 1 0)
Hop 1: [1321-1323] 1321 (6 2 10 1 0) -> 1323 (6 2 10 3 0)
Hop 1: [1318-1306] 1318 (6 2 9 2 0) -> 1306 (6 2 6 2 0)
Hop 1: [1310-1307] 1310 (6 2 7 2 0) -> 1311 (6 2 7 3 0)
Hop 2: [1310-1307] 1311 (6 2 7 3 0) -> 1307 (6 2 6 3 0)
Hop 1: [1305-1308] 1305 (6 2 6 1 0) -> 1304 (6 2 6 0 0)
Hop 2: [1305-1308] 1304 (6 2 6 0 0) -> 1308 (6 2 7 0 0)
Hop 1: [1303-1301] 1303 (6 2 5 3 0) -> 1301 (6 2 5 1 0)
Hop 1: [1301-1303] 1301 (6 2 5 1 0) -> 1303 (6 2 5 3 0)
Hop 1: [1286-1301] 1286 (6 2 1 2 0) -> 1285 (6 2 1 1 0)
Hop 2: [1286-1301] 1285 (6 2 1 1 0) -> 1301 (6 2 5 1 0)
Hop 1: [1284-1291] 1284 (6 2 1 0 0) -> 1287 (6 2 1 3 0)
Hop 2: [1284-1291] 1287 (6 2 1 3 0) -> 1291 (6 2 2 3 0)
Hop 1: [1287-1291] 1287 (6 2 1 3 0) -> 1291 (6 2 2 3 0)
Hop 1: [1291-1302] 1291 (6 2 2 3 0) -> 1290 (6 2 2 2 0)
Hop 2: [1291-1302] 1290 (6 2 2 2 0) -> 1302 (6 2 5 2 0)
Hop 1: [1309-1307] 1309 (6 2 7 1 0) -> 1311 (6 2 7 3 0)
Hop 2: [1309-1307] 1311 (6 2 7 3 0) -> 1307 (6 2 6 3 0)
Hop 1: [1311-1310] 1311 (6 2 7 3 0) -> 1310 (6 2 7 2 0)
Hop 1: [1315-1306] 1315 (6 2 8 3 0) -> 1314 (6 2 8 2 0)
Hop 2: [1315-1306] 1314 (6 2 8 2 0) -> 1306 (6 2 6 2 0)
Hop 1: [1319-1310] 1319 (6 2 9 3 0) -> 1318 (6 2 9 2 0)
Hop 2: [1319-1310] 1318 (6 2 9 2 0) -> 1310 (6 2 7 2 0)
Hop 1: [1320-1316] 1320 (6 2 10 0 0) -> 1316 (6 2 9 0 0)
Hop 1: [1322-1302] 1322 (6 2 10 2 0) -> 1302 (6 2 5 2 0)
Hop 1: [1329-1321] 1329 (6 2 12 1 0) -> 1321 (6 2 10 1 0)
Hop 1: [1333-1326] 1333 (6 2 13 1 0) -> 1334 (6 2 13 2 0)
Hop 2: [1333-1326] 1334 (6 2 13 2 0) -> 1326 (6 2 11 2 0)
Hop 1: [1335-1328] 1335 (6 2 13 3 0) -> 1332 (6 2 13 0 0)
Hop 2: [1335-1328] 1332 (6 2 13 0 0) -> 1328 (6 2 12 0 0)
Hop 1: [1345-1317] 1345 (7 0 0 1 0) -> 1381 (7 0 9 1 0)
Hop 2: [1345-1317] 1381 (7 0 9 1 0) -> 1509 (7 2 9 1 0)
Hop 1: [1348-1320] 1348 (7 0 1 0 0) -> 1384 (7 0 10 0 0)
Hop 2: [1348-1320] 1384 (7 0 10 0 0) -> 1512 (7 2 10 0 0)
Hop 3: [1348-1320] 1512 (7 2 10 0 0) -> 1320 (6 2 10 0 0)
Hop 1: [1352-1344] 1352 (7 0 2 0 0) -> 1344 (7 0 0 0 0)
Hop 1: [1351-1342] 1351 (7 0 1 3 0) -> 1350 (7 0 1 2 0)
Hop 2: [1351-1342] 1350 (7 0 1 2 0) -> 1406 (7 0 15 2 0)
Hop 3: [1345-1317] 1509 (7 2 9 1 0) -> 1317 (6 2 9 1 0)
Hop 1: [1342-1326] 1342 (6 2 15 2 0) -> 1326 (6 2 11 2 0)
Hop 1: [1330-1304] 1330 (6 2 12 2 0) -> 1328 (6 2 12 0 0)
Hop 2: [1330-1304] 1328 (6 2 12 0 0) -> 1304 (6 2 6 0 0)
Hop 1: [1328-1324] 1328 (6 2 12 0 0) -> 1324 (6 2 11 0 0)
Hop 1: [1327-1326] 1327 (6 2 11 3 0) -> 1326 (6 2 11 2 0)
Hop 1: [1317-1304] 1317 (6 2 9 1 0) -> 1316 (6 2 9 0 0)
Hop 2: [1317-1304] 1316 (6 2 9 0 0) -> 1304 (6 2 6 0 0)
Hop 1: [1314-1303] 1314 (6 2 8 2 0) -> 1315 (6 2 8 3 0)
Hop 2: [1314-1303] 1315 (6 2 8 3 0) -> 1303 (6 2 5 3 0)
Hop 1: [1308-1307] 1308 (6 2 7 0 0) -> 1311 (6 2 7 3 0)
Hop 2: [1308-1307] 1311 (6 2 7 3 0) -> 1307 (6 2 6 3 0)
Hop 1: [1300-1304] 1300 (6 2 5 0 0) -> 1304 (6 2 6 0 0)
Hop 1: [1290-1301] 1290 (6 2 2 2 0) -> 1289 (6 2 2 1 0)
Hop 2: [1290-1301] 1289 (6 2 2 1 0) -> 1301 (6 2 5 1 0)
Hop 1: [1289-1300] 1289 (6 2 2 1 0) -> 1288 (6 2 2 0 0)
Hop 2: [1289-1300] 1288 (6 2 2 0 0) -> 1300 (6 2 5 0 0)
Hop 1: [1285-1283] 1285 (6 2 1 1 0) -> 1287 (6 2 1 3 0)
Hop 2: [1285-1283] 1287 (6 2 1 3 0) -> 1283 (6 2 0 3 0)
Hop 1: [1304-1302] 1304 (6 2 6 0 0) -> 1306 (6 2 6 2 0)
Hop 2: [1304-1302] 1306 (6 2 6 2 0) -> 1302 (6 2 5 2 0)
Hop 1: [1316-1310] 1316 (6 2 9 0 0) -> 1318 (6 2 9 2 0)
Hop 2: [1316-1310] 1318 (6 2 9 2 0) -> 1310 (6 2 7 2 0)
Hop 1: [1325-1323] 1325 (6 2 11 1 0) -> 1327 (6 2 11 3 0)
Hop 2: [1325-1323] 1327 (6 2 11 3 0) -> 1323 (6 2 10 3 0)
Hop 1: [1326-1324] 1326 (6 2 11 2 0) -> 1324 (6 2 11 0 0)
Hop 1: [1331-1304] 1331 (6 2 12 3 0) -> 1328 (6 2 12 0 0)
Hop 2: [1331-1304] 1328 (6 2 12 0 0) -> 1304 (6 2 6 0 0)
Hop 1: [1334-1329] 1334 (6 2 13 2 0) -> 1333 (6 2 13 1 0)
Hop 2: [1334-1329] 1333 (6 2 13 1 0) -> 1329 (6 2 12 1 0)
Hop 1: [1336-1331] 1336 (6 2 14 0 0) -> 1339 (6 2 14 3 0)
Hop 2: [1336-1331] 1339 (6 2 14 3 0) -> 1331 (6 2 12 3 0)
Hop 1: [1339-1312] 1339 (6 2 14 3 0) -> 1336 (6 2 14 0 0)
Hop 2: [1339-1312] 1336 (6 2 14 0 0) -> 1312 (6 2 8 0 0)
Hop 1: [1340-1312] 1340 (6 2 15 0 0) -> 1312 (6 2 8 0 0)
Hop 3: [1351-1342] 1406 (7 0 15 2 0) -> 1534 (7 2 15 2 0)
Hop 4: [1351-1342] 1534 (7 2 15 2 0) -> 1342 (6 2 15 2 0)
Hop 1: [1338-1310] 1338 (6 2 14 2 0) -> 1310 (6 2 7 2 0)
Hop 1: [1337-1310] 1337 (6 2 14 1 0) -> 1338 (6 2 14 2 0)
Hop 2: [1337-1310] 1338 (6 2 14 2 0) -> 1310 (6 2 7 2 0)
Hop 1: [1332-1304] 1332 (6 2 13 0 0) -> 1304 (6 2 6 0 0)
Hop 1: [1324-1310] 1324 (6 2 11 0 0) -> 1326 (6 2 11 2 0)
Hop 2: [1324-1310] 1326 (6 2 11 2 0) -> 1310 (6 2 7 2 0)
Hop 1: [1313-1303] 1313 (6 2 8 1 0) -> 1315 (6 2 8 3 0)
Hop 2: [1313-1303] 1315 (6 2 8 3 0) -> 1303 (6 2 5 3 0)
Hop 1: [1306-1307] 1306 (6 2 6 2 0) -> 1307 (6 2 6 3 0)
Hop 1: [1305-1283] 1305 (6 2 6 1 0) -> 1307 (6 2 6 3 0)
Hop 2: [1305-1283] 1307 (6 2 6 3 0) -> 1283 (6 2 0 3 0)
Hop 1: [1302-1303] 1302 (6 2 5 2 0) -> 1303 (6 2 5 3 0)
Hop 1: [1283-1305] 1283 (6 2 0 3 0) -> 1281 (6 2 0 1 0)
Hop 2: [1283-1305] 1281 (6 2 0 1 0) -> 1305 (6 2 6 1 0)
Hop 1: [1281-1283] 1281 (6 2 0 1 0) -> 1283 (6 2 0 3 0)
Hop 1: [1282-1306] 1282 (6 2 0 2 0) -> 1306 (6 2 6 2 0)
Hop 1: [1288-1300] 1288 (6 2 2 0 0) -> 1300 (6 2 5 0 0)
Hop 1: [1291-1303] 1291 (6 2 2 3 0) -> 1303 (6 2 5 3 0)
Hop 1: [1301-1304] 1301 (6 2 5 1 0) -> 1300 (6 2 5 0 0)
Hop 2: [1301-1304] 1300 (6 2 5 0 0) -> 1304 (6 2 6 0 0)
Hop 1: [1303-1302] 1303 (6 2 5 3 0) -> 1302 (6 2 5 2 0)
Hop 1: [1307-1283] 1307 (6 2 6 3 0) -> 1283 (6 2 0 3 0)
Hop 1: [1310-1308] 1310 (6 2 7 2 0) -> 1308 (6 2 7 0 0)
Hop 1: [1312-1309] 1312 (6 2 8 0 0) -> 1313 (6 2 8 1 0)
Hop 2: [1312-1309] 1313 (6 2 8 1 0) -> 1309 (6 2 7 1 0)
Hop 1: [1321-1325] 1321 (6 2 10 1 0) -> 1325 (6 2 11 1 0)
Hop 1: [1323-1321] 1323 (6 2 10 3 0) -> 1321 (6 2 10 1 0)
Hop 1: [1335-1331] 1335 (6 2 13 3 0) -> 1331 (6 2 12 3 0)
Hop 1: [1342-1328] 1342 (6 2 15 2 0) -> 1340 (6 2 15 0 0)
Hop 2: [1342-1328] 1340 (6 2 15 0 0) -> 1328 (6 2 12 0 0)
Hop 1: [1347-1319] 1347 (7 0 0 3 0) -> 1383 (7 0 9 3 0)
Hop 2: [1347-1319] 1383 (7 0 9 3 0) -> 1511 (7 2 9 3 0)
Hop 1: [1352-1346] 1352 (7 0 2 0 0) -> 1354 (7 0 2 2 0)
Hop 2: [1352-1346] 1354 (7 0 2 2 0) -> 1346 (7 0 0 2 0)
Hop 1: [1350-1336] 1350 (7 0 1 2 0) -> 1348 (7 0 1 0 0)
Hop 2: [1350-1336] 1348 (7 0 1 0 0) -> 1400 (7 0 14 0 0)
Hop 3: [1350-1336] 1400 (7 0 14 0 0) -> 1528 (7 2 14 0 0)
Hop 4: [1350-1336] 1528 (7 2 14 0 0) -> 1336 (6 2 14 0 0)
Hop 1: [1349-1335] 1349 (7 0 1 1 0) -> 1351 (7 0 1 3 0)
Hop 2: [1349-1335] 1351 (7 0 1 3 0) -> 1399 (7 0 13 3 0)
Hop 3: [1349-1335] 1399 (7 0 13 3 0) -> 1527 (7 2 13 3 0)
Hop 4: [1349-1335] 1527 (7 2 13 3 0) -> 1335 (6 2 13 3 0)
Hop 3: [1347-1319] 1511 (7 2 9 3 0) -> 1319 (6 2 9 3 0)
Hop 1: [1341-1328] 1341 (6 2 15 1 0) -> 1340 (6 2 15 0 0)
Hop 2: [1341-1328] 1340 (6 2 15 0 0) -> 1328 (6 2 12 0 0)
Hop 1: [1322-1303] 1322 (6 2 10 2 0) -> 1323 (6 2 10 3 0)
Hop 2: [1322-1303] 1323 (6 2 10 3 0) -> 1303 (6 2 5 3 0)
Hop 1: [1318-1308] 1318 (6 2 9 2 0) -> 1316 (6 2 9 0 0)
Hop 2: [1318-1308] 1316 (6 2 9 0 0) -> 1308 (6 2 7 0 0)
Hop 1: [1311-1312] 1311 (6 2 7 3 0) -> 1308 (6 2 7 0 0)
Hop 2: [1311-1312] 1308 (6 2 7 0 0) -> 1312 (6 2 8 0 0)
Hop 1: [1290-1302] 1290 (6 2 2 2 0) -> 1302 (6 2 5 2 0)
Hop 1: [1286-1302] 1286 (6 2 1 2 0) -> 1302 (6 2 5 2 0)
Hop 1: [1284-1300] 1284 (6 2 1 0 0) -> 1300 (6 2 5 0 0)
Hop 1: [1287-1301] 1287 (6 2 1 3 0) -> 1285 (6 2 1 1 0)
Hop 2: [1287-1301] 1285 (6 2 1 1 0) -> 1301 (6 2 5 1 0)
Hop 1: [1289-1301] 1289 (6 2 2 1 0) -> 1301 (6 2 5 1 0)
Hop 1: [1304-1303] 1304 (6 2 6 0 0) -> 1307 (6 2 6 3 0)
Hop 2: [1304-1303] 1307 (6 2 6 3 0) -> 1303 (6 2 5 3 0)
Hop 1: [1309-1283] 1309 (6 2 7 1 0) -> 1311 (6 2 7 3 0)
Hop 2: [1309-1283] 1311 (6 2 7 3 0) -> 1283 (6 2 0 3 0)
Hop 1: [1315-1307] 1315 (6 2 8 3 0) -> 1307 (6 2 6 3 0)
Hop 1: [1319-1311] 1319 (6 2 9 3 0) -> 1311 (6 2 7 3 0)
Hop 1: [1320-1317] 1320 (6 2 10 0 0) -> 1321 (6 2 10 1 0)
Hop 2: [1320-1317] 1321 (6 2 10 1 0) -> 1317 (6 2 9 1 0)
Hop 1: [1327-1328] 1327 (6 2 11 3 0) -> 1324 (6 2 11 0 0)
Hop 2: [1327-1328] 1324 (6 2 11 0 0) -> 1328 (6 2 12 0 0)
Hop 1: [1329-1322] 1329 (6 2 12 1 0) -> 1330 (6 2 12 2 0)
Hop 2: [1329-1322] 1330 (6 2 12 2 0) -> 1322 (6 2 10 2 0)
Hop 1: [1333-1327] 1333 (6 2 13 1 0) -> 1335 (6 2 13 3 0)
Hop 2: [1333-1327] 1335 (6 2 13 3 0) -> 1327 (6 2 11 3 0)
Hop 1: [1334-1330] 1334 (6 2 13 2 0) -> 1330 (6 2 12 2 0)
Hop 1: [1344-1340] 1344 (7 0 0 0 0) -> 1404 (7 0 15 0 0)
Hop 2: [1344-1340] 1404 (7 0 15 0 0) -> 1532 (7 2 15 0 0)
Hop 1: [1348-1332] 1348 (7 0 1 0 0) -> 1396 (7 0 13 0 0)
Hop 2: [1348-1332] 1396 (7 0 13 0 0) -> 1524 (7 2 13 0 0)
Hop 1: [1352-1347] 1352 (7 0 2 0 0) -> 1355 (7 0 2 3 0)
Hop 2: [1352-1347] 1355 (7 0 2 3 0) -> 1347 (7 0 0 3 0)
Hop 3: [1348-1332] 1524 (7 2 13 0 0) -> 1332 (6 2 13 0 0)
Hop 3: [1344-1340] 1532 (7 2 15 0 0) -> 1340 (6 2 15 0 0)
Hop 1: [1342-1331] 1342 (6 2 15 2 0) -> 1343 (6 2 15 3 0)
Hop 2: [1342-1331] 1343 (6 2 15 3 0) -> 1331 (6 2 12 3 0)
Hop 1: [1340-1317] 1340 (6 2 15 0 0) -> 1341 (6 2 15 1 0)
Hop 2: [1340-1317] 1341 (6 2 15 1 0) -> 1317 (6 2 9 1 0)
Hop 1: [1331-1318] 1331 (6 2 12 3 0) -> 1330 (6 2 12 2 0)
Hop 2: [1331-1318] 1330 (6 2 12 2 0) -> 1318 (6 2 9 2 0)
Hop 1: [1328-1325] 1328 (6 2 12 0 0) -> 1329 (6 2 12 1 0)
Hop 2: [1328-1325] 1329 (6 2 12 1 0) -> 1325 (6 2 11 1 0)
Hop 1: [1326-1325] 1326 (6 2 11 2 0) -> 1325 (6 2 11 1 0)
Hop 1: [1325-1326] 1325 (6 2 11 1 0) -> 1326 (6 2 11 2 0)
Hop 1: [1317-1305] 1317 (6 2 9 1 0) -> 1305 (6 2 6 1 0)
Hop 1: [1314-1304] 1314 (6 2 8 2 0) -> 1312 (6 2 8 0 0)
Hop 2: [1314-1304] 1312 (6 2 8 0 0) -> 1304 (6 2 6 0 0)
Hop 1: [1308-1310] 1308 (6 2 7 0 0) -> 1310 (6 2 7 2 0)
Hop 1: [1305-1309] 1305 (6 2 6 1 0) -> 1309 (6 2 7 1 0)
Hop 1: [1300-1313] 1300 (6 2 5 0 0) -> 1301 (6 2 5 1 0)
Hop 2: [1300-1313] 1301 (6 2 5 1 0) -> 1313 (6 2 8 1 0)
Hop 1: [1281-1284] 1281 (6 2 0 1 0) -> 1280 (6 2 0 0 0)
Hop 2: [1281-1284] 1280 (6 2 0 0 0) -> 1284 (6 2 1 0 0)
Hop 1: [1283-1306] 1283 (6 2 0 3 0) -> 1282 (6 2 0 2 0)
Hop 2: [1283-1306] 1282 (6 2 0 2 0) -> 1306 (6 2 6 2 0)
Hop 1: [1285-1309] 1285 (6 2 1 1 0) -> 1309 (6 2 7 1 0)
Hop 1: [1288-1301] 1288 (6 2 2 0 0) -> 1289 (6 2 2 1 0)
Hop 2: [1288-1301] 1289 (6 2 2 1 0) -> 1301 (6 2 5 1 0)
Hop 1: [1302-1304] 1302 (6 2 5 2 0) -> 1300 (6 2 5 0 0)
Hop 2: [1302-1304] 1300 (6 2 5 0 0) -> 1304 (6 2 6 0 0)
Hop 1: [1306-1308] 1306 (6 2 6 2 0) -> 1304 (6 2 6 0 0)
Hop 2: [1306-1308] 1304 (6 2 6 0 0) -> 1308 (6 2 7 0 0)
Hop 1: [1316-1312] 1316 (6 2 9 0 0) -> 1312 (6 2 8 0 0)
Hop 1: [1321-1326] 1321 (6 2 10 1 0) -> 1322 (6 2 10 2 0)
Hop 2: [1321-1326] 1322 (6 2 10 2 0) -> 1326 (6 2 11 2 0)
Hop 1: [1324-1317] 1324 (6 2 11 0 0) -> 1325 (6 2 11 1 0)
Hop 2: [1324-1317] 1325 (6 2 11 1 0) -> 1317 (6 2 9 1 0)
Hop 1: [1330-1318] 1330 (6 2 12 2 0) -> 1318 (6 2 9 2 0)
Hop 1: [1332-1318] 1332 (6 2 13 0 0) -> 1334 (6 2 13 2 0)
Hop 2: [1332-1318] 1334 (6 2 13 2 0) -> 1318 (6 2 9 2 0)
Hop 1: [1335-1332] 1335 (6 2 13 3 0) -> 1332 (6 2 13 0 0)
Hop 1: [1336-1332] 1336 (6 2 14 0 0) -> 1332 (6 2 13 0 0)
Hop 1: [1339-1323] 1339 (6 2 14 3 0) -> 1323 (6 2 10 3 0)
Hop 1: [1345-1318] 1345 (7 0 0 1 0) -> 1346 (7 0 0 2 0)
Hop 2: [1345-1318] 1346 (7 0 0 2 0) -> 1382 (7 0 9 2 0)
Hop 1: [1346-1324] 1346 (7 0 0 2 0) -> 1344 (7 0 0 0 0)
Hop 1: [1351-1343] 1351 (7 0 1 3 0) -> 1407 (7 0 15 3 0)
Hop 2: [1351-1343] 1407 (7 0 15 3 0) -> 1535 (7 2 15 3 0)
Hop 1: [1352-1348] 1352 (7 0 2 0 0) -> 1348 (7 0 1 0 0)
Hop 3: [1351-1343] 1535 (7 2 15 3 0) -> 1343 (6 2 15 3 0)
Hop 2: [1346-1324] 1344 (7 0 0 0 0) -> 1388 (7 0 11 0 0)
Hop 3: [1346-1324] 1388 (7 0 11 0 0) -> 1516 (7 2 11 0 0)
Hop 4: [1346-1324] 1516 (7 2 11 0 0) -> 1324 (6 2 11 0 0)
Hop 3: [1345-1318] 1382 (7 0 9 2 0) -> 1510 (7 2 9 2 0)
Hop 4: [1345-1318] 1510 (7 2 9 2 0) -> 1318 (6 2 9 2 0)
Hop 1: [1338-1317] 1338 (6 2 14 2 0) -> 1337 (6 2 14 1 0)
Hop 2: [1338-1317] 1337 (6 2 14 1 0) -> 1317 (6 2 9 1 0)
Hop 1: [1337-1312] 1337 (6 2 14 1 0) -> 1336 (6 2 14 0 0)
Hop 2: [1337-1312] 1336 (6 2 14 0 0) -> 1312 (6 2 8 0 0)
Hop 1: [1323-1322] 1323 (6 2 10 3 0) -> 1322 (6 2 10 2 0)
Hop 1: [1313-1304] 1313 (6 2 8 1 0) -> 1312 (6 2 8 0 0)
Hop 2: [1313-1304] 1312 (6 2 8 0 0) -> 1304 (6 2 6 0 0)
Hop 1: [1310-1309] 1310 (6 2 7 2 0) -> 1309 (6 2 7 1 0)
Hop 1: [1307-1309] 1307 (6 2 6 3 0) -> 1305 (6 2 6 1 0)
Hop 2: [1307-1309] 1305 (6 2 6 1 0) -> 1309 (6 2 7 1 0)
Hop 1: [1303-1304] 1303 (6 2 5 3 0) -> 1300 (6 2 5 0 0)
Hop 2: [1303-1304] 1300 (6 2 5 0 0) -> 1304 (6 2 6 0 0)
Hop 1: [1289-1302] 1289 (6 2 2 1 0) -> 1290 (6 2 2 2 0)
Hop 2: [1289-1302] 1290 (6 2 2 2 0) -> 1302 (6 2 5 2 0)
Hop 1: [1291-1304] 1291 (6 2 2 3 0) -> 1288 (6 2 2 0 0)
Hop 2: [1291-1304] 1288 (6 2 2 0 0) -> 1304 (6 2 6 0 0)
Hop 1: [1301-1317] 1301 (6 2 5 1 0) -> 1317 (6 2 9 1 0)
Hop 1: [1311-1313] 1311 (6 2 7 3 0) -> 1309 (6 2 7 1 0)
Hop 2: [1311-1313] 1309 (6 2 7 1 0) -> 1313 (6 2 8 1 0)
Hop 1: [1312-1310] 1312 (6 2 8 0 0) -> 1314 (6 2 8 2 0)
Hop 2: [1312-1310] 1314 (6 2 8 2 0) -> 1310 (6 2 7 2 0)
Hop 1: [1322-1321] 1322 (6 2 10 2 0) -> 1321 (6 2 10 1 0)
Hop 1: [1334-1331] 1334 (6 2 13 2 0) -> 1335 (6 2 13 3 0)
Hop 2: [1334-1331] 1335 (6 2 13 3 0) -> 1331 (6 2 12 3 0)
Hop 1: [1341-1337] 1341 (6 2 15 1 0) -> 1337 (6 2 14 1 0)
Hop 1: [1352-1349] 1352 (7 0 2 0 0) -> 1353 (7 0 2 1 0)
Hop 2: [1352-1349] 1353 (7 0 2 1 0) -> 1349 (7 0 1 1 0)
Hop 1: [1343-1311] 1343 (6 2 15 3 0) -> 1311 (6 2 7 3 0)
Hop 1: [1333-1328] 1333 (6 2 13 1 0) -> 1332 (6 2 13 0 0)
Hop 2: [1333-1328] 1332 (6 2 13 0 0) -> 1328 (6 2 12 0 0)
Hop 1: [1329-1325] 1329 (6 2 12 1 0) -> 1325 (6 2 11 1 0)
Hop 1: [1327-1331] 1327 (6 2 11 3 0) -> 1331 (6 2 12 3 0)
Hop 1: [1320-1318] 1320 (6 2 10 0 0) -> 1322 (6 2 10 2 0)
Hop 2: [1320-1318] 1322 (6 2 10 2 0) -> 1318 (6 2 9 2 0)
Hop 1: [1318-1309] 1318 (6 2 9 2 0) -> 1317 (6 2 9 1 0)
Hop 2: [1318-1309] 1317 (6 2 9 1 0) -> 1309 (6 2 7 1 0)
Hop 1: [1309-1310] 1309 (6 2 7 1 0) -> 1310 (6 2 7 2 0)
Hop 1: [1304-1313] 1304 (6 2 6 0 0) -> 1305 (6 2 6 1 0)
Hop 2: [1304-1313] 1305 (6 2 6 1 0) -> 1313 (6 2 8 1 0)
Hop 1: [1290-1314] 1290 (6 2 2 2 0) -> 1314 (6 2 8 2 0)
Hop 1: [1286-1303] 1286 (6 2 1 2 0) -> 1287 (6 2 1 3 0)
Hop 2: [1286-1303] 1287 (6 2 1 3 0) -> 1303 (6 2 5 3 0)
Hop 1: [1284-1303] 1284 (6 2 1 0 0) -> 1287 (6 2 1 3 0)
Hop 2: [1284-1303] 1287 (6 2 1 3 0) -> 1303 (6 2 5 3 0)
Hop 1: [1282-1283] 1282 (6 2 0 2 0) -> 1283 (6 2 0 3 0)
Hop 1: [1281-1321] 1281 (6 2 0 1 0) -> 1321 (6 2 10 1 0)
Hop 1: [1285-1321] 1285 (6 2 1 1 0) -> 1321 (6 2 10 1 0)
Hop 1: [1287-1303] 1287 (6 2 1 3 0) -> 1303 (6 2 5 3 0)
Hop 1: [1288-1303] 1288 (6 2 2 0 0) -> 1291 (6 2 2 3 0)
Hop 2: [1288-1303] 1291 (6 2 2 3 0) -> 1303 (6 2 5 3 0)
Hop 1: [1305-1310] 1305 (6 2 6 1 0) -> 1306 (6 2 6 2 0)
Hop 2: [1305-1310] 1306 (6 2 6 2 0) -> 1310 (6 2 7 2 0)
Hop 1: [1308-1311] 1308 (6 2 7 0 0) -> 1311 (6 2 7 3 0)
Hop 1: [1315-1308] 1315 (6 2 8 3 0) -> 1312 (6 2 8 0 0)
Hop 2: [1315-1308] 1312 (6 2 8 0 0) -> 1308 (6 2 7 0 0)
Hop 1: [1319-1312] 1319 (6 2 9 3 0) -> 1316 (6 2 9 0 0)
Hop 2: [1319-1312] 1316 (6 2 9 0 0) -> 1312 (6 2 8 0 0)
Hop 1: [1325-1327] 1325 (6 2 11 1 0) -> 1327 (6 2 11 3 0)
Hop 1: [1326-1327] 1326 (6 2 11 2 0) -> 1327 (6 2 11 3 0)
Hop 1: [1328-1326] 1328 (6 2 12 0 0) -> 1330 (6 2 12 2 0)
Hop 2: [1328-1326] 1330 (6 2 12 2 0) -> 1326 (6 2 11 2 0)
Hop 1: [1335-1333] 1335 (6 2 13 3 0) -> 1333 (6 2 13 1 0)
Hop 1: [1340-1318] 1340 (6 2 15 0 0) -> 1342 (6 2 15 2 0)
Hop 2: [1340-1318] 1342 (6 2 15 2 0) -> 1318 (6 2 9 2 0)
Hop 1: [1347-1320] 1347 (7 0 0 3 0) -> 1344 (7 0 0 0 0)
Hop 2: [1347-1320] 1344 (7 0 0 0 0) -> 1384 (7 0 10 0 0)
Hop 1: [1349-1336] 1349 (7 0 1 1 0) -> 1348 (7 0 1 0 0)
Hop 2: [1349-1336] 1348 (7 0 1 0 0) -> 1400 (7 0 14 0 0)
Hop 1: [1350-1342] 1350 (7 0 1 2 0) -> 1406 (7 0 15 2 0)
Hop 2: [1350-1342] 1406 (7 0 15 2 0) -> 1534 (7 2 15 2 0)
Hop 3: [1350-1342] 1534 (7 2 15 2 0) -> 1342 (6 2 15 2 0)
Hop 3: [1349-1336] 1400 (7 0 14 0 0) -> 1528 (7 2 14 0 0)
Hop 4: [1349-1336] 1528 (7 2 14 0 0) -> 1336 (6 2 14 0 0)
Hop 3: [1347-1320] 1384 (7 0 10 0 0) -> 1512 (7 2 10 0 0)
Hop 4: [1347-1320] 1512 (7 2 10 0 0) -> 1320 (6 2 10 0 0)
Hop 1: [1339-1337] 1339 (6 2 14 3 0) -> 1337 (6 2 14 1 0)
Hop 1: [1332-1322] 1332 (6 2 13 0 0) -> 1334 (6 2 13 2 0)
Hop 2: [1332-1322] 1334 (6 2 13 2 0) -> 1322 (6 2 10 2 0)
Hop 1: [1331-1322] 1331 (6 2 12 3 0) -> 1330 (6 2 12 2 0)
Hop 2: [1331-1322] 1330 (6 2 12 2 0) -> 1322 (6 2 10 2 0)
Hop 1: [1324-1318] 1324 (6 2 11 0 0) -> 1326 (6 2 11 2 0)
Hop 2: [1324-1318] 1326 (6 2 11 2 0) -> 1318 (6 2 9 2 0)
Hop 1: [1323-1324] 1323 (6 2 10 3 0) -> 1320 (6 2 10 0 0)
Hop 2: [1323-1324] 1320 (6 2 10 0 0) -> 1324 (6 2 11 0 0)
Hop 1: [1321-1285] 1321 (6 2 10 1 0) -> 1285 (6 2 1 1 0)
Hop 1: [1317-1307] 1317 (6 2 9 1 0) -> 1319 (6 2 9 3 0)
Hop 2: [1317-1307] 1319 (6 2 9 3 0) -> 1307 (6 2 6 3 0)
Hop 1: [1314-1306] 1314 (6 2 8 2 0) -> 1306 (6 2 6 2 0)
Hop 1: [1306-1283] 1306 (6 2 6 2 0) -> 1307 (6 2 6 3 0)
Hop 2: [1306-1283] 1307 (6 2 6 3 0) -> 1283 (6 2 0 3 0)
Hop 1: [1300-1314] 1300 (6 2 5 0 0) -> 1302 (6 2 5 2 0)
Hop 2: [1300-1314] 1302 (6 2 5 2 0) -> 1314 (6 2 8 2 0)
Hop 1: [1289-1303] 1289 (6 2 2 1 0) -> 1291 (6 2 2 3 0)
Hop 2: [1289-1303] 1291 (6 2 2 3 0) -> 1303 (6 2 5 3 0)
Hop 1: [1283-1307] 1283 (6 2 0 3 0) -> 1307 (6 2 6 3 0)
Hop 1: [1302-1318] 1302 (6 2 5 2 0) -> 1318 (6 2 9 2 0)
Hop 1: [1307-1310] 1307 (6 2 6 3 0) -> 1306 (6 2 6 2 0)
Hop 2: [1307-1310] 1306 (6 2 6 2 0) -> 1310 (6 2 7 2 0)
Hop 1: [1313-1305] 1313 (6 2 8 1 0) -> 1305 (6 2 6 1 0)
Hop 1: [1316-1314] 1316 (6 2 9 0 0) -> 1318 (6 2 9 2 0)
Hop 2: [1316-1314] 1318 (6 2 9 2 0) -> 1314 (6 2 8 2 0)
Hop 1: [1322-1323] 1322 (6 2 10 2 0) -> 1323 (6 2 10 3 0)
Hop 1: [1330-1322] 1330 (6 2 12 2 0) -> 1322 (6 2 10 2 0)
Hop 1: [1333-1329] 1333 (6 2 13 1 0) -> 1329 (6 2 12 1 0)
Hop 1: [1334-1332] 1334 (6 2 13 2 0) -> 1332 (6 2 13 0 0)
Hop 1: [1336-1333] 1336 (6 2 14 0 0) -> 1337 (6 2 14 1 0)
Hop 2: [1336-1333] 1337 (6 2 14 1 0) -> 1333 (6 2 13 1 0)
Hop 1: [1343-1327] 1343 (6 2 15 3 0) -> 1327 (6 2 11 3 0)
Hop 1: [1344-1342] 1344 (7 0 0 0 0) -> 1346 (7 0 0 2 0)
Hop 2: [1344-1342] 1346 (7 0 0 2 0) -> 1406 (7 0 15 2 0)
Hop 1: [1348-1338] 1348 (7 0 1 0 0) -> 1350 (7 0 1 2 0)
Hop 2: [1348-1338] 1350 (7 0 1 2 0) -> 1402 (7 0 14 2 0)
Hop 1: [1351-1344] 1351 (7 0 1 3 0) -> 1348 (7 0 1 0 0)
Hop 2: [1351-1344] 1348 (7 0 1 0 0) -> 1344 (7 0 0 0 0)
Hop 1: [1352-1350] 1352 (7 0 2 0 0) -> 1354 (7 0 2 2 0)
Hop 2: [1352-1350] 1354 (7 0 2 2 0) -> 1350 (7 0 1 2 0)
Hop 3: [1348-1338] 1402 (7 0 14 2 0) -> 1530 (7 2 14 2 0)
Hop 4: [1348-1338] 1530 (7 2 14 2 0) -> 1338 (6 2 14 2 0)
Hop 3: [1344-1342] 1406 (7 0 15 2 0) -> 1534 (7 2 15 2 0)
Hop 4: [1344-1342] 1534 (7 2 15 2 0) -> 1342 (6 2 15 2 0)
Hop 1: [1341-1338] 1341 (6 2 15 1 0) -> 1342 (6 2 15 2 0)
Hop 2: [1341-1338] 1342 (6 2 15 2 0) -> 1338 (6 2 14 2 0)
Hop 1: [1338-1318] 1338 (6 2 14 2 0) -> 1318 (6 2 9 2 0)
Hop 1: [1337-1317] 1337 (6 2 14 1 0) -> 1317 (6 2 9 1 0)
Hop 1: [1312-1311] 1312 (6 2 8 0 0) -> 1315 (6 2 8 3 0)
Hop 2: [1312-1311] 1315 (6 2 8 3 0) -> 1311 (6 2 7 3 0)
Hop 1: [1310-1311] 1310 (6 2 7 2 0) -> 1311 (6 2 7 3 0)
Hop 1: [1303-1310] 1303 (6 2 5 3 0) -> 1302 (6 2 5 2 0)
Hop 2: [1303-1310] 1302 (6 2 5 2 0) -> 1310 (6 2 7 2 0)
Hop 1: [1291-1306] 1291 (6 2 2 3 0) -> 1290 (6 2 2 2 0)
Hop 2: [1291-1306] 1290 (6 2 2 2 0) -> 1306 (6 2 6 2 0)
Hop 1: [1281-1285] 1281 (6 2 0 1 0) -> 1285 (6 2 1 1 0)
Hop 1: [1282-1284] 1282 (6 2 0 2 0) -> 1280 (6 2 0 0 0)
Hop 2: [1282-1284] 1280 (6 2 0 0 0) -> 1284 (6 2 1 0 0)
Hop 1: [1284-1305] 1284 (6 2 1 0 0) -> 1285 (6 2 1 1 0)
Hop 2: [1284-1305] 1285 (6 2 1 1 0) -> 1305 (6 2 6 1 0)
Hop 1: [1290-1284] 1290 (6 2 2 2 0) -> 1288 (6 2 2 0 0)
Hop 2: [1290-1284] 1288 (6 2 2 0 0) -> 1284 (6 2 1 0 0)
Hop 1: [1301-1322] 1301 (6 2 5 1 0) -> 1302 (6 2 5 2 0)
Hop 2: [1301-1322] 1302 (6 2 5 2 0) -> 1322 (6 2 10 2 0)
Hop 1: [1309-1311] 1309 (6 2 7 1 0) -> 1311 (6 2 7 3 0)
Hop 1: [1311-1315] 1311 (6 2 7 3 0) -> 1315 (6 2 8 3 0)
Hop 1: [1318-1310] 1318 (6 2 9 2 0) -> 1310 (6 2 7 2 0)
Hop 1: [1320-1319] 1320 (6 2 10 0 0) -> 1323 (6 2 10 3 0)
Hop 2: [1320-1319] 1323 (6 2 10 3 0) -> 1319 (6 2 9 3 0)
Hop 1: [1329-1326] 1329 (6 2 12 1 0) -> 1330 (6 2 12 2 0)
Hop 2: [1329-1326] 1330 (6 2 12 2 0) -> 1326 (6 2 11 2 0)
Hop 1: [1335-1334] 1335 (6 2 13 3 0) -> 1334 (6 2 13 2 0)
Hop 1: [1345-1319] 1345 (7 0 0 1 0) -> 1347 (7 0 0 3 0)
Hop 2: [1345-1319] 1347 (7 0 0 3 0) -> 1383 (7 0 9 3 0)
Hop 1: [1346-1328] 1346 (7 0 0 2 0) -> 1344 (7 0 0 0 0)
Hop 2: [1346-1328] 1344 (7 0 0 0 0) -> 1392 (7 0 12 0 0)
Hop 1: [1350-1345] 1350 (7 0 1 2 0) -> 1349 (7 0 1 1 0)
Hop 2: [1350-1345] 1349 (7 0 1 1 0) -> 1345 (7 0 0 1 0)
Hop 3: [1346-1328] 1392 (7 0 12 0 0) -> 1520 (7 2 12 0 0)
Hop 4: [1346-1328] 1520 (7 2 12 0 0) -> 1328 (6 2 12 0 0)
Hop 3: [1345-1319] 1383 (7 0 9 3 0) -> 1511 (7 2 9 3 0)
Hop 4: [1345-1319] 1511 (7 2 9 3 0) -> 1319 (6 2 9 3 0)
Hop 1: [1343-1339] 1343 (6 2 15 3 0) -> 1339 (6 2 14 3 0)
Hop 1: [1340-1319] 1340 (6 2 15 0 0) -> 1343 (6 2 15 3 0)
Hop 2: [1340-1319] 1343 (6 2 15 3 0) -> 1319 (6 2 9 3 0)
Hop 1: [1328-1327] 1328 (6 2 12 0 0) -> 1331 (6 2 12 3 0)
Hop 2: [1328-1327] 1331 (6 2 12 3 0) -> 1327 (6 2 11 3 0)
Hop 1: [1327-1333] 1327 (6 2 11 3 0) -> 1325 (6 2 11 1 0)
Hop 2: [1327-1333] 1325 (6 2 11 1 0) -> 1333 (6 2 13 1 0)
Hop 1: [1325-1328] 1325 (6 2 11 1 0) -> 1324 (6 2 11 0 0)
Hop 2: [1325-1328] 1324 (6 2 11 0 0) -> 1328 (6 2 12 0 0)
Hop 1: [1319-1315] 1319 (6 2 9 3 0) -> 1315 (6 2 8 3 0)
Hop 1: [1315-1310] 1315 (6 2 8 3 0) -> 1314 (6 2 8 2 0)
Hop 2: [1315-1310] 1314 (6 2 8 2 0) -> 1310 (6 2 7 2 0)
Hop 1: [1308-1312] 1308 (6 2 7 0 0) -> 1312 (6 2 8 0 0)
Hop 1: [1304-1314] 1304 (6 2 6 0 0) -> 1306 (6 2 6 2 0)
Hop 2: [1304-1314] 1306 (6 2 6 2 0) -> 1314 (6 2 8 2 0)
Hop 1: [1286-1283] 1286 (6 2 1 2 0) -> 1287 (6 2 1 3 0)
Hop 2: [1286-1283] 1287 (6 2 1 3 0) -> 1283 (6 2 0 3 0)
Hop 1: [1285-1325] 1285 (6 2 1 1 0) -> 1325 (6 2 11 1 0)
Hop 1: [1281-1286] 1281 (6 2 0 1 0) -> 1282 (6 2 0 2 0)
Hop 2: [1281-1286] 1282 (6 2 0 2 0) -> 1286 (6 2 1 2 0)
Hop 1: [1287-1305] 1287 (6 2 1 3 0) -> 1285 (6 2 1 1 0)
Hop 2: [1287-1305] 1285 (6 2 1 1 0) -> 1305 (6 2 6 1 0)
Hop 1: [1288-1304] 1288 (6 2 2 0 0) -> 1304 (6 2 6 0 0)
Hop 1: [1305-1311] 1305 (6 2 6 1 0) -> 1307 (6 2 6 3 0)
Hop 2: [1305-1311] 1307 (6 2 6 3 0) -> 1311 (6 2 7 3 0)
Hop 1: [1306-1309] 1306 (6 2 6 2 0) -> 1305 (6 2 6 1 0)
Hop 2: [1306-1309] 1305 (6 2 6 1 0) -> 1309 (6 2 7 1 0)
Hop 1: [1314-1308] 1314 (6 2 8 2 0) -> 1312 (6 2 8 0 0)
Hop 2: [1314-1308] 1312 (6 2 8 0 0) -> 1308 (6 2 7 0 0)
Hop 1: [1317-1309] 1317 (6 2 9 1 0) -> 1309 (6 2 7 1 0)
Hop 1: [1323-1325] 1323 (6 2 10 3 0) -> 1321 (6 2 10 1 0)
Hop 2: [1323-1325] 1321 (6 2 10 1 0) -> 1325 (6 2 11 1 0)
Hop 1: [1324-1284] 1324 (6 2 11 0 0) -> 1284 (6 2 1 0 0)
Hop 1: [1326-1328] 1326 (6 2 11 2 0) -> 1324 (6 2 11 0 0)
Hop 2: [1326-1328] 1324 (6 2 11 0 0) -> 1328 (6 2 12 0 0)
Hop 1: [1332-1323] 1332 (6 2 13 0 0) -> 1335 (6 2 13 3 0)
Hop 2: [1332-1323] 1335 (6 2 13 3 0) -> 1323 (6 2 10 3 0)
Hop 1: [1334-1333] 1334 (6 2 13 2 0) -> 1333 (6 2 13 1 0)
Hop 1: [1339-1338] 1339 (6 2 14 3 0) -> 1338 (6 2 14 2 0)
Hop 1: [1351-1346] 1351 (7 0 1 3 0) -> 1350 (7 0 1 2 0)
Hop 2: [1351-1346] 1350 (7 0 1 2 0) -> 1346 (7 0 0 2 0)
Hop 1: [1352-1351] 1352 (7 0 2 0 0) -> 1355 (7 0 2 3 0)
Hop 2: [1352-1351] 1355 (7 0 2 3 0) -> 1351 (7 0 1 3 0)
Hop 1: [1343-1340] 1343 (6 2 15 3 0) -> 1340 (6 2 15 0 0)
Hop 1: [1336-1334] 1336 (6 2 14 0 0) -> 1338 (6 2 14 2 0)
Hop 2: [1336-1334] 1338 (6 2 14 2 0) -> 1334 (6 2 13 2 0)
Hop 1: [1333-1330] 1333 (6 2 13 1 0) -> 1334 (6 2 13 2 0)
Hop 2: [1333-1330] 1334 (6 2 13 2 0) -> 1330 (6 2 12 2 0)
Hop 1: [1331-1323] 1331 (6 2 12 3 0) -> 1323 (6 2 10 3 0)
Hop 1: [1322-1324] 1322 (6 2 10 2 0) -> 1320 (6 2 10 0 0)
Hop 2: [1322-1324] 1320 (6 2 10 0 0) -> 1324 (6 2 11 0 0)
Hop 1: [1321-1329] 1321 (6 2 10 1 0) -> 1329 (6 2 12 1 0)
Hop 1: [1316-1315] 1316 (6 2 9 0 0) -> 1319 (6 2 9 3 0)
Hop 2: [1316-1315] 1319 (6 2 9 3 0) -> 1315 (6 2 8 3 0)
Hop 1: [1313-1306] 1313 (6 2 8 1 0) -> 1314 (6 2 8 2 0)
Hop 2: [1313-1306] 1314 (6 2 8 2 0) -> 1306 (6 2 6 2 0)
Hop 1: [1307-1311] 1307 (6 2 6 3 0) -> 1311 (6 2 7 3 0)
Hop 1: [1300-1316] 1300 (6 2 5 0 0) -> 1316 (6 2 9 0 0)
Hop 1: [1289-1313] 1289 (6 2 2 1 0) -> 1313 (6 2 8 1 0)
Hop 1: [1283-1309] 1283 (6 2 0 3 0) -> 1281 (6 2 0 1 0)
Hop 2: [1283-1309] 1281 (6 2 0 1 0) -> 1309 (6 2 7 1 0)
Hop 1: [1291-1283] 1291 (6 2 2 3 0) -> 1283 (6 2 0 3 0)
Hop 1: [1302-1322] 1302 (6 2 5 2 0) -> 1322 (6 2 10 2 0)
Hop 1: [1309-1312] 1309 (6 2 7 1 0) -> 1308 (6 2 7 0 0)
Hop 2: [1309-1312] 1308 (6 2 7 0 0) -> 1312 (6 2 8 0 0)
Hop 1: [1312-1315] 1312 (6 2 8 0 0) -> 1315 (6 2 8 3 0)
Hop 1: [1330-1326] 1330 (6 2 12 2 0) -> 1326 (6 2 11 2 0)
Hop 1: [1335-1336] 1335 (6 2 13 3 0) -> 1332 (6 2 13 0 0)
Hop 2: [1335-1336] 1332 (6 2 13 0 0) -> 1336 (6 2 14 0 0)
Hop 1: [1337-1321] 1337 (6 2 14 1 0) -> 1321 (6 2 10 1 0)
Hop 1: [1338-1319] 1338 (6 2 14 2 0) -> 1339 (6 2 14 3 0)
Hop 2: [1338-1319] 1339 (6 2 14 3 0) -> 1319 (6 2 9 3 0)
Hop 1: [1341-1342] 1341 (6 2 15 1 0) -> 1342 (6 2 15 2 0)
Hop 1: [1347-1331] 1347 (7 0 0 3 0) -> 1395 (7 0 12 3 0)
Hop 2: [1347-1331] 1395 (7 0 12 3 0) -> 1523 (7 2 12 3 0)
Hop 1: [1349-1341] 1349 (7 0 1 1 0) -> 1405 (7 0 15 1 0)
Hop 2: [1349-1341] 1405 (7 0 15 1 0) -> 1533 (7 2 15 1 0)
Hop 1: [1350-1346] 1350 (7 0 1 2 0) -> 1346 (7 0 0 2 0)
Hop 3: [1349-1341] 1533 (7 2 15 1 0) -> 1341 (6 2 15 1 0)
Hop 3: [1347-1331] 1523 (7 2 12 3 0) -> 1331 (6 2 12 3 0)
Hop 1: [1342-1335] 1342 (6 2 15 2 0) -> 1343 (6 2 15 3 0)
Hop 2: [1342-1335] 1343 (6 2 15 3 0) -> 1335 (6 2 13 3 0)
Hop 1: [1329-1330] 1329 (6 2 12 1 0) -> 1330 (6 2 12 2 0)
Hop 1: [1318-1311] 1318 (6 2 9 2 0) -> 1319 (6 2 9 3 0)
Hop 2: [1318-1311] 1319 (6 2 9 3 0) -> 1311 (6 2 7 3 0)
Hop 1: [1315-1311] 1315 (6 2 8 3 0) -> 1311 (6 2 7 3 0)
Hop 1: [1310-1312] 1310 (6 2 7 2 0) -> 1308 (6 2 7 0 0)
Hop 2: [1310-1312] 1308 (6 2 7 0 0) -> 1312 (6 2 8 0 0)
Hop 1: [1308-1313] 1308 (6 2 7 0 0) -> 1309 (6 2 7 1 0)
Hop 2: [1308-1313] 1309 (6 2 7 1 0) -> 1313 (6 2 8 1 0)
Hop 1: [1303-1313] 1303 (6 2 5 3 0) -> 1301 (6 2 5 1 0)
Hop 2: [1303-1313] 1301 (6 2 5 1 0) -> 1313 (6 2 8 1 0)
Hop 1: [1301-1324] 1301 (6 2 5 1 0) -> 1300 (6 2 5 0 0)
Hop 2: [1301-1324] 1300 (6 2 5 0 0) -> 1324 (6 2 11 0 0)
Hop 1: [1290-1330] 1290 (6 2 2 2 0) -> 1330 (6 2 12 2 0)
Hop 1: [1284-1306] 1284 (6 2 1 0 0) -> 1286 (6 2 1 2 0)
Hop 2: [1284-1306] 1286 (6 2 1 2 0) -> 1306 (6 2 6 2 0)
Hop 1: [1282-1322] 1282 (6 2 0 2 0) -> 1322 (6 2 10 2 0)
Hop 1: [1281-1287] 1281 (6 2 0 1 0) -> 1283 (6 2 0 3 0)
Hop 2: [1281-1287] 1283 (6 2 0 3 0) -> 1287 (6 2 1 3 0)
Hop 1: [1285-1286] 1285 (6 2 1 1 0) -> 1286 (6 2 1 2 0)
Hop 1: [1311-1317] 1311 (6 2 7 3 0) -> 1309 (6 2 7 1 0)
Hop 2: [1311-1317] 1309 (6 2 7 1 0) -> 1317 (6 2 9 1 0)
Hop 1: [1319-1316] 1319 (6 2 9 3 0) -> 1316 (6 2 9 0 0)
Hop 1: [1320-1340] 1320 (6 2 10 0 0) -> 1340 (6 2 15 0 0)
Hop 1: [1328-1331] 1328 (6 2 12 0 0) -> 1331 (6 2 12 3 0)
Hop 1: [1340-1320] 1340 (6 2 15 0 0) -> 1320 (6 2 10 0 0)
Hop 1: [1344-1343] 1344 (7 0 0 0 0) -> 1347 (7 0 0 3 0)
Hop 2: [1344-1343] 1347 (7 0 0 3 0) -> 1407 (7 0 15 3 0)
Hop 1: [1348-1340] 1348 (7 0 1 0 0) -> 1404 (7 0 15 0 0)
Hop 2: [1348-1340] 1404 (7 0 15 0 0) -> 1532 (7 2 15 0 0)
Hop 3: [1348-1340] 1532 (7 2 15 0 0) -> 1340 (6 2 15 0 0)
Hop 1: [1351-1347] 1351 (7 0 1 3 0) -> 1347 (7 0 0 3 0)
Hop 3: [1344-1343] 1407 (7 0 15 3 0) -> 1535 (7 2 15 3 0)
Hop 4: [1344-1343] 1535 (7 2 15 3 0) -> 1343 (6 2 15 3 0)
Hop 1: [1343-1341] 1343 (6 2 15 3 0) -> 1341 (6 2 15 1 0)
Hop 1: [1339-1340] 1339 (6 2 14 3 0) -> 1336 (6 2 14 0 0)
Hop 2: [1339-1340] 1336 (6 2 14 0 0) -> 1340 (6 2 15 0 0)
Hop 1: [1334-1335] 1334 (6 2 13 2 0) -> 1335 (6 2 13 3 0)
Hop 1: [1332-1324] 1332 (6 2 13 0 0) -> 1324 (6 2 11 0 0)
Hop 1: [1327-1335] 1327 (6 2 11 3 0) -> 1335 (6 2 13 3 0)
Hop 1: [1325-1285] 1325 (6 2 11 1 0) -> 1285 (6 2 1 1 0)
Hop 1: [1323-1326] 1323 (6 2 10 3 0) -> 1322 (6 2 10 2 0)
Hop 2: [1323-1326] 1322 (6 2 10 2 0) -> 1326 (6 2 11 2 0)
Hop 1: [1314-1310] 1314 (6 2 8 2 0) -> 1310 (6 2 7 2 0)
Hop 1: [1306-1310] 1306 (6 2 6 2 0) -> 1310 (6 2 7 2 0)
Hop 1: [1304-1317] 1304 (6 2 6 0 0) -> 1305 (6 2 6 1 0)
Hop 2: [1304-1317] 1305 (6 2 6 1 0) -> 1317 (6 2 9 1 0)
Hop 1: [1288-1305] 1288 (6 2 2 0 0) -> 1289 (6 2 2 1 0)
Hop 2: [1288-1305] 1289 (6 2 2 1 0) -> 1305 (6 2 6 1 0)
Hop 1: [1286-1310] 1286 (6 2 1 2 0) -> 1310 (6 2 7 2 0)
Hop 1: [1283-1284] 1283 (6 2 0 3 0) -> 1280 (6 2 0 0 0)
Hop 2: [1283-1284] 1280 (6 2 0 0 0) -> 1284 (6 2 1 0 0)
Hop 1: [1287-1306] 1287 (6 2 1 3 0) -> 1286 (6 2 1 2 0)
Hop 2: [1287-1306] 1286 (6 2 1 2 0) -> 1306 (6 2 6 2 0)
Hop 1: [1289-1284] 1289 (6 2 2 1 0) -> 1288 (6 2 2 0 0)
Hop 2: [1289-1284] 1288 (6 2 2 0 0) -> 1284 (6 2 1 0 0)
Hop 1: [1305-1313] 1305 (6 2 6 1 0) -> 1313 (6 2 8 1 0)
Hop 1: [1307-1312] 1307 (6 2 6 3 0) -> 1304 (6 2 6 0 0)
Hop 2: [1307-1312] 1304 (6 2 6 0 0) -> 1312 (6 2 8 0 0)
Hop 1: [1309-1317] 1309 (6 2 7 1 0) -> 1317 (6 2 9 1 0)
Hop 1: [1313-1308] 1313 (6 2 8 1 0) -> 1312 (6 2 8 0 0)
Hop 2: [1313-1308] 1312 (6 2 8 0 0) -> 1308 (6 2 7 0 0)
Hop 1: [1317-1310] 1317 (6 2 9 1 0) -> 1318 (6 2 9 2 0)
Hop 2: [1317-1310] 1318 (6 2 9 2 0) -> 1310 (6 2 7 2 0)
Hop 1: [1322-1325] 1322 (6 2 10 2 0) -> 1321 (6 2 10 1 0)
Hop 2: [1322-1325] 1321 (6 2 10 1 0) -> 1325 (6 2 11 1 0)
Hop 1: [1324-1322] 1324 (6 2 11 0 0) -> 1326 (6 2 11 2 0)
Hop 2: [1324-1322] 1326 (6 2 11 2 0) -> 1322 (6 2 10 2 0)
Hop 1: [1326-1329] 1326 (6 2 11 2 0) -> 1325 (6 2 11 1 0)
Hop 2: [1326-1329] 1325 (6 2 11 1 0) -> 1329 (6 2 12 1 0)
Hop 1: [1333-1331] 1333 (6 2 13 1 0) -> 1335 (6 2 13 3 0)
Hop 2: [1333-1331] 1335 (6 2 13 3 0) -> 1331 (6 2 12 3 0)
Hop 1: [1345-1320] 1345 (7 0 0 1 0) -> 1344 (7 0 0 0 0)
Hop 2: [1345-1320] 1344 (7 0 0 0 0) -> 1384 (7 0 10 0 0)
Hop 1: [1346-1330] 1346 (7 0 0 2 0) -> 1394 (7 0 12 2 0)
Hop 2: [1346-1330] 1394 (7 0 12 2 0) -> 1522 (7 2 12 2 0)
Hop 1: [1350-1347] 1350 (7 0 1 2 0) -> 1351 (7 0 1 3 0)
Hop 2: [1350-1347] 1351 (7 0 1 3 0) -> 1347 (7 0 0 3 0)
Hop 3: [1346-1330] 1522 (7 2 12 2 0) -> 1330 (6 2 12 2 0)
Hop 3: [1345-1320] 1384 (7 0 10 0 0) -> 1512 (7 2 10 0 0)
Hop 4: [1345-1320] 1512 (7 2 10 0 0) -> 1320 (6 2 10 0 0)
Hop 1: [1342-1337] 1342 (6 2 15 2 0) -> 1341 (6 2 15 1 0)
Hop 2: [1342-1337] 1341 (6 2 15 1 0) -> 1337 (6 2 14 1 0)
Hop 1: [1341-1343] 1341 (6 2 15 1 0) -> 1343 (6 2 15 3 0)
Hop 1: [1338-1322] 1338 (6 2 14 2 0) -> 1322 (6 2 10 2 0)
Hop 1: [1336-1335] 1336 (6 2 14 0 0) -> 1339 (6 2 14 3 0)
Hop 2: [1336-1335] 1339 (6 2 14 3 0) -> 1335 (6 2 13 3 0)
Hop 1: [1335-1342] 1335 (6 2 13 3 0) -> 1334 (6 2 13 2 0)
Hop 2: [1335-1342] 1334 (6 2 13 2 0) -> 1342 (6 2 15 2 0)
Hop 1: [1331-1324] 1331 (6 2 12 3 0) -> 1328 (6 2 12 0 0)
Hop 2: [1331-1324] 1328 (6 2 12 0 0) -> 1324 (6 2 11 0 0)
Hop 1: [1329-1331] 1329 (6 2 12 1 0) -> 1331 (6 2 12 3 0)
Hop 1: [1321-1337] 1321 (6 2 10 1 0) -> 1337 (6 2 14 1 0)
Hop 1: [1316-1318] 1316 (6 2 9 0 0) -> 1318 (6 2 9 2 0)
Hop 1: [1315-1312] 1315 (6 2 8 3 0) -> 1312 (6 2 8 0 0)
Hop 1: [1312-1316] 1312 (6 2 8 0 0) -> 1316 (6 2 9 0 0)
Hop 1: [1308-1314] 1308 (6 2 7 0 0) -> 1310 (6 2 7 2 0)
Hop 1: [1300-1284] 1300 (6 2 5 0 0) -> 1284 (6 2 1 0 0)
Hop 1: [1281-1288] 1281 (6 2 0 1 0) -> 1280 (6 2 0 0 0)
Hop 2: [1281-1288] 1280 (6 2 0 0 0) -> 1288 (6 2 2 0 0)
Hop 1: [1282-1285] 1282 (6 2 0 2 0) -> 1281 (6 2 0 1 0)
Hop 1: [1284-1308] 1284 (6 2 1 0 0) -> 1308 (6 2 7 0 0)
Hop 1: [1291-1313] 1291 (6 2 2 3 0) -> 1289 (6 2 2 1 0)
Hop 2: [1291-1313] 1289 (6 2 2 1 0) -> 1313 (6 2 8 1 0)
Hop 1: [1301-1285] 1301 (6 2 5 1 0) -> 1285 (6 2 1 1 0)
Hop 1: [1302-1329] 1302 (6 2 5 2 0) -> 1301 (6 2 5 1 0)
Hop 2: [1302-1329] 1301 (6 2 5 1 0) -> 1329 (6 2 12 1 0)
Hop 1: [1310-1313] 1310 (6 2 7 2 0) -> 1309 (6 2 7 1 0)
Hop 2: [1310-1313] 1309 (6 2 7 1 0) -> 1313 (6 2 8 1 0)
Hop 1: [1330-1329] 1330 (6 2 12 2 0) -> 1329 (6 2 12 1 0)
Hop 1: [1337-1323] 1337 (6 2 14 1 0) -> 1339 (6 2 14 3 0)
Hop 2: [1337-1323] 1339 (6 2 14 3 0) -> 1323 (6 2 10 3 0)
Hop 1: [1351-1348] 1351 (7 0 1 3 0) -> 1348 (7 0 1 0 0)
Hop 1: [1349-1342] 1349 (7 0 1 1 0) -> 1350 (7 0 1 2 0)
Hop 2: [1349-1342] 1350 (7 0 1 2 0) -> 1406 (7 0 15 2 0)
Hop 1: [1343-1342] 1343 (6 2 15 3 0) -> 1342 (6 2 15 2 0)
Hop 1: [1340-1324] 1340 (6 2 15 0 0) -> 1324 (6 2 11 0 0)
Hop 1: [1328-1332] 1328 (6 2 12 0 0) -> 1332 (6 2 13 0 0)
Hop 1: [1319-1317] 1319 (6 2 9 3 0) -> 1317 (6 2 9 1 0)
Hop 1: [1314-1313] 1314 (6 2 8 2 0) -> 1313 (6 2 8 1 0)
Hop 1: [1311-1318] 1311 (6 2 7 3 0) -> 1310 (6 2 7 2 0)
Hop 2: [1311-1318] 1310 (6 2 7 2 0) -> 1318 (6 2 9 2 0)
Hop 2: [1308-1314] 1310 (6 2 7 2 0) -> 1314 (6 2 8 2 0)
Hop 1: [1303-1314] 1303 (6 2 5 3 0) -> 1302 (6 2 5 2 0)
Hop 2: [1303-1314] 1302 (6 2 5 2 0) -> 1314 (6 2 8 2 0)
Hop 1: [1290-1286] 1290 (6 2 2 2 0) -> 1286 (6 2 1 2 0)
Hop 1: [1285-1287] 1285 (6 2 1 1 0) -> 1287 (6 2 1 3 0)
Hop 2: [1282-1285] 1281 (6 2 0 1 0) -> 1285 (6 2 1 1 0)
Hop 1: [1286-1321] 1286 (6 2 1 2 0) -> 1285 (6 2 1 1 0)
Hop 2: [1286-1321] 1285 (6 2 1 1 0) -> 1321 (6 2 10 1 0)
Hop 1: [1318-1312] 1318 (6 2 9 2 0) -> 1316 (6 2 9 0 0)
Hop 2: [1318-1312] 1316 (6 2 9 0 0) -> 1312 (6 2 8 0 0)
Hop 1: [1320-1345] 1320 (6 2 10 0 0) -> 1321 (6 2 10 1 0)
Hop 2: [1320-1345] 1321 (6 2 10 1 0) -> 1281 (6 2 0 1 0)
Hop 1: [1323-1327] 1323 (6 2 10 3 0) -> 1327 (6 2 11 3 0)
Hop 1: [1325-1329] 1325 (6 2 11 1 0) -> 1329 (6 2 12 1 0)
Hop 1: [1332-1326] 1332 (6 2 13 0 0) -> 1334 (6 2 13 2 0)
Hop 2: [1332-1326] 1334 (6 2 13 2 0) -> 1326 (6 2 11 2 0)
Hop 1: [1334-1336] 1334 (6 2 13 2 0) -> 1332 (6 2 13 0 0)
Hop 2: [1334-1336] 1332 (6 2 13 0 0) -> 1336 (6 2 14 0 0)
Hop 1: [1339-1343] 1339 (6 2 14 3 0) -> 1343 (6 2 15 3 0)
Hop 1: [1347-1338] 1347 (7 0 0 3 0) -> 1346 (7 0 0 2 0)
Hop 2: [1347-1338] 1346 (7 0 0 2 0) -> 1402 (7 0 14 2 0)
Hop 3: [1349-1342] 1406 (7 0 15 2 0) -> 1534 (7 2 15 2 0)
Hop 4: [1349-1342] 1534 (7 2 15 2 0) -> 1342 (6 2 15 2 0)
Hop 1: [1350-1348] 1350 (7 0 1 2 0) -> 1348 (7 0 1 0 0)
Hop 1: [1348-1344] 1348 (7 0 1 0 0) -> 1344 (7 0 0 0 0)
Hop 3: [1347-1338] 1402 (7 0 14 2 0) -> 1530 (7 2 14 2 0)
Hop 4: [1347-1338] 1530 (7 2 14 2 0) -> 1338 (6 2 14 2 0)
Hop 1: [1344-1345] 1344 (7 0 0 0 0) -> 1345 (7 0 0 1 0)
Hop 1: [1342-1338] 1342 (6 2 15 2 0) -> 1338 (6 2 14 2 0)
Hop 1: [1341-1345] 1341 (6 2 15 1 0) -> 1281 (6 2 0 1 0)
Hop 2: [1341-1345] 1281 (6 2 0 1 0) -> 1153 (6 0 0 1 0)
Hop 1: [1333-1332] 1333 (6 2 13 1 0) -> 1332 (6 2 13 0 0)
Hop 1: [1329-1332] 1329 (6 2 12 1 0) -> 1328 (6 2 12 0 0)
Hop 2: [1329-1332] 1328 (6 2 12 0 0) -> 1332 (6 2 13 0 0)
Hop 1: [1327-1341] 1327 (6 2 11 3 0) -> 1325 (6 2 11 1 0)
Hop 2: [1327-1341] 1325 (6 2 11 1 0) -> 1341 (6 2 15 1 0)
Hop 1: [1324-1323] 1324 (6 2 11 0 0) -> 1327 (6 2 11 3 0)
Hop 2: [1324-1323] 1327 (6 2 11 3 0) -> 1323 (6 2 10 3 0)
Hop 1: [1322-1326] 1322 (6 2 10 2 0) -> 1326 (6 2 11 2 0)
Hop 3: [1320-1345] 1281 (6 2 0 1 0) -> 1153 (6 0 0 1 0)
Hop 4: [1320-1345] 1153 (6 0 0 1 0) -> 1345 (7 0 0 1 0)
Hop 1: [1315-1313] 1315 (6 2 8 3 0) -> 1313 (6 2 8 1 0)
Hop 1: [1313-1310] 1313 (6 2 8 1 0) -> 1314 (6 2 8 2 0)
Hop 2: [1313-1310] 1314 (6 2 8 2 0) -> 1310 (6 2 7 2 0)
Hop 1: [1306-1313] 1306 (6 2 6 2 0) -> 1305 (6 2 6 1 0)
Hop 2: [1306-1313] 1305 (6 2 6 1 0) -> 1313 (6 2 8 1 0)
Hop 1: [1304-1318] 1304 (6 2 6 0 0) -> 1306 (6 2 6 2 0)
Hop 2: [1304-1318] 1306 (6 2 6 2 0) -> 1318 (6 2 9 2 0)
Hop 1: [1288-1306] 1288 (6 2 2 0 0) -> 1290 (6 2 2 2 0)
Hop 2: [1288-1306] 1290 (6 2 2 2 0) -> 1306 (6 2 6 2 0)
Hop 1: [1287-1283] 1287 (6 2 1 3 0) -> 1283 (6 2 0 3 0)
Hop 1: [1283-1323] 1283 (6 2 0 3 0) -> 1323 (6 2 10 3 0)
Hop 1: [1281-1289] 1281 (6 2 0 1 0) -> 1289 (6 2 2 1 0)
Hop 1: [1289-1329] 1289 (6 2 2 1 0) -> 1329 (6 2 12 1 0)
Hop 1: [1300-1332] 1300 (6 2 5 0 0) -> 1332 (6 2 13 0 0)
Hop 1: [1305-1315] 1305 (6 2 6 1 0) -> 1307 (6 2 6 3 0)
Hop 2: [1305-1315] 1307 (6 2 6 3 0) -> 1315 (6 2 8 3 0)
Hop 1: [1307-1315] 1307 (6 2 6 3 0) -> 1315 (6 2 8 3 0)
Hop 1: [1312-1317] 1312 (6 2 8 0 0) -> 1313 (6 2 8 1 0)
Hop 2: [1312-1317] 1313 (6 2 8 1 0) -> 1317 (6 2 9 1 0)
Hop 1: [1317-1311] 1317 (6 2 9 1 0) -> 1319 (6 2 9 3 0)
Hop 2: [1317-1311] 1319 (6 2 9 3 0) -> 1311 (6 2 7 3 0)
Hop 1: [1321-1286] 1321 (6 2 10 1 0) -> 1322 (6 2 10 2 0)
Hop 2: [1321-1286] 1322 (6 2 10 2 0) -> 1286 (6 2 1 2 0)
Hop 1: [1326-1330] 1326 (6 2 11 2 0) -> 1330 (6 2 12 2 0)
Hop 1: [1345-1324] 1345 (7 0 0 1 0) -> 1344 (7 0 0 0 0)
Hop 2: [1345-1324] 1344 (7 0 0 0 0) -> 1388 (7 0 11 0 0)
Hop 1: [1351-1349] 1351 (7 0 1 3 0) -> 1349 (7 0 1 1 0)
Hop 3: [1345-1324] 1388 (7 0 11 0 0) -> 1516 (7 2 11 0 0)
Hop 4: [1345-1324] 1516 (7 2 11 0 0) -> 1324 (6 2 11 0 0)
Hop 1: [1343-1344] 1343 (6 2 15 3 0) -> 1340 (6 2 15 0 0)
Hop 2: [1343-1344] 1340 (6 2 15 0 0) -> 1280 (6 2 0 0 0)
Hop 3: [1341-1345] 1153 (6 0 0 1 0) -> 1345 (7 0 0 1 0)
Hop 1: [1338-1324] 1338 (6 2 14 2 0) -> 1336 (6 2 14 0 0)
Hop 2: [1338-1324] 1336 (6 2 14 0 0) -> 1324 (6 2 11 0 0)
Hop 1: [1336-1345] 1336 (6 2 14 0 0) -> 1337 (6 2 14 1 0)
Hop 2: [1336-1345] 1337 (6 2 14 1 0) -> 1281 (6 2 0 1 0)
Hop 1: [1335-1345] 1335 (6 2 13 3 0) -> 1333 (6 2 13 1 0)
Hop 2: [1335-1345] 1333 (6 2 13 1 0) -> 1281 (6 2 0 1 0)
Hop 1: [1331-1326] 1331 (6 2 12 3 0) -> 1330 (6 2 12 2 0)
Hop 2: [1331-1326] 1330 (6 2 12 2 0) -> 1326 (6 2 11 2 0)
Hop 1: [1328-1333] 1328 (6 2 12 0 0) -> 1329 (6 2 12 1 0)
Hop 2: [1328-1333] 1329 (6 2 12 1 0) -> 1333 (6 2 13 1 0)
Hop 1: [1319-1318] 1319 (6 2 9 3 0) -> 1318 (6 2 9 2 0)
Hop 1: [1316-1319] 1316 (6 2 9 0 0) -> 1319 (6 2 9 3 0)
Hop 1: [1314-1315] 1314 (6 2 8 2 0) -> 1315 (6 2 8 3 0)
Hop 1: [1309-1318] 1309 (6 2 7 1 0) -> 1310 (6 2 7 2 0)
Hop 2: [1309-1318] 1310 (6 2 7 2 0) -> 1318 (6 2 9 2 0)
Hop 1: [1301-1329] 1301 (6 2 5 1 0) -> 1329 (6 2 12 1 0)
Hop 1: [1284-1283] 1284 (6 2 1 0 0) -> 1287 (6 2 1 3 0)
Hop 2: [1284-1283] 1287 (6 2 1 3 0) -> 1283 (6 2 0 3 0)
Hop 1: [1282-1286] 1282 (6 2 0 2 0) -> 1286 (6 2 1 2 0)
Hop 1: [1285-1288] 1285 (6 2 1 1 0) -> 1284 (6 2 1 0 0)
Hop 2: [1285-1288] 1284 (6 2 1 0 0) -> 1288 (6 2 2 0 0)
Hop 1: [1291-1314] 1291 (6 2 2 3 0) -> 1290 (6 2 2 2 0)
Hop 2: [1291-1314] 1290 (6 2 2 2 0) -> 1314 (6 2 8 2 0)
Hop 1: [1302-1330] 1302 (6 2 5 2 0) -> 1330 (6 2 12 2 0)
Hop 1: [1310-1314] 1310 (6 2 7 2 0) -> 1314 (6 2 8 2 0)
Hop 1: [1318-1314] 1318 (6 2 9 2 0) -> 1314 (6 2 8 2 0)
Hop 1: [1330-1331] 1330 (6 2 12 2 0) -> 1331 (6 2 12 3 0)
Hop 3: [1335-1345] 1281 (6 2 0 1 0) -> 1153 (6 0 0 1 0)
Hop 4: [1335-1345] 1153 (6 0 0 1 0) -> 1345 (7 0 0 1 0)
Hop 3: [1336-1345] 1281 (6 2 0 1 0) -> 1153 (6 0 0 1 0)
Hop 4: [1336-1345] 1153 (6 0 0 1 0) -> 1345 (7 0 0 1 0)
Hop 3: [1343-1344] 1280 (6 2 0 0 0) -> 1152 (6 0 0 0 0)
Hop 4: [1343-1344] 1152 (6 0 0 0 0) -> 1344 (7 0 0 0 0)
Hop 1: [1346-1332] 1346 (7 0 0 2 0) -> 1344 (7 0 0 0 0)
Hop 2: [1346-1332] 1344 (7 0 0 0 0) -> 1396 (7 0 13 0 0)
Hop 1: [1350-1349] 1350 (7 0 1 2 0) -> 1349 (7 0 1 1 0)
Hop 1: [1349-1343] 1349 (7 0 1 1 0) -> 1351 (7 0 1 3 0)
Hop 2: [1349-1343] 1351 (7 0 1 3 0) -> 1407 (7 0 15 3 0)
Hop 3: [1346-1332] 1396 (7 0 13 0 0) -> 1524 (7 2 13 0 0)
Hop 4: [1346-1332] 1524 (7 2 13 0 0) -> 1332 (6 2 13 0 0)
Hop 1: [1337-1324] 1337 (6 2 14 1 0) -> 1336 (6 2 14 0 0)
Hop 2: [1337-1324] 1336 (6 2 14 0 0) -> 1324 (6 2 11 0 0)
Hop 1: [1332-1328] 1332 (6 2 13 0 0) -> 1328 (6 2 12 0 0)
Hop 1: [1325-1333] 1325 (6 2 11 1 0) -> 1333 (6 2 13 1 0)
Hop 1: [1323-1328] 1323 (6 2 10 3 0) -> 1320 (6 2 10 0 0)
Hop 2: [1323-1328] 1320 (6 2 10 0 0) -> 1328 (6 2 12 0 0)
Hop 1: [1315-1314] 1315 (6 2 8 3 0) -> 1314 (6 2 8 2 0)
Hop 1: [1311-1319] 1311 (6 2 7 3 0) -> 1319 (6 2 9 3 0)
Hop 1: [1303-1317] 1303 (6 2 5 3 0) -> 1301 (6 2 5 1 0)
Hop 2: [1303-1317] 1301 (6 2 5 1 0) -> 1317 (6 2 9 1 0)
Hop 1: [1290-1289] 1290 (6 2 2 2 0) -> 1289 (6 2 2 1 0)
Hop 1: [1283-1285] 1283 (6 2 0 3 0) -> 1281 (6 2 0 1 0)
Hop 2: [1283-1285] 1281 (6 2 0 1 0) -> 1285 (6 2 1 1 0)
Hop 1: [1287-1309] 1287 (6 2 1 3 0) -> 1285 (6 2 1 1 0)
Hop 2: [1287-1309] 1285 (6 2 1 1 0) -> 1309 (6 2 7 1 0)
Hop 1: [1288-1283] 1288 (6 2 2 0 0) -> 1291 (6 2 2 3 0)
Hop 2: [1288-1283] 1291 (6 2 2 3 0) -> 1283 (6 2 0 3 0)
Hop 1: [1308-1315] 1308 (6 2 7 0 0) -> 1311 (6 2 7 3 0)
Hop 2: [1308-1315] 1311 (6 2 7 3 0) -> 1315 (6 2 8 3 0)
Hop 1: [1313-1311] 1313 (6 2 8 1 0) -> 1315 (6 2 8 3 0)
Hop 2: [1313-1311] 1315 (6 2 8 3 0) -> 1311 (6 2 7 3 0)
Hop 1: [1317-1312] 1317 (6 2 9 1 0) -> 1316 (6 2 9 0 0)
Hop 2: [1317-1312] 1316 (6 2 9 0 0) -> 1312 (6 2 8 0 0)
Hop 1: [1322-1328] 1322 (6 2 10 2 0) -> 1320 (6 2 10 0 0)
Hop 2: [1322-1328] 1320 (6 2 10 0 0) -> 1328 (6 2 12 0 0)
Hop 1: [1324-1326] 1324 (6 2 11 0 0) -> 1326 (6 2 11 2 0)
Hop 1: [1329-1333] 1329 (6 2 12 1 0) -> 1333 (6 2 13 1 0)
Hop 1: [1333-1334] 1333 (6 2 13 1 0) -> 1334 (6 2 13 2 0)
Hop 1: [1339-1344] 1339 (6 2 14 3 0) -> 1336 (6 2 14 0 0)
Hop 2: [1339-1344] 1336 (6 2 14 0 0) -> 1280 (6 2 0 0 0)
Hop 1: [1340-1338] 1340 (6 2 15 0 0) -> 1342 (6 2 15 2 0)
Hop 2: [1340-1338] 1342 (6 2 15 2 0) -> 1338 (6 2 14 2 0)
Hop 1: [1342-1340] 1342 (6 2 15 2 0) -> 1340 (6 2 15 0 0)
Hop 1: [1347-1339] 1347 (7 0 0 3 0) -> 1403 (7 0 14 3 0)
Hop 2: [1347-1339] 1403 (7 0 14 3 0) -> 1531 (7 2 14 3 0)
Hop 3: [1349-1343] 1407 (7 0 15 3 0) -> 1535 (7 2 15 3 0)
Hop 4: [1349-1343] 1535 (7 2 15 3 0) -> 1343 (6 2 15 3 0)
Hop 1: [1351-1350] 1351 (7 0 1 3 0) -> 1350 (7 0 1 2 0)
Hop 1: [1348-1345] 1348 (7 0 1 0 0) -> 1349 (7 0 1 1 0)
Hop 2: [1348-1345] 1349 (7 0 1 1 0) -> 1345 (7 0 0 1 0)
Hop 3: [1347-1339] 1531 (7 2 14 3 0) -> 1339 (6 2 14 3 0)
Hop 1: [1341-1349] 1341 (6 2 15 1 0) -> 1285 (6 2 1 1 0)
Hop 2: [1341-1349] 1285 (6 2 1 1 0) -> 1157 (6 0 1 1 0)
Hop 3: [1339-1344] 1280 (6 2 0 0 0) -> 1152 (6 0 0 0 0)
Hop 4: [1339-1344] 1152 (6 0 0 0 0) -> 1344 (7 0 0 0 0)
Hop 1: [1334-1350] 1334 (6 2 13 2 0) -> 1286 (6 2 1 2 0)
Hop 2: [1334-1350] 1286 (6 2 1 2 0) -> 1158 (6 0 1 2 0)
Hop 1: [1327-1343] 1327 (6 2 11 3 0) -> 1343 (6 2 15 3 0)
Hop 1: [1320-1347] 1320 (6 2 10 0 0) -> 1323 (6 2 10 3 0)
Hop 2: [1320-1347] 1323 (6 2 10 3 0) -> 1283 (6 2 0 3 0)
Hop 1: [1314-1316] 1314 (6 2 8 2 0) -> 1312 (6 2 8 0 0)
Hop 2: [1314-1316] 1312 (6 2 8 0 0) -> 1316 (6 2 9 0 0)
Hop 1: [1312-1318] 1312 (6 2 8 0 0) -> 1314 (6 2 8 2 0)
Hop 2: [1312-1318] 1314 (6 2 8 2 0) -> 1318 (6 2 9 2 0)
Hop 1: [1306-1314] 1306 (6 2 6 2 0) -> 1314 (6 2 8 2 0)
Hop 1: [1304-1320] 1304 (6 2 6 0 0) -> 1320 (6 2 10 0 0)
Hop 1: [1289-1286] 1289 (6 2 2 1 0) -> 1290 (6 2 2 2 0)
Hop 2: [1289-1286] 1290 (6 2 2 2 0) -> 1286 (6 2 1 2 0)
Hop 1: [1286-1322] 1286 (6 2 1 2 0) -> 1322 (6 2 10 2 0)
Hop 1: [1284-1310] 1284 (6 2 1 0 0) -> 1286 (6 2 1 2 0)
Hop 2: [1284-1310] 1286 (6 2 1 2 0) -> 1310 (6 2 7 2 0)
Hop 1: [1282-1287] 1282 (6 2 0 2 0) -> 1283 (6 2 0 3 0)
Hop 2: [1282-1287] 1283 (6 2 0 3 0) -> 1287 (6 2 1 3 0)
Hop 1: [1291-1315] 1291 (6 2 2 3 0) -> 1315 (6 2 8 3 0)
Hop 1: [1300-1288] 1300 (6 2 5 0 0) -> 1288 (6 2 2 0 0)
Hop 1: [1305-1317] 1305 (6 2 6 1 0) -> 1317 (6 2 9 1 0)
Hop 1: [1307-1317] 1307 (6 2 6 3 0) -> 1305 (6 2 6 1 0)
Hop 2: [1307-1317] 1305 (6 2 6 1 0) -> 1317 (6 2 9 1 0)
Hop 1: [1309-1323] 1309 (6 2 7 1 0) -> 1311 (6 2 7 3 0)
Hop 2: [1309-1323] 1311 (6 2 7 3 0) -> 1323 (6 2 10 3 0)
Hop 1: [1319-1320] 1319 (6 2 9 3 0) -> 1316 (6 2 9 0 0)
Hop 2: [1319-1320] 1316 (6 2 9 0 0) -> 1320 (6 2 10 0 0)
Hop 3: [1320-1347] 1283 (6 2 0 3 0) -> 1155 (6 0 0 3 0)
Hop 4: [1320-1347] 1155 (6 0 0 3 0) -> 1347 (7 0 0 3 0)
Hop 1: [1326-1331] 1326 (6 2 11 2 0) -> 1327 (6 2 11 3 0)
Hop 2: [1326-1331] 1327 (6 2 11 3 0) -> 1331 (6 2 12 3 0)
Hop 1: [1331-1327] 1331 (6 2 12 3 0) -> 1327 (6 2 11 3 0)
Hop 3: [1334-1350] 1158 (6 0 1 2 0) -> 1350 (7 0 1 2 0)
Hop 3: [1341-1349] 1157 (6 0 1 1 0) -> 1349 (7 0 1 1 0)
Hop 1: [1343-1347] 1343 (6 2 15 3 0) -> 1283 (6 2 0 3 0)
Hop 2: [1343-1347] 1283 (6 2 0 3 0) -> 1155 (6 0 0 3 0)
Hop 1: [1344-1347] 1344 (7 0 0 0 0) -> 1347 (7 0 0 3 0)
Hop 1: [1350-1351] 1350 (7 0 1 2 0) -> 1351 (7 0 1 3 0)
Hop 1: [1345-1329] 1345 (7 0 0 1 0) -> 1393 (7 0 12 1 0)
Hop 2: [1345-1329] 1393 (7 0 12 1 0) -> 1521 (7 2 12 1 0)
Hop 3: [1343-1347] 1155 (6 0 0 3 0) -> 1347 (7 0 0 3 0)
Hop 1: [1335-1346] 1335 (6 2 13 3 0) -> 1334 (6 2 13 2 0)
Hop 2: [1335-1346] 1334 (6 2 13 2 0) -> 1282 (6 2 0 2 0)
Hop 1: [1332-1329] 1332 (6 2 13 0 0) -> 1333 (6 2 13 1 0)
Hop 2: [1332-1329] 1333 (6 2 13 1 0) -> 1329 (6 2 12 1 0)
Hop 1: [1330-1332] 1330 (6 2 12 2 0) -> 1328 (6 2 12 0 0)
Hop 2: [1330-1332] 1328 (6 2 12 0 0) -> 1332 (6 2 13 0 0)
Hop 1: [1328-1335] 1328 (6 2 12 0 0) -> 1331 (6 2 12 3 0)
Hop 2: [1328-1335] 1331 (6 2 12 3 0) -> 1335 (6 2 13 3 0)
Hop 1: [1321-1287] 1321 (6 2 10 1 0) -> 1323 (6 2 10 3 0)
Hop 2: [1321-1287] 1323 (6 2 10 3 0) -> 1287 (6 2 1 3 0)
Hop 1: [1318-1315] 1318 (6 2 9 2 0) -> 1319 (6 2 9 3 0)
Hop 2: [1318-1315] 1319 (6 2 9 3 0) -> 1315 (6 2 8 3 0)
Hop 1: [1316-1320] 1316 (6 2 9 0 0) -> 1320 (6 2 10 0 0)
Hop 1: [1315-1316] 1315 (6 2 8 3 0) -> 1312 (6 2 8 0 0)
Hop 2: [1315-1316] 1312 (6 2 8 0 0) -> 1316 (6 2 9 0 0)
Hop 1: [1303-1284] 1303 (6 2 5 3 0) -> 1300 (6 2 5 0 0)
Hop 2: [1303-1284] 1300 (6 2 5 0 0) -> 1284 (6 2 1 0 0)
Hop 1: [1301-1330] 1301 (6 2 5 1 0) -> 1302 (6 2 5 2 0)
Hop 2: [1301-1330] 1302 (6 2 5 2 0) -> 1330 (6 2 12 2 0)
Hop 1: [1283-1286] 1283 (6 2 0 3 0) -> 1282 (6 2 0 2 0)
Hop 2: [1283-1286] 1282 (6 2 0 2 0) -> 1286 (6 2 1 2 0)
Hop 1: [1284-1313] 1284 (6 2 1 0 0) -> 1285 (6 2 1 1 0)
Hop 1: [1291-1284] 1291 (6 2 2 3 0) -> 1288 (6 2 2 0 0)
Hop 2: [1291-1284] 1288 (6 2 2 0 0) -> 1284 (6 2 1 0 0)
Hop 1: [1302-1332] 1302 (6 2 5 2 0) -> 1300 (6 2 5 0 0)
Hop 1: [1310-1315] 1310 (6 2 7 2 0) -> 1311 (6 2 7 3 0)
Hop 2: [1310-1315] 1311 (6 2 7 3 0) -> 1315 (6 2 8 3 0)
Hop 1: [1313-1314] 1313 (6 2 8 1 0) -> 1314 (6 2 8 2 0)
Hop 1: [1333-1335] 1333 (6 2 13 1 0) -> 1335 (6 2 13 3 0)
Hop 3: [1335-1346] 1282 (6 2 0 2 0) -> 1154 (6 0 0 2 0)
Hop 4: [1335-1346] 1154 (6 0 0 2 0) -> 1346 (7 0 0 2 0)
Hop 1: [1336-1346] 1336 (6 2 14 0 0) -> 1338 (6 2 14 2 0)
Hop 2: [1336-1346] 1338 (6 2 14 2 0) -> 1282 (6 2 0 2 0)
Hop 3: [1336-1346] 1282 (6 2 0 2 0) -> 1154 (6 0 0 2 0)
Hop 4: [1336-1346] 1154 (6 0 0 2 0) -> 1346 (7 0 0 2 0)
Hop 1: [1338-1328] 1338 (6 2 14 2 0) -> 1336 (6 2 14 0 0)
Hop 2: [1338-1328] 1336 (6 2 14 0 0) -> 1328 (6 2 12 0 0)
Hop 3: [1345-1329] 1521 (7 2 12 1 0) -> 1329 (6 2 12 1 0)
Hop 1: [1351-1352] 1351 (7 0 1 3 0) -> 1348 (7 0 1 0 0)
Hop 2: [1351-1352] 1348 (7 0 1 0 0) -> 1352 (7 0 2 0 0)
Hop 1: [1350-1352] 1350 (7 0 1 2 0) -> 1348 (7 0 1 0 0)
Hop 2: [1350-1352] 1348 (7 0 1 0 0) -> 1352 (7 0 2 0 0)
Hop 1: [1340-1339] 1340 (6 2 15 0 0) -> 1343 (6 2 15 3 0)
Hop 2: [1340-1339] 1343 (6 2 15 3 0) -> 1339 (6 2 14 3 0)
Hop 1: [1337-1328] 1337 (6 2 14 1 0) -> 1336 (6 2 14 0 0)
Hop 2: [1337-1328] 1336 (6 2 14 0 0) -> 1328 (6 2 12 0 0)
Hop 1: [1329-1334] 1329 (6 2 12 1 0) -> 1330 (6 2 12 2 0)
Hop 2: [1329-1334] 1330 (6 2 12 2 0) -> 1334 (6 2 13 2 0)
Hop 1: [1325-1341] 1325 (6 2 11 1 0) -> 1341 (6 2 15 1 0)
Hop 1: [1323-1331] 1323 (6 2 10 3 0) -> 1331 (6 2 12 3 0)
Hop 1: [1314-1318] 1314 (6 2 8 2 0) -> 1318 (6 2 9 2 0)
Hop 1: [1311-1339] 1311 (6 2 7 3 0) -> 1339 (6 2 14 3 0)
Hop 1: [1308-1316] 1308 (6 2 7 0 0) -> 1316 (6 2 9 0 0)
Hop 2: [1302-1332] 1300 (6 2 5 0 0) -> 1332 (6 2 13 0 0)
Hop 1: [1288-1309] 1288 (6 2 2 0 0) -> 1289 (6 2 2 1 0)
Hop 2: [1288-1309] 1289 (6 2 2 1 0) -> 1309 (6 2 7 1 0)
Hop 2: [1284-1313] 1285 (6 2 1 1 0) -> 1313 (6 2 8 1 0)
Hop 1: [1282-1288] 1282 (6 2 0 2 0) -> 1280 (6 2 0 0 0)
Hop 2: [1282-1288] 1280 (6 2 0 0 0) -> 1288 (6 2 2 0 0)
Hop 1: [1287-1311] 1287 (6 2 1 3 0) -> 1311 (6 2 7 3 0)
Hop 1: [1289-1290] 1289 (6 2 2 1 0) -> 1290 (6 2 2 2 0)
Hop 1: [1312-1319] 1312 (6 2 8 0 0) -> 1315 (6 2 8 3 0)
Hop 2: [1312-1319] 1315 (6 2 8 3 0) -> 1319 (6 2 9 3 0)
Hop 1: [1317-1313] 1317 (6 2 9 1 0) -> 1313 (6 2 8 1 0)
Hop 1: [1322-1329] 1322 (6 2 10 2 0) -> 1321 (6 2 10 1 0)
Hop 2: [1322-1329] 1321 (6 2 10 1 0) -> 1329 (6 2 12 1 0)
Hop 1: [1324-1327] 1324 (6 2 11 0 0) -> 1327 (6 2 11 3 0)
Hop 1: [1339-1347] 1339 (6 2 14 3 0) -> 1283 (6 2 0 3 0)
Hop 2: [1339-1347] 1283 (6 2 0 3 0) -> 1155 (6 0 0 3 0)
Hop 1: [1342-1341] 1342 (6 2 15 2 0) -> 1341 (6 2 15 1 0)
Hop 1: [1346-1335] 1346 (7 0 0 2 0) -> 1347 (7 0 0 3 0)
Hop 2: [1346-1335] 1347 (7 0 0 3 0) -> 1399 (7 0 13 3 0)
Hop 1: [1349-1344] 1349 (7 0 1 1 0) -> 1348 (7 0 1 0 0)
Hop 2: [1349-1344] 1348 (7 0 1 0 0) -> 1344 (7 0 0 0 0)
Hop 1: [1348-1346] 1348 (7 0 1 0 0) -> 1350 (7 0 1 2 0)
Hop 2: [1348-1346] 1350 (7 0 1 2 0) -> 1346 (7 0 0 2 0)
Hop 3: [1346-1335] 1399 (7 0 13 3 0) -> 1527 (7 2 13 3 0)
Hop 4: [1346-1335] 1527 (7 2 13 3 0) -> 1335 (6 2 13 3 0)
Hop 1: [1340-1342] 1340 (6 2 15 0 0) -> 1342 (6 2 15 2 0)
Hop 3: [1339-1347] 1155 (6 0 0 3 0) -> 1347 (7 0 0 3 0)
Hop 1: [1335-1349] 1335 (6 2 13 3 0) -> 1333 (6 2 13 1 0)
Hop 2: [1335-1349] 1333 (6 2 13 1 0) -> 1285 (6 2 1 1 0)
Hop 1: [1331-1328] 1331 (6 2 12 3 0) -> 1328 (6 2 12 0 0)
Hop 1: [1327-1287] 1327 (6 2 11 3 0) -> 1287 (6 2 1 3 0)
Hop 1: [1306-1315] 1306 (6 2 6 2 0) -> 1307 (6 2 6 3 0)
Hop 2: [1306-1315] 1307 (6 2 6 3 0) -> 1315 (6 2 8 3 0)
Hop 1: [1304-1324] 1304 (6 2 6 0 0) -> 1324 (6 2 11 0 0)
Hop 1: [1291-1331] 1291 (6 2 2 3 0) -> 1331 (6 2 12 3 0)
Hop 1: [1286-1326] 1286 (6 2 1 2 0) -> 1326 (6 2 11 2 0)
Hop 1: [1284-1324] 1284 (6 2 1 0 0) -> 1324 (6 2 11 0 0)
Hop 1: [1300-1289] 1300 (6 2 5 0 0) -> 1301 (6 2 5 1 0)
Hop 2: [1300-1289] 1301 (6 2 5 1 0) -> 1289 (6 2 2 1 0)
Hop 1: [1305-1284] 1305 (6 2 6 1 0) -> 1304 (6 2 6 0 0)
Hop 2: [1305-1284] 1304 (6 2 6 0 0) -> 1284 (6 2 1 0 0)
Hop 1: [1307-1319] 1307 (6 2 6 3 0) -> 1319 (6 2 9 3 0)
Hop 1: [1309-1285] 1309 (6 2 7 1 0) -> 1285 (6 2 1 1 0)
Hop 1: [1315-1317] 1315 (6 2 8 3 0) -> 1313 (6 2 8 1 0)
Hop 2: [1315-1317] 1313 (6 2 8 1 0) -> 1317 (6 2 9 1 0)
Hop 1: [1316-1348] 1316 (6 2 9 0 0) -> 1284 (6 2 1 0 0)
Hop 1: [1319-1338] 1319 (6 2 9 3 0) -> 1318 (6 2 9 2 0)
Hop 2: [1319-1338] 1318 (6 2 9 2 0) -> 1338 (6 2 14 2 0)
Hop 1: [1320-1348] 1320 (6 2 10 0 0) -> 1284 (6 2 1 0 0)
Hop 2: [1320-1348] 1284 (6 2 1 0 0) -> 1156 (6 0 1 0 0)
Hop 1: [1324-1328] 1324 (6 2 11 0 0) -> 1328 (6 2 12 0 0)
Hop 1: [1326-1332] 1326 (6 2 11 2 0) -> 1324 (6 2 11 0 0)
Hop 2: [1326-1332] 1324 (6 2 11 0 0) -> 1332 (6 2 13 0 0)
Hop 1: [1328-1336] 1328 (6 2 12 0 0) -> 1336 (6 2 14 0 0)
Hop 1: [1330-1333] 1330 (6 2 12 2 0) -> 1329 (6 2 12 1 0)
Hop 2: [1330-1333] 1329 (6 2 12 1 0) -> 1333 (6 2 13 1 0)
Hop 1: [1332-1330] 1332 (6 2 13 0 0) -> 1334 (6 2 13 2 0)
Hop 2: [1332-1330] 1334 (6 2 13 2 0) -> 1330 (6 2 12 2 0)
Hop 3: [1335-1349] 1285 (6 2 1 1 0) -> 1157 (6 0 1 1 0)
Hop 4: [1335-1349] 1157 (6 0 1 1 0) -> 1349 (7 0 1 1 0)
Hop 1: [1336-1349] 1336 (6 2 14 0 0) -> 1337 (6 2 14 1 0)
Hop 2: [1336-1349] 1337 (6 2 14 1 0) -> 1285 (6 2 1 1 0)
Hop 1: [1338-1331] 1338 (6 2 14 2 0) -> 1339 (6 2 14 3 0)
Hop 2: [1338-1331] 1339 (6 2 14 3 0) -> 1331 (6 2 12 3 0)
Hop 1: [1343-1349] 1343 (6 2 15 3 0) -> 1341 (6 2 15 1 0)
Hop 2: [1343-1349] 1341 (6 2 15 1 0) -> 1285 (6 2 1 1 0)
Hop 1: [1347-1340] 1347 (7 0 0 3 0) -> 1344 (7 0 0 0 0)
Hop 2: [1347-1340] 1344 (7 0 0 0 0) -> 1404 (7 0 15 0 0)
Hop 3: [1347-1340] 1404 (7 0 15 0 0) -> 1532 (7 2 15 0 0)
Hop 4: [1347-1340] 1532 (7 2 15 0 0) -> 1340 (6 2 15 0 0)
Hop 1: [1344-1348] 1344 (7 0 0 0 0) -> 1348 (7 0 1 0 0)
Hop 3: [1343-1349] 1285 (6 2 1 1 0) -> 1157 (6 0 1 1 0)
Hop 4: [1343-1349] 1157 (6 0 1 1 0) -> 1349 (7 0 1 1 0)
Hop 1: [1340-1343] 1340 (6 2 15 0 0) -> 1343 (6 2 15 3 0)
Hop 3: [1336-1349] 1285 (6 2 1 1 0) -> 1157 (6 0 1 1 0)
Hop 4: [1336-1349] 1157 (6 0 1 1 0) -> 1349 (7 0 1 1 0)
Hop 1: [1333-1336] 1333 (6 2 13 1 0) -> 1332 (6 2 13 0 0)
Hop 2: [1333-1336] 1332 (6 2 13 0 0) -> 1336 (6 2 14 0 0)
Hop 3: [1320-1348] 1156 (6 0 1 0 0) -> 1348 (7 0 1 0 0)
Hop 1: [1318-1316] 1318 (6 2 9 2 0) -> 1316 (6 2 9 0 0)
Hop 2: [1316-1348] 1284 (6 2 1 0 0) -> 1156 (6 0 1 0 0)
Hop 3: [1316-1348] 1156 (6 0 1 0 0) -> 1348 (7 0 1 0 0)
Hop 1: [1313-1315] 1313 (6 2 8 1 0) -> 1315 (6 2 8 3 0)
Hop 1: [1301-1333] 1301 (6 2 5 1 0) -> 1333 (6 2 13 1 0)
Hop 1: [1288-1310] 1288 (6 2 2 0 0) -> 1290 (6 2 2 2 0)
Hop 2: [1288-1310] 1290 (6 2 2 2 0) -> 1310 (6 2 7 2 0)
Hop 1: [1283-1287] 1283 (6 2 0 3 0) -> 1287 (6 2 1 3 0)
Hop 1: [1284-1287] 1284 (6 2 1 0 0) -> 1287 (6 2 1 3 0)
Hop 1: [1287-1284] 1287 (6 2 1 3 0) -> 1284 (6 2 1 0 0)
Hop 1: [1291-1286] 1291 (6 2 2 3 0) -> 1290 (6 2 2 2 0)
Hop 2: [1291-1286] 1290 (6 2 2 2 0) -> 1286 (6 2 1 2 0)
Hop 1: [1303-1319] 1303 (6 2 5 3 0) -> 1319 (6 2 9 3 0)
Hop 1: [1310-1316] 1310 (6 2 7 2 0) -> 1308 (6 2 7 0 0)
Hop 2: [1310-1316] 1308 (6 2 7 0 0) -> 1316 (6 2 9 0 0)
Hop 1: [1314-1346] 1314 (6 2 8 2 0) -> 1282 (6 2 0 2 0)
Hop 2: [1314-1346] 1282 (6 2 0 2 0) -> 1154 (6 0 0 2 0)
Hop 1: [1317-1315] 1317 (6 2 9 1 0) -> 1319 (6 2 9 3 0)
Hop 2: [1317-1315] 1319 (6 2 9 3 0) -> 1315 (6 2 8 3 0)
Hop 1: [1321-1288] 1321 (6 2 10 1 0) -> 1320 (6 2 10 0 0)
Hop 2: [1321-1288] 1320 (6 2 10 0 0) -> 1288 (6 2 2 0 0)
Hop 1: [1337-1338] 1337 (6 2 14 1 0) -> 1338 (6 2 14 2 0)
Hop 1: [1338-1337] 1338 (6 2 14 2 0) -> 1337 (6 2 14 1 0)
Hop 1: [1345-1331] 1345 (7 0 0 1 0) -> 1347 (7 0 0 3 0)
Hop 2: [1345-1331] 1347 (7 0 0 3 0) -> 1395 (7 0 12 3 0)
Hop 1: [1349-1345] 1349 (7 0 1 1 0) -> 1345 (7 0 0 1 0)
Hop 3: [1345-1331] 1395 (7 0 12 3 0) -> 1523 (7 2 12 3 0)
Hop 4: [1345-1331] 1523 (7 2 12 3 0) -> 1331 (6 2 12 3 0)
Hop 1: [1340-1344] 1340 (6 2 15 0 0) -> 1280 (6 2 0 0 0)
Hop 2: [1340-1344] 1280 (6 2 0 0 0) -> 1152 (6 0 0 0 0)
Hop 1: [1335-1351] 1335 (6 2 13 3 0) -> 1287 (6 2 1 3 0)
Hop 2: [1335-1351] 1287 (6 2 1 3 0) -> 1159 (6 0 1 3 0)
Hop 1: [1329-1345] 1329 (6 2 12 1 0) -> 1281 (6 2 0 1 0)
Hop 2: [1329-1345] 1281 (6 2 0 1 0) -> 1153 (6 0 0 1 0)
Hop 1: [1326-1333] 1326 (6 2 11 2 0) -> 1325 (6 2 11 1 0)
Hop 2: [1326-1333] 1325 (6 2 11 1 0) -> 1333 (6 2 13 1 0)
Hop 1: [1324-1331] 1324 (6 2 11 0 0) -> 1327 (6 2 11 3 0)
Hop 2: [1324-1331] 1327 (6 2 11 3 0) -> 1331 (6 2 12 3 0)
Hop 1: [1323-1332] 1323 (6 2 10 3 0) -> 1320 (6 2 10 0 0)
Hop 2: [1323-1332] 1320 (6 2 10 0 0) -> 1332 (6 2 13 0 0)
Hop 3: [1314-1346] 1154 (6 0 0 2 0) -> 1346 (7 0 0 2 0)
Hop 1: [1312-1320] 1312 (6 2 8 0 0) -> 1320 (6 2 10 0 0)
Hop 1: [1311-1340] 1311 (6 2 7 3 0) -> 1308 (6 2 7 0 0)
Hop 2: [1311-1340] 1308 (6 2 7 0 0) -> 1340 (6 2 15 0 0)
Hop 1: [1308-1318] 1308 (6 2 7 0 0) -> 1310 (6 2 7 2 0)
Hop 2: [1308-1318] 1310 (6 2 7 2 0) -> 1318 (6 2 9 2 0)
Hop 1: [1302-1334] 1302 (6 2 5 2 0) -> 1334 (6 2 13 2 0)
Hop 1: [1286-1285] 1286 (6 2 1 2 0) -> 1285 (6 2 1 1 0)
Hop 1: [1282-1289] 1282 (6 2 0 2 0) -> 1281 (6 2 0 1 0)
Hop 2: [1282-1289] 1281 (6 2 0 1 0) -> 1289 (6 2 2 1 0)
Hop 1: [1284-1288] 1284 (6 2 1 0 0) -> 1288 (6 2 2 0 0)
Hop 1: [1288-1312] 1288 (6 2 2 0 0) -> 1312 (6 2 8 0 0)
Hop 1: [1317-1318] 1317 (6 2 9 1 0) -> 1318 (6 2 9 2 0)
Hop 1: [1322-1330] 1322 (6 2 10 2 0) -> 1330 (6 2 12 2 0)
Hop 3: [1329-1345] 1153 (6 0 0 1 0) -> 1345 (7 0 0 1 0)
Hop 1: [1331-1329] 1331 (6 2 12 3 0) -> 1329 (6 2 12 1 0)
Hop 3: [1335-1351] 1159 (6 0 1 3 0) -> 1351 (7 0 1 3 0)
Hop 1: [1338-1339] 1338 (6 2 14 2 0) -> 1339 (6 2 14 3 0)
Hop 3: [1340-1344] 1152 (6 0 0 0 0) -> 1344 (7 0 0 0 0)
Hop 1: [1342-1343] 1342 (6 2 15 2 0) -> 1343 (6 2 15 3 0)
Hop 1: [1348-1347] 1348 (7 0 1 0 0) -> 1351 (7 0 1 3 0)
Hop 2: [1348-1347] 1351 (7 0 1 3 0) -> 1347 (7 0 0 3 0)
Hop 1: [1346-1336] 1346 (7 0 0 2 0) -> 1344 (7 0 0 0 0)
Hop 2: [1346-1336] 1344 (7 0 0 0 0) -> 1400 (7 0 14 0 0)
Hop 1: [1330-1334] 1330 (6 2 12 2 0) -> 1334 (6 2 13 2 0)
Hop 1: [1324-1332] 1324 (6 2 11 0 0) -> 1332 (6 2 13 0 0)
Hop 1: [1320-1352] 1320 (6 2 10 0 0) -> 1288 (6 2 2 0 0)
Hop 2: [1320-1352] 1288 (6 2 2 0 0) -> 1160 (6 0 2 0 0)
Hop 1: [1306-1318] 1306 (6 2 6 2 0) -> 1318 (6 2 9 2 0)
Hop 1: [1304-1330] 1304 (6 2 6 0 0) -> 1306 (6 2 6 2 0)
Hop 2: [1304-1330] 1306 (6 2 6 2 0) -> 1330 (6 2 12 2 0)
Hop 1: [1300-1290] 1300 (6 2 5 0 0) -> 1302 (6 2 5 2 0)
Hop 2: [1300-1290] 1302 (6 2 5 2 0) -> 1290 (6 2 2 2 0)
Hop 1: [1291-1287] 1291 (6 2 2 3 0) -> 1287 (6 2 1 3 0)
Hop 1: [1283-1288] 1283 (6 2 0 3 0) -> 1280 (6 2 0 0 0)
Hop 2: [1283-1288] 1280 (6 2 0 0 0) -> 1288 (6 2 2 0 0)
Hop 1: [1301-1286] 1301 (6 2 5 1 0) -> 1302 (6 2 5 2 0)
Hop 2: [1301-1286] 1302 (6 2 5 2 0) -> 1286 (6 2 1 2 0)
Hop 1: [1305-1337] 1305 (6 2 6 1 0) -> 1337 (6 2 14 1 0)
Hop 1: [1307-1339] 1307 (6 2 6 3 0) -> 1339 (6 2 14 3 0)
Hop 1: [1309-1337] 1309 (6 2 7 1 0) -> 1337 (6 2 14 1 0)
Hop 1: [1313-1317] 1313 (6 2 8 1 0) -> 1317 (6 2 9 1 0)
Hop 1: [1315-1318] 1315 (6 2 8 3 0) -> 1314 (6 2 8 2 0)
Hop 2: [1315-1318] 1314 (6 2 8 2 0) -> 1318 (6 2 9 2 0)
Hop 1: [1317-1319] 1317 (6 2 9 1 0) -> 1319 (6 2 9 3 0)
Hop 1: [1319-1340] 1319 (6 2 9 3 0) -> 1316 (6 2 9 0 0)
Hop 2: [1319-1340] 1316 (6 2 9 0 0) -> 1340 (6 2 15 0 0)
Hop 3: [1320-1352] 1160 (6 0 2 0 0) -> 1352 (7 0 2 0 0)
Hop 1: [1326-1334] 1326 (6 2 11 2 0) -> 1334 (6 2 13 2 0)
Hop 1: [1332-1331] 1332 (6 2 13 0 0) -> 1335 (6 2 13 3 0)
Hop 2: [1332-1331] 1335 (6 2 13 3 0) -> 1331 (6 2 12 3 0)
Hop 1: [1336-1350] 1336 (6 2 14 0 0) -> 1338 (6 2 14 2 0)
Hop 2: [1336-1350] 1338 (6 2 14 2 0) -> 1286 (6 2 1 2 0)
Hop 1: [1338-1340] 1338 (6 2 14 2 0) -> 1336 (6 2 14 0 0)
Hop 2: [1338-1340] 1336 (6 2 14 0 0) -> 1340 (6 2 15 0 0)
Hop 1: [1340-1345] 1340 (6 2 15 0 0) -> 1341 (6 2 15 1 0)
Hop 2: [1340-1345] 1341 (6 2 15 1 0) -> 1281 (6 2 0 1 0)
Hop 1: [1343-1351] 1343 (6 2 15 3 0) -> 1287 (6 2 1 3 0)
Hop 2: [1343-1351] 1287 (6 2 1 3 0) -> 1159 (6 0 1 3 0)
Hop 3: [1346-1336] 1400 (7 0 14 0 0) -> 1528 (7 2 14 0 0)
Hop 4: [1346-1336] 1528 (7 2 14 0 0) -> 1336 (6 2 14 0 0)
Hop 1: [1347-1342] 1347 (7 0 0 3 0) -> 1346 (7 0 0 2 0)
Hop 2: [1347-1342] 1346 (7 0 0 2 0) -> 1406 (7 0 15 2 0)
Hop 3: [1343-1351] 1159 (6 0 1 3 0) -> 1351 (7 0 1 3 0)
Hop 3: [1340-1345] 1281 (6 2 0 1 0) -> 1153 (6 0 0 1 0)
Hop 4: [1340-1345] 1153 (6 0 0 1 0) -> 1345 (7 0 0 1 0)
Hop 3: [1336-1350] 1286 (6 2 1 2 0) -> 1158 (6 0 1 2 0)
Hop 4: [1336-1350] 1158 (6 0 1 2 0) -> 1350 (7 0 1 2 0)
Hop 1: [1333-1349] 1333 (6 2 13 1 0) -> 1285 (6 2 1 1 0)
Hop 2: [1333-1349] 1285 (6 2 1 1 0) -> 1157 (6 0 1 1 0)
Hop 1: [1328-1337] 1328 (6 2 12 0 0) -> 1329 (6 2 12 1 0)
Hop 2: [1328-1337] 1329 (6 2 12 1 0) -> 1337 (6 2 14 1 0)
Hop 1: [1318-1317] 1318 (6 2 9 2 0) -> 1317 (6 2 9 1 0)
Hop 1: [1291-1288] 1291 (6 2 2 3 0) -> 1288 (6 2 2 0 0)
Hop 1: [1288-1313] 1288 (6 2 2 0 0) -> 1289 (6 2 2 1 0)
Hop 2: [1288-1313] 1289 (6 2 2 1 0) -> 1313 (6 2 8 1 0)
Hop 1: [1284-1289] 1284 (6 2 1 0 0) -> 1285 (6 2 1 1 0)
Hop 2: [1284-1289] 1285 (6 2 1 1 0) -> 1289 (6 2 2 1 0)
Hop 1: [1282-1290] 1282 (6 2 0 2 0) -> 1290 (6 2 2 2 0)
Hop 1: [1287-1321] 1287 (6 2 1 3 0) -> 1285 (6 2 1 1 0)
Hop 2: [1287-1321] 1285 (6 2 1 1 0) -> 1321 (6 2 10 1 0)
Hop 1: [1301-1287] 1301 (6 2 5 1 0) -> 1303 (6 2 5 3 0)
Hop 2: [1301-1287] 1303 (6 2 5 3 0) -> 1287 (6 2 1 3 0)
Hop 1: [1303-1322] 1303 (6 2 5 3 0) -> 1302 (6 2 5 2 0)
Hop 2: [1303-1322] 1302 (6 2 5 2 0) -> 1322 (6 2 10 2 0)
Hop 1: [1310-1317] 1310 (6 2 7 2 0) -> 1309 (6 2 7 1 0)
Hop 2: [1310-1317] 1309 (6 2 7 1 0) -> 1317 (6 2 9 1 0)
Hop 1: [1314-1290] 1314 (6 2 8 2 0) -> 1290 (6 2 2 2 0)
Hop 1: [1317-1320] 1317 (6 2 9 1 0) -> 1316 (6 2 9 0 0)
Hop 2: [1317-1320] 1316 (6 2 9 0 0) -> 1320 (6 2 10 0 0)
Hop 1: [1324-1337] 1324 (6 2 11 0 0) -> 1325 (6 2 11 1 0)
Hop 2: [1324-1337] 1325 (6 2 11 1 0) -> 1337 (6 2 14 1 0)
Hop 3: [1333-1349] 1157 (6 0 1 1 0) -> 1349 (7 0 1 1 0)
Hop 1: [1337-1339] 1337 (6 2 14 1 0) -> 1339 (6 2 14 3 0)
Hop 1: [1338-1341] 1338 (6 2 14 2 0) -> 1337 (6 2 14 1 0)
Hop 2: [1338-1341] 1337 (6 2 14 1 0) -> 1341 (6 2 15 1 0)
Hop 1: [1342-1344] 1342 (6 2 15 2 0) -> 1340 (6 2 15 0 0)
Hop 2: [1342-1344] 1340 (6 2 15 0 0) -> 1280 (6 2 0 0 0)
Hop 1: [1344-1349] 1344 (7 0 0 0 0) -> 1345 (7 0 0 1 0)
Hop 2: [1344-1349] 1345 (7 0 0 1 0) -> 1349 (7 0 1 1 0)
Hop 3: [1347-1342] 1406 (7 0 15 2 0) -> 1534 (7 2 15 2 0)
Hop 4: [1347-1342] 1534 (7 2 15 2 0) -> 1342 (6 2 15 2 0)
Hop 1: [1349-1347] 1349 (7 0 1 1 0) -> 1351 (7 0 1 3 0)
Hop 2: [1349-1347] 1351 (7 0 1 3 0) -> 1347 (7 0 0 3 0)
Hop 1: [1348-1350] 1348 (7 0 1 0 0) -> 1350 (7 0 1 2 0)
Hop 1: [1345-1332] 1345 (7 0 0 1 0) -> 1344 (7 0 0 0 0)
Hop 2: [1345-1332] 1344 (7 0 0 0 0) -> 1396 (7 0 13 0 0)
Hop 3: [1342-1344] 1280 (6 2 0 0 0) -> 1152 (6 0 0 0 0)
Hop 4: [1342-1344] 1152 (6 0 0 0 0) -> 1344 (7 0 0 0 0)
Hop 1: [1331-1330] 1331 (6 2 12 3 0) -> 1330 (6 2 12 2 0)
Hop 1: [1326-1286] 1326 (6 2 11 2 0) -> 1286 (6 2 1 2 0)
Hop 1: [1323-1337] 1323 (6 2 10 3 0) -> 1321 (6 2 10 1 0)
Hop 2: [1323-1337] 1321 (6 2 10 1 0) -> 1337 (6 2 14 1 0)
Hop 1: [1315-1319] 1315 (6 2 8 3 0) -> 1319 (6 2 9 3 0)
Hop 1: [1312-1337] 1312 (6 2 8 0 0) -> 1313 (6 2 8 1 0)
Hop 2: [1312-1337] 1313 (6 2 8 1 0) -> 1337 (6 2 14 1 0)
Hop 1: [1311-1343] 1311 (6 2 7 3 0) -> 1343 (6 2 15 3 0)
Hop 1: [1308-1284] 1308 (6 2 7 0 0) -> 1284 (6 2 1 0 0)
Hop 1: [1306-1284] 1306 (6 2 6 2 0) -> 1304 (6 2 6 0 0)
Hop 2: [1306-1284] 1304 (6 2 6 0 0) -> 1284 (6 2 1 0 0)
Hop 1: [1302-1286] 1302 (6 2 5 2 0) -> 1286 (6 2 1 2 0)
Hop 1: [1291-1289] 1291 (6 2 2 3 0) -> 1289 (6 2 2 1 0)
Hop 1: [1286-1287] 1286 (6 2 1 2 0) -> 1287 (6 2 1 3 0)
Hop 1: [1284-1290] 1284 (6 2 1 0 0) -> 1286 (6 2 1 2 0)
Hop 2: [1284-1290] 1286 (6 2 1 2 0) -> 1290 (6 2 2 2 0)
Hop 1: [1288-1317] 1288 (6 2 2 0 0) -> 1289 (6 2 2 1 0)
Hop 2: [1288-1317] 1289 (6 2 2 1 0) -> 1317 (6 2 9 1 0)
Hop 1: [1301-1288] 1301 (6 2 5 1 0) -> 1300 (6 2 5 0 0)
Hop 2: [1301-1288] 1300 (6 2 5 0 0) -> 1288 (6 2 2 0 0)
Hop 1: [1317-1324] 1317 (6 2 9 1 0) -> 1316 (6 2 9 0 0)
Hop 2: [1317-1324] 1316 (6 2 9 0 0) -> 1324 (6 2 11 0 0)
Hop 1: [1322-1331] 1322 (6 2 10 2 0) -> 1323 (6 2 10 3 0)
Hop 2: [1322-1331] 1323 (6 2 10 3 0) -> 1331 (6 2 12 3 0)
Hop 1: [1329-1289] 1329 (6 2 12 1 0) -> 1289 (6 2 2 1 0)
Hop 1: [1330-1346] 1330 (6 2 12 2 0) -> 1282 (6 2 0 2 0)
Hop 2: [1330-1346] 1282 (6 2 0 2 0) -> 1154 (6 0 0 2 0)
Hop 1: [1340-1346] 1340 (6 2 15 0 0) -> 1342 (6 2 15 2 0)
Hop 2: [1340-1346] 1342 (6 2 15 2 0) -> 1282 (6 2 0 2 0)
Hop 3: [1345-1332] 1396 (7 0 13 0 0) -> 1524 (7 2 13 0 0)
Hop 4: [1345-1332] 1524 (7 2 13 0 0) -> 1332 (6 2 13 0 0)
Hop 1: [1342-1345] 1342 (6 2 15 2 0) -> 1341 (6 2 15 1 0)
Hop 2: [1342-1345] 1341 (6 2 15 1 0) -> 1281 (6 2 0 1 0)
Hop 3: [1340-1346] 1282 (6 2 0 2 0) -> 1154 (6 0 0 2 0)
Hop 4: [1340-1346] 1154 (6 0 0 2 0) -> 1346 (7 0 0 2 0)
Hop 1: [1338-1342] 1338 (6 2 14 2 0) -> 1342 (6 2 15 2 0)
Hop 1: [1337-1341] 1337 (6 2 14 1 0) -> 1341 (6 2 15 1 0)
Hop 1: [1332-1333] 1332 (6 2 13 0 0) -> 1333 (6 2 13 1 0)
Hop 3: [1330-1346] 1154 (6 0 0 2 0) -> 1346 (7 0 0 2 0)
Hop 1: [1328-1338] 1328 (6 2 12 0 0) -> 1330 (6 2 12 2 0)
Hop 2: [1328-1338] 1330 (6 2 12 2 0) -> 1338 (6 2 14 2 0)
Hop 1: [1324-1338] 1324 (6 2 11 0 0) -> 1326 (6 2 11 2 0)
Hop 2: [1324-1338] 1326 (6 2 11 2 0) -> 1338 (6 2 14 2 0)
Hop 1: [1315-1320] 1315 (6 2 8 3 0) -> 1312 (6 2 8 0 0)
Hop 2: [1315-1320] 1312 (6 2 8 0 0) -> 1320 (6 2 10 0 0)
Hop 1: [1304-1331] 1304 (6 2 6 0 0) -> 1307 (6 2 6 3 0)
Hop 2: [1304-1331] 1307 (6 2 6 3 0) -> 1331 (6 2 12 3 0)
Hop 1: [1291-1290] 1291 (6 2 2 3 0) -> 1290 (6 2 2 2 0)
Hop 1: [1288-1284] 1288 (6 2 2 0 0) -> 1284 (6 2 1 0 0)
Hop 1: [1305-1287] 1305 (6 2 6 1 0) -> 1307 (6 2 6 3 0)
Hop 2: [1305-1287] 1307 (6 2 6 3 0) -> 1287 (6 2 1 3 0)
Hop 1: [1306-1338] 1306 (6 2 6 2 0) -> 1338 (6 2 14 2 0)
Hop 1: [1309-1338] 1309 (6 2 7 1 0) -> 1310 (6 2 7 2 0)
Hop 2: [1309-1338] 1310 (6 2 7 2 0) -> 1338 (6 2 14 2 0)
Hop 1: [1313-1284] 1313 (6 2 8 1 0) -> 1312 (6 2 8 0 0)
Hop 2: [1313-1284] 1312 (6 2 8 0 0) -> 1284 (6 2 1 0 0)
Hop 1: [1319-1345] 1319 (6 2 9 3 0) -> 1317 (6 2 9 1 0)
Hop 2: [1319-1345] 1317 (6 2 9 1 0) -> 1281 (6 2 0 1 0)
Hop 1: [1326-1342] 1326 (6 2 11 2 0) -> 1342 (6 2 15 2 0)
Hop 1: [1336-1352] 1336 (6 2 14 0 0) -> 1288 (6 2 2 0 0)
Hop 2: [1336-1352] 1288 (6 2 2 0 0) -> 1160 (6 0 2 0 0)
Hop 3: [1336-1352] 1160 (6 0 2 0 0) -> 1352 (7 0 2 0 0)
Hop 3: [1342-1345] 1281 (6 2 0 1 0) -> 1153 (6 0 0 1 0)
Hop 4: [1342-1345] 1153 (6 0 0 1 0) -> 1345 (7 0 0 1 0)
Hop 1: [1349-1350] 1349 (7 0 1 1 0) -> 1350 (7 0 1 2 0)
Hop 1: [1346-1337] 1346 (7 0 0 2 0) -> 1345 (7 0 0 1 0)
Hop 2: [1346-1337] 1345 (7 0 0 1 0) -> 1401 (7 0 14 1 0)
Hop 1: [1332-1334] 1332 (6 2 13 0 0) -> 1334 (6 2 13 2 0)
Hop 3: [1319-1345] 1281 (6 2 0 1 0) -> 1153 (6 0 0 1 0)
Hop 4: [1319-1345] 1153 (6 0 0 1 0) -> 1345 (7 0 0 1 0)
Hop 1: [1317-1337] 1317 (6 2 9 1 0) -> 1337 (6 2 14 1 0)
Hop 1: [1301-1289] 1301 (6 2 5 1 0) -> 1289 (6 2 2 1 0)
Hop 1: [1287-1323] 1287 (6 2 1 3 0) -> 1323 (6 2 10 3 0)
Hop 1: [1303-1323] 1303 (6 2 5 3 0) -> 1323 (6 2 10 3 0)
Hop 1: [1310-1318] 1310 (6 2 7 2 0) -> 1318 (6 2 9 2 0)
Hop 1: [1315-1347] 1315 (6 2 8 3 0) -> 1283 (6 2 0 3 0)
Hop 2: [1315-1347] 1283 (6 2 0 3 0) -> 1155 (6 0 0 3 0)
Hop 1: [1318-1319] 1318 (6 2 9 2 0) -> 1319 (6 2 9 3 0)
Hop 1: [1324-1340] 1324 (6 2 11 0 0) -> 1340 (6 2 15 0 0)
Hop 1: [1328-1341] 1328 (6 2 12 0 0) -> 1329 (6 2 12 1 0)
Hop 2: [1328-1341] 1329 (6 2 12 1 0) -> 1341 (6 2 15 1 0)
Hop 1: [1338-1345] 1338 (6 2 14 2 0) -> 1337 (6 2 14 1 0)
Hop 2: [1338-1345] 1337 (6 2 14 1 0) -> 1281 (6 2 0 1 0)
Hop 1: [1340-1347] 1340 (6 2 15 0 0) -> 1343 (6 2 15 3 0)
Hop 2: [1340-1347] 1343 (6 2 15 3 0) -> 1283 (6 2 0 3 0)
Hop 1: [1342-1346] 1342 (6 2 15 2 0) -> 1282 (6 2 0 2 0)
Hop 2: [1342-1346] 1282 (6 2 0 2 0) -> 1154 (6 0 0 2 0)
Hop 3: [1346-1337] 1401 (7 0 14 1 0) -> 1529 (7 2 14 1 0)
Hop 4: [1346-1337] 1529 (7 2 14 1 0) -> 1337 (6 2 14 1 0)
Hop 1: [1348-1351] 1348 (7 0 1 0 0) -> 1351 (7 0 1 3 0)
Hop 1: [1347-1343] 1347 (7 0 0 3 0) -> 1407 (7 0 15 3 0)
Hop 2: [1347-1343] 1407 (7 0 15 3 0) -> 1535 (7 2 15 3 0)
Hop 1: [1344-1351] 1344 (7 0 0 0 0) -> 1347 (7 0 0 3 0)
Hop 2: [1344-1351] 1347 (7 0 0 3 0) -> 1351 (7 0 1 3 0)
Hop 3: [1342-1346] 1154 (6 0 0 2 0) -> 1346 (7 0 0 2 0)
Hop 3: [1340-1347] 1283 (6 2 0 3 0) -> 1155 (6 0 0 3 0)
Hop 4: [1340-1347] 1155 (6 0 0 3 0) -> 1347 (7 0 0 3 0)
Hop 3: [1338-1345] 1281 (6 2 0 1 0) -> 1153 (6 0 0 1 0)
Hop 4: [1338-1345] 1153 (6 0 0 1 0) -> 1345 (7 0 0 1 0)
Hop 1: [1337-1342] 1337 (6 2 14 1 0) -> 1338 (6 2 14 2 0)
Hop 2: [1337-1342] 1338 (6 2 14 2 0) -> 1342 (6 2 15 2 0)
Hop 1: [1332-1335] 1332 (6 2 13 0 0) -> 1335 (6 2 13 3 0)
Hop 1: [1331-1332] 1331 (6 2 12 3 0) -> 1328 (6 2 12 0 0)
Hop 2: [1331-1332] 1328 (6 2 12 0 0) -> 1332 (6 2 13 0 0)
Hop 1: [1323-1339] 1323 (6 2 10 3 0) -> 1339 (6 2 14 3 0)
Hop 3: [1315-1347] 1155 (6 0 0 3 0) -> 1347 (7 0 0 3 0)
Hop 1: [1312-1339] 1312 (6 2 8 0 0) -> 1315 (6 2 8 3 0)
Hop 2: [1312-1339] 1315 (6 2 8 3 0) -> 1339 (6 2 14 3 0)
Hop 1: [1311-1287] 1311 (6 2 7 3 0) -> 1287 (6 2 1 3 0)
Hop 1: [1308-1340] 1308 (6 2 7 0 0) -> 1340 (6 2 15 0 0)
Hop 1: [1306-1287] 1306 (6 2 6 2 0) -> 1307 (6 2 6 3 0)
Hop 2: [1306-1287] 1307 (6 2 6 3 0) -> 1287 (6 2 1 3 0)
Hop 1: [1302-1289] 1302 (6 2 5 2 0) -> 1301 (6 2 5 1 0)
Hop 2: [1302-1289] 1301 (6 2 5 1 0) -> 1289 (6 2 2 1 0)
Hop 1: [1301-1290] 1301 (6 2 5 1 0) -> 1302 (6 2 5 2 0)
Hop 2: [1301-1290] 1302 (6 2 5 2 0) -> 1290 (6 2 2 2 0)
Hop 1: [1288-1321] 1288 (6 2 2 0 0) -> 1289 (6 2 2 1 0)
Hop 2: [1288-1321] 1289 (6 2 2 1 0) -> 1321 (6 2 10 1 0)
Hop 1: [1286-1288] 1286 (6 2 1 2 0) -> 1284 (6 2 1 0 0)
Hop 2: [1286-1288] 1284 (6 2 1 0 0) -> 1288 (6 2 2 0 0)
Hop 1: [1309-1341] 1309 (6 2 7 1 0) -> 1341 (6 2 15 1 0)
Hop 1: [1317-1338] 1317 (6 2 9 1 0) -> 1318 (6 2 9 2 0)
Hop 2: [1317-1338] 1318 (6 2 9 2 0) -> 1338 (6 2 14 2 0)
Hop 1: [1330-1290] 1330 (6 2 12 2 0) -> 1290 (6 2 2 2 0)
Hop 1: [1345-1335] 1345 (7 0 0 1 0) -> 1347 (7 0 0 3 0)
Hop 2: [1345-1335] 1347 (7 0 0 3 0) -> 1399 (7 0 13 3 0)
Hop 3: [1347-1343] 1535 (7 2 15 3 0) -> 1343 (6 2 15 3 0)
Hop 3: [1345-1335] 1399 (7 0 13 3 0) -> 1527 (7 2 13 3 0)
Hop 4: [1345-1335] 1527 (7 2 13 3 0) -> 1335 (6 2 13 3 0)
Hop 1: [1342-1347] 1342 (6 2 15 2 0) -> 1343 (6 2 15 3 0)
Hop 2: [1342-1347] 1343 (6 2 15 3 0) -> 1283 (6 2 0 3 0)
Hop 1: [1332-1336] 1332 (6 2 13 0 0) -> 1336 (6 2 14 0 0)
Hop 1: [1328-1342] 1328 (6 2 12 0 0) -> 1330 (6 2 12 2 0)
Hop 2: [1328-1342] 1330 (6 2 12 2 0) -> 1342 (6 2 15 2 0)
Hop 1: [1324-1345] 1324 (6 2 11 0 0) -> 1325 (6 2 11 1 0)
Hop 2: [1324-1345] 1325 (6 2 11 1 0) -> 1281 (6 2 0 1 0)
Hop 1: [1304-1332] 1304 (6 2 6 0 0) -> 1332 (6 2 13 0 0)
Hop 1: [1288-1322] 1288 (6 2 2 0 0) -> 1290 (6 2 2 2 0)
Hop 2: [1288-1322] 1290 (6 2 2 2 0) -> 1322 (6 2 10 2 0)
Hop 1: [1305-1288] 1305 (6 2 6 1 0) -> 1304 (6 2 6 0 0)
Hop 2: [1305-1288] 1304 (6 2 6 0 0) -> 1288 (6 2 2 0 0)
Hop 1: [1306-1288] 1306 (6 2 6 2 0) -> 1304 (6 2 6 0 0)
Hop 2: [1306-1288] 1304 (6 2 6 0 0) -> 1288 (6 2 2 0 0)
Hop 1: [1310-1284] 1310 (6 2 7 2 0) -> 1308 (6 2 7 0 0)
Hop 2: [1310-1284] 1308 (6 2 7 0 0) -> 1284 (6 2 1 0 0)
Hop 1: [1313-1345] 1313 (6 2 8 1 0) -> 1281 (6 2 0 1 0)
Hop 2: [1313-1345] 1281 (6 2 0 1 0) -> 1153 (6 0 0 1 0)
Hop 1: [1322-1332] 1322 (6 2 10 2 0) -> 1320 (6 2 10 0 0)
Hop 3: [1324-1345] 1281 (6 2 0 1 0) -> 1153 (6 0 0 1 0)
Hop 4: [1324-1345] 1153 (6 0 0 1 0) -> 1345 (7 0 0 1 0)
Hop 1: [1331-1333] 1331 (6 2 12 3 0) -> 1329 (6 2 12 1 0)
Hop 2: [1331-1333] 1329 (6 2 12 1 0) -> 1333 (6 2 13 1 0)
Hop 1: [1337-1345] 1337 (6 2 14 1 0) -> 1281 (6 2 0 1 0)
Hop 2: [1337-1345] 1281 (6 2 0 1 0) -> 1153 (6 0 0 1 0)
Hop 1: [1338-1346] 1338 (6 2 14 2 0) -> 1282 (6 2 0 2 0)
Hop 2: [1338-1346] 1282 (6 2 0 2 0) -> 1154 (6 0 0 2 0)
Hop 1: [1340-1348] 1340 (6 2 15 0 0) -> 1284 (6 2 1 0 0)
Hop 2: [1340-1348] 1284 (6 2 1 0 0) -> 1156 (6 0 1 0 0)
Hop 3: [1342-1347] 1283 (6 2 0 3 0) -> 1155 (6 0 0 3 0)
Hop 4: [1342-1347] 1155 (6 0 0 3 0) -> 1347 (7 0 0 3 0)
Hop 1: [1349-1351] 1349 (7 0 1 1 0) -> 1351 (7 0 1 3 0)
Hop 1: [1348-1352] 1348 (7 0 1 0 0) -> 1352 (7 0 2 0 0)
Hop 3: [1340-1348] 1156 (6 0 1 0 0) -> 1348 (7 0 1 0 0)
Hop 3: [1338-1346] 1154 (6 0 0 2 0) -> 1346 (7 0 0 2 0)
Hop 3: [1337-1345] 1153 (6 0 0 1 0) -> 1345 (7 0 0 1 0)
Hop 2: [1322-1332] 1320 (6 2 10 0 0) -> 1332 (6 2 13 0 0)
Hop 1: [1319-1347] 1319 (6 2 9 3 0) -> 1283 (6 2 0 3 0)
Hop 2: [1319-1347] 1283 (6 2 0 3 0) -> 1155 (6 0 0 3 0)
Hop 1: [1317-1340] 1317 (6 2 9 1 0) -> 1316 (6 2 9 0 0)
Hop 2: [1317-1340] 1316 (6 2 9 0 0) -> 1340 (6 2 15 0 0)
Hop 3: [1313-1345] 1153 (6 0 0 1 0) -> 1345 (7 0 0 1 0)
Hop 1: [1309-1287] 1309 (6 2 7 1 0) -> 1311 (6 2 7 3 0)
Hop 2: [1309-1287] 1311 (6 2 7 3 0) -> 1287 (6 2 1 3 0)
Hop 1: [1287-1327] 1287 (6 2 1 3 0) -> 1327 (6 2 11 3 0)
Hop 1: [1303-1324] 1303 (6 2 5 3 0) -> 1300 (6 2 5 0 0)
Hop 2: [1303-1324] 1300 (6 2 5 0 0) -> 1324 (6 2 11 0 0)
Hop 3: [1319-1347] 1155 (6 0 0 3 0) -> 1347 (7 0 0 3 0)
Hop 1: [1328-1344] 1328 (6 2 12 0 0) -> 1280 (6 2 0 0 0)
Hop 2: [1328-1344] 1280 (6 2 0 0 0) -> 1152 (6 0 0 0 0)
Hop 1: [1332-1345] 1332 (6 2 13 0 0) -> 1333 (6 2 13 1 0)
Hop 2: [1332-1345] 1333 (6 2 13 1 0) -> 1281 (6 2 0 1 0)
Hop 3: [1332-1345] 1281 (6 2 0 1 0) -> 1153 (6 0 0 1 0)
Hop 4: [1332-1345] 1153 (6 0 0 1 0) -> 1345 (7 0 0 1 0)
Hop 1: [1342-1349] 1342 (6 2 15 2 0) -> 1341 (6 2 15 1 0)
Hop 2: [1342-1349] 1341 (6 2 15 1 0) -> 1285 (6 2 1 1 0)
Hop 1: [1346-1338] 1346 (7 0 0 2 0) -> 1402 (7 0 14 2 0)
Hop 2: [1346-1338] 1402 (7 0 14 2 0) -> 1530 (7 2 14 2 0)
Hop 1: [1349-1352] 1349 (7 0 1 1 0) -> 1348 (7 0 1 0 0)
Hop 2: [1349-1352] 1348 (7 0 1 0 0) -> 1352 (7 0 2 0 0)
Hop 3: [1346-1338] 1530 (7 2 14 2 0) -> 1338 (6 2 14 2 0)
Hop 3: [1342-1349] 1285 (6 2 1 1 0) -> 1157 (6 0 1 1 0)
Hop 4: [1342-1349] 1157 (6 0 1 1 0) -> 1349 (7 0 1 1 0)
Hop 1: [1331-1334] 1331 (6 2 12 3 0) -> 1330 (6 2 12 2 0)
Hop 2: [1331-1334] 1330 (6 2 12 2 0) -> 1334 (6 2 13 2 0)
Hop 3: [1328-1344] 1152 (6 0 0 0 0) -> 1344 (7 0 0 0 0)
Hop 1: [1324-1346] 1324 (6 2 11 0 0) -> 1326 (6 2 11 2 0)
Hop 2: [1324-1346] 1326 (6 2 11 2 0) -> 1282 (6 2 0 2 0)
Hop 1: [1318-1320] 1318 (6 2 9 2 0) -> 1316 (6 2 9 0 0)
Hop 2: [1318-1320] 1316 (6 2 9 0 0) -> 1320 (6 2 10 0 0)
Hop 1: [1310-1319] 1310 (6 2 7 2 0) -> 1311 (6 2 7 3 0)
Hop 2: [1310-1319] 1311 (6 2 7 3 0) -> 1319 (6 2 9 3 0)
Hop 1: [1304-1336] 1304 (6 2 6 0 0) -> 1336 (6 2 14 0 0)
Hop 1: [1302-1290] 1302 (6 2 5 2 0) -> 1290 (6 2 2 2 0)
Hop 1: [1288-1323] 1288 (6 2 2 0 0) -> 1291 (6 2 2 3 0)
Hop 2: [1288-1323] 1291 (6 2 2 3 0) -> 1323 (6 2 10 3 0)
Hop 1: [1286-1289] 1286 (6 2 1 2 0) -> 1285 (6 2 1 1 0)
Hop 2: [1286-1289] 1285 (6 2 1 1 0) -> 1289 (6 2 2 1 0)
Hop 1: [1309-1288] 1309 (6 2 7 1 0) -> 1308 (6 2 7 0 0)
Hop 2: [1309-1288] 1308 (6 2 7 0 0) -> 1288 (6 2 2 0 0)
Hop 1: [1312-1340] 1312 (6 2 8 0 0) -> 1340 (6 2 15 0 0)
Hop 1: [1317-1345] 1317 (6 2 9 1 0) -> 1281 (6 2 0 1 0)
Hop 2: [1317-1345] 1281 (6 2 0 1 0) -> 1153 (6 0 0 1 0)
Hop 1: [1323-1287] 1323 (6 2 10 3 0) -> 1287 (6 2 1 3 0)
Hop 3: [1324-1346] 1282 (6 2 0 2 0) -> 1154 (6 0 0 2 0)
Hop 4: [1324-1346] 1154 (6 0 0 2 0) -> 1346 (7 0 0 2 0)
Hop 1: [1337-1346] 1337 (6 2 14 1 0) -> 1338 (6 2 14 2 0)
Hop 2: [1337-1346] 1338 (6 2 14 2 0) -> 1282 (6 2 0 2 0)
Hop 1: [1338-1347] 1338 (6 2 14 2 0) -> 1339 (6 2 14 3 0)
Hop 2: [1338-1347] 1339 (6 2 14 3 0) -> 1283 (6 2 0 3 0)
Hop 1: [1344-1352] 1344 (7 0 0 0 0) -> 1352 (7 0 2 0 0)
Hop 1: [1347-1344] 1347 (7 0 0 3 0) -> 1344 (7 0 0 0 0)
Hop 1: [1345-1336] 1345 (7 0 0 1 0) -> 1344 (7 0 0 0 0)
Hop 2: [1345-1336] 1344 (7 0 0 0 0) -> 1400 (7 0 14 0 0)
Hop 1: [1342-1350] 1342 (6 2 15 2 0) -> 1286 (6 2 1 2 0)
Hop 2: [1342-1350] 1286 (6 2 1 2 0) -> 1158 (6 0 1 2 0)
Hop 3: [1338-1347] 1283 (6 2 0 3 0) -> 1155 (6 0 0 3 0)
Hop 4: [1338-1347] 1155 (6 0 0 3 0) -> 1347 (7 0 0 3 0)
Hop 3: [1337-1346] 1282 (6 2 0 2 0) -> 1154 (6 0 0 2 0)
Hop 4: [1337-1346] 1154 (6 0 0 2 0) -> 1346 (7 0 0 2 0)
Hop 1: [1332-1346] 1332 (6 2 13 0 0) -> 1334 (6 2 13 2 0)
Hop 2: [1332-1346] 1334 (6 2 13 2 0) -> 1282 (6 2 0 2 0)
Hop 1: [1331-1335] 1331 (6 2 12 3 0) -> 1335 (6 2 13 3 0)
Hop 3: [1317-1345] 1153 (6 0 0 1 0) -> 1345 (7 0 0 1 0)
Hop 1: [1287-1285] 1287 (6 2 1 3 0) -> 1285 (6 2 1 1 0)
Hop 1: [1288-1324] 1288 (6 2 2 0 0) -> 1324 (6 2 11 0 0)
Hop 1: [1303-1331] 1303 (6 2 5 3 0) -> 1331 (6 2 12 3 0)
Hop 1: [1304-1288] 1304 (6 2 6 0 0) -> 1288 (6 2 2 0 0)
Hop 1: [1310-1324] 1310 (6 2 7 2 0) -> 1308 (6 2 7 0 0)
Hop 2: [1310-1324] 1308 (6 2 7 0 0) -> 1324 (6 2 11 0 0)
Hop 1: [1328-1346] 1328 (6 2 12 0 0) -> 1330 (6 2 12 2 0)
Hop 2: [1328-1346] 1330 (6 2 12 2 0) -> 1282 (6 2 0 2 0)
Hop 3: [1332-1346] 1282 (6 2 0 2 0) -> 1154 (6 0 0 2 0)
Hop 4: [1332-1346] 1154 (6 0 0 2 0) -> 1346 (7 0 0 2 0)
Hop 3: [1342-1350] 1158 (6 0 1 2 0) -> 1350 (7 0 1 2 0)
Hop 3: [1345-1336] 1400 (7 0 14 0 0) -> 1528 (7 2 14 0 0)
Hop 4: [1345-1336] 1528 (7 2 14 0 0) -> 1336 (6 2 14 0 0)
Hop 1: [1331-1336] 1331 (6 2 12 3 0) -> 1328 (6 2 12 0 0)
Hop 2: [1331-1336] 1328 (6 2 12 0 0) -> 1336 (6 2 14 0 0)
Hop 3: [1328-1346] 1282 (6 2 0 2 0) -> 1154 (6 0 0 2 0)
Hop 4: [1328-1346] 1154 (6 0 0 2 0) -> 1346 (7 0 0 2 0)
Hop 1: [1324-1288] 1324 (6 2 11 0 0) -> 1288 (6 2 2 0 0)
Hop 1: [1322-1338] 1322 (6 2 10 2 0) -> 1338 (6 2 14 2 0)
Hop 1: [1313-1288] 1313 (6 2 8 1 0) -> 1312 (6 2 8 0 0)
Hop 2: [1313-1288] 1312 (6 2 8 0 0) -> 1288 (6 2 2 0 0)
Hop 1: [1286-1290] 1286 (6 2 1 2 0) -> 1290 (6 2 2 2 0)
Hop 1: [1317-1349] 1317 (6 2 9 1 0) -> 1285 (6 2 1 1 0)
Hop 2: [1317-1349] 1285 (6 2 1 1 0) -> 1157 (6 0 1 1 0)
Hop 1: [1319-1351] 1319 (6 2 9 3 0) -> 1287 (6 2 1 3 0)
Hop 2: [1319-1351] 1287 (6 2 1 3 0) -> 1159 (6 0 1 3 0)
Hop 1: [1338-1348] 1338 (6 2 14 2 0) -> 1336 (6 2 14 0 0)
Hop 2: [1338-1348] 1336 (6 2 14 0 0) -> 1284 (6 2 1 0 0)
Hop 1: [1345-1337] 1345 (7 0 0 1 0) -> 1401 (7 0 14 1 0)
Hop 2: [1345-1337] 1401 (7 0 14 1 0) -> 1529 (7 2 14 1 0)
Hop 1: [1346-1340] 1346 (7 0 0 2 0) -> 1344 (7 0 0 0 0)
Hop 2: [1346-1340] 1344 (7 0 0 0 0) -> 1404 (7 0 15 0 0)
Hop 3: [1346-1340] 1404 (7 0 15 0 0) -> 1532 (7 2 15 0 0)
Hop 4: [1346-1340] 1532 (7 2 15 0 0) -> 1340 (6 2 15 0 0)
Hop 3: [1345-1337] 1529 (7 2 14 1 0) -> 1337 (6 2 14 1 0)
Hop 1: [1342-1351] 1342 (6 2 15 2 0) -> 1343 (6 2 15 3 0)
Hop 2: [1342-1351] 1343 (6 2 15 3 0) -> 1287 (6 2 1 3 0)
Hop 3: [1338-1348] 1284 (6 2 1 0 0) -> 1156 (6 0 1 0 0)
Hop 4: [1338-1348] 1156 (6 0 1 0 0) -> 1348 (7 0 1 0 0)
Hop 1: [1332-1348] 1332 (6 2 13 0 0) -> 1284 (6 2 1 0 0)
Hop 2: [1332-1348] 1284 (6 2 1 0 0) -> 1156 (6 0 1 0 0)
Hop 3: [1319-1351] 1159 (6 0 1 3 0) -> 1351 (7 0 1 3 0)
Hop 3: [1317-1349] 1157 (6 0 1 1 0) -> 1349 (7 0 1 1 0)
Hop 1: [1310-1337] 1310 (6 2 7 2 0) -> 1309 (6 2 7 1 0)
Hop 2: [1310-1337] 1309 (6 2 7 1 0) -> 1337 (6 2 14 1 0)
Hop 1: [1303-1335] 1303 (6 2 5 3 0) -> 1335 (6 2 13 3 0)
Hop 1: [1288-1328] 1288 (6 2 2 0 0) -> 1328 (6 2 12 0 0)
Hop 1: [1287-1286] 1287 (6 2 1 3 0) -> 1286 (6 2 1 2 0)
Hop 1: [1312-1344] 1312 (6 2 8 0 0) -> 1280 (6 2 0 0 0)
Hop 2: [1312-1344] 1280 (6 2 0 0 0) -> 1152 (6 0 0 0 0)
Hop 1: [1318-1324] 1318 (6 2 9 2 0) -> 1316 (6 2 9 0 0)
Hop 2: [1318-1324] 1316 (6 2 9 0 0) -> 1324 (6 2 11 0 0)
Hop 1: [1323-1288] 1323 (6 2 10 3 0) -> 1320 (6 2 10 0 0)
Hop 2: [1323-1288] 1320 (6 2 10 0 0) -> 1288 (6 2 2 0 0)
Hop 1: [1328-1288] 1328 (6 2 12 0 0) -> 1288 (6 2 2 0 0)
Hop 1: [1331-1338] 1331 (6 2 12 3 0) -> 1330 (6 2 12 2 0)
Hop 2: [1331-1338] 1330 (6 2 12 2 0) -> 1338 (6 2 14 2 0)
Hop 3: [1332-1348] 1156 (6 0 1 0 0) -> 1348 (7 0 1 0 0)
Hop 3: [1342-1351] 1287 (6 2 1 3 0) -> 1159 (6 0 1 3 0)
Hop 4: [1342-1351] 1159 (6 0 1 3 0) -> 1351 (7 0 1 3 0)
Hop 1: [1347-1345] 1347 (7 0 0 3 0) -> 1345 (7 0 0 1 0)
Hop 1: [1345-1338] 1345 (7 0 0 1 0) -> 1346 (7 0 0 2 0)
Hop 2: [1345-1338] 1346 (7 0 0 2 0) -> 1402 (7 0 14 2 0)
Hop 1: [1322-1286] 1322 (6 2 10 2 0) -> 1286 (6 2 1 2 0)
Hop 3: [1312-1344] 1152 (6 0 0 0 0) -> 1344 (7 0 0 0 0)
Hop 1: [1288-1285] 1288 (6 2 2 0 0) -> 1289 (6 2 2 1 0)
Hop 2: [1288-1285] 1289 (6 2 2 1 0) -> 1285 (6 2 1 1 0)
Hop 1: [1287-1288] 1287 (6 2 1 3 0) -> 1284 (6 2 1 0 0)
Hop 2: [1287-1288] 1284 (6 2 1 0 0) -> 1288 (6 2 2 0 0)
Hop 1: [1303-1286] 1303 (6 2 5 3 0) -> 1302 (6 2 5 2 0)
Hop 2: [1303-1286] 1302 (6 2 5 2 0) -> 1286 (6 2 1 2 0)
Hop 1: [1310-1338] 1310 (6 2 7 2 0) -> 1338 (6 2 14 2 0)
Hop 1: [1317-1288] 1317 (6 2 9 1 0) -> 1316 (6 2 9 0 0)
Hop 2: [1317-1288] 1316 (6 2 9 0 0) -> 1288 (6 2 2 0 0)
Hop 3: [1345-1338] 1402 (7 0 14 2 0) -> 1530 (7 2 14 2 0)
Hop 4: [1345-1338] 1530 (7 2 14 2 0) -> 1338 (6 2 14 2 0)
Hop 1: [1346-1342] 1346 (7 0 0 2 0) -> 1406 (7 0 15 2 0)
Hop 2: [1346-1342] 1406 (7 0 15 2 0) -> 1534 (7 2 15 2 0)
Hop 1: [1342-1352] 1342 (6 2 15 2 0) -> 1340 (6 2 15 0 0)
Hop 2: [1342-1352] 1340 (6 2 15 0 0) -> 1288 (6 2 2 0 0)
Hop 1: [1331-1342] 1331 (6 2 12 3 0) -> 1330 (6 2 12 2 0)
Hop 2: [1331-1342] 1330 (6 2 12 2 0) -> 1342 (6 2 15 2 0)
Hop 1: [1318-1330] 1318 (6 2 9 2 0) -> 1330 (6 2 12 2 0)
Hop 1: [1288-1286] 1288 (6 2 2 0 0) -> 1290 (6 2 2 2 0)
Hop 2: [1288-1286] 1290 (6 2 2 2 0) -> 1286 (6 2 1 2 0)
Hop 1: [1313-1289] 1313 (6 2 8 1 0) -> 1289 (6 2 2 1 0)
Hop 1: [1322-1288] 1322 (6 2 10 2 0) -> 1320 (6 2 10 0 0)
Hop 2: [1322-1288] 1320 (6 2 10 0 0) -> 1288 (6 2 2 0 0)
Hop 3: [1342-1352] 1288 (6 2 2 0 0) -> 1160 (6 0 2 0 0)
Hop 4: [1342-1352] 1160 (6 0 2 0 0) -> 1352 (7 0 2 0 0)
Hop 1: [1345-1340] 1345 (7 0 0 1 0) -> 1344 (7 0 0 0 0)
Hop 2: [1345-1340] 1344 (7 0 0 0 0) -> 1404 (7 0 15 0 0)
Hop 3: [1346-1342] 1534 (7 2 15 2 0) -> 1342 (6 2 15 2 0)
Hop 1: [1347-1346] 1347 (7 0 0 3 0) -> 1346 (7 0 0 2 0)
Hop 3: [1345-1340] 1404 (7 0 15 0 0) -> 1532 (7 2 15 0 0)
Hop 4: [1345-1340] 1532 (7 2 15 0 0) -> 1340 (6 2 15 0 0)
Hop 1: [1312-1288] 1312 (6 2 8 0 0) -> 1288 (6 2 2 0 0)
Hop 1: [1310-1286] 1310 (6 2 7 2 0) -> 1286 (6 2 1 2 0)
Hop 1: [1303-1287] 1303 (6 2 5 3 0) -> 1287 (6 2 1 3 0)
Hop 1: [1318-1331] 1318 (6 2 9 2 0) -> 1319 (6 2 9 3 0)
Hop 2: [1318-1331] 1319 (6 2 9 3 0) -> 1331 (6 2 12 3 0)
Hop 1: [1331-1345] 1331 (6 2 12 3 0) -> 1329 (6 2 12 1 0)
Hop 2: [1331-1345] 1329 (6 2 12 1 0) -> 1281 (6 2 0 1 0)
Hop 1: [1345-1341] 1345 (7 0 0 1 0) -> 1405 (7 0 15 1 0)
Hop 2: [1345-1341] 1405 (7 0 15 1 0) -> 1533 (7 2 15 1 0)
Hop 3: [1331-1345] 1281 (6 2 0 1 0) -> 1153 (6 0 0 1 0)
Hop 4: [1331-1345] 1153 (6 0 0 1 0) -> 1345 (7 0 0 1 0)
Hop 1: [1303-1288] 1303 (6 2 5 3 0) -> 1300 (6 2 5 0 0)
Hop 2: [1303-1288] 1300 (6 2 5 0 0) -> 1288 (6 2 2 0 0)
Hop 1: [1288-1287] 1288 (6 2 2 0 0) -> 1291 (6 2 2 3 0)
Hop 2: [1288-1287] 1291 (6 2 2 3 0) -> 1287 (6 2 1 3 0)
Hop 1: [1310-1342] 1310 (6 2 7 2 0) -> 1342 (6 2 15 2 0)
Hop 3: [1345-1341] 1533 (7 2 15 1 0) -> 1341 (6 2 15 1 0)
Hop 1: [1347-1348] 1347 (7 0 0 3 0) -> 1344 (7 0 0 0 0)
Hop 2: [1347-1348] 1344 (7 0 0 0 0) -> 1348 (7 0 1 0 0)
Hop 1: [1346-1345] 1346 (7 0 0 2 0) -> 1345 (7 0 0 1 0)
Hop 1: [1318-1332] 1318 (6 2 9 2 0) -> 1316 (6 2 9 0 0)
Hop 2: [1318-1332] 1316 (6 2 9 0 0) -> 1332 (6 2 13 0 0)
Hop 1: [1303-1289] 1303 (6 2 5 3 0) -> 1301 (6 2 5 1 0)
Hop 2: [1303-1289] 1301 (6 2 5 1 0) -> 1289 (6 2 2 1 0)
Hop 1: [1331-1347] 1331 (6 2 12 3 0) -> 1283 (6 2 0 3 0)
Hop 2: [1331-1347] 1283 (6 2 0 3 0) -> 1155 (6 0 0 3 0)
Hop 1: [1345-1342] 1345 (7 0 0 1 0) -> 1346 (7 0 0 2 0)
Hop 2: [1345-1342] 1346 (7 0 0 2 0) -> 1406 (7 0 15 2 0)
Hop 3: [1345-1342] 1406 (7 0 15 2 0) -> 1534 (7 2 15 2 0)
Hop 4: [1345-1342] 1534 (7 2 15 2 0) -> 1342 (6 2 15 2 0)
Hop 3: [1331-1347] 1155 (6 0 0 3 0) -> 1347 (7 0 0 3 0)
Hop 1: [1310-1288] 1310 (6 2 7 2 0) -> 1308 (6 2 7 0 0)
Hop 2: [1310-1288] 1308 (6 2 7 0 0) -> 1288 (6 2 2 0 0)
Hop 1: [1318-1338] 1318 (6 2 9 2 0) -> 1338 (6 2 14 2 0)
Hop 1: [1347-1349] 1347 (7 0 0 3 0) -> 1345 (7 0 0 1 0)
Hop 2: [1347-1349] 1345 (7 0 0 1 0) -> 1349 (7 0 1 1 0)
Hop 1: [1346-1347] 1346 (7 0 0 2 0) -> 1347 (7 0 0 3 0)
Hop 1: [1345-1344] 1345 (7 0 0 1 0) -> 1344 (7 0 0 0 0)
Hop 1: [1345-1346] 1345 (7 0 0 1 0) -> 1346 (7 0 0 2 0)
Hop 1: [1318-1340] 1318 (6 2 9 2 0) -> 1316 (6 2 9 0 0)
Hop 2: [1318-1340] 1316 (6 2 9 0 0) -> 1340 (6 2 15 0 0)
Hop 1: [1347-1350] 1347 (7 0 0 3 0) -> 1346 (7 0 0 2 0)
Hop 2: [1347-1350] 1346 (7 0 0 2 0) -> 1350 (7 0 1 2 0)
Hop 1: [1345-1347] 1345 (7 0 0 1 0) -> 1347 (7 0 0 3 0)
Hop 1: [1318-1345] 1318 (6 2 9 2 0) -> 1317 (6 2 9 1 0)
Hop 2: [1318-1345] 1317 (6 2 9 1 0) -> 1281 (6 2 0 1 0)
Hop 1: [1346-1348] 1346 (7 0 0 2 0) -> 1344 (7 0 0 0 0)
Hop 2: [1346-1348] 1344 (7 0 0 0 0) -> 1348 (7 0 1 0 0)
Hop 1: [1345-1348] 1345 (7 0 0 1 0) -> 1344 (7 0 0 0 0)
Hop 2: [1345-1348] 1344 (7 0 0 0 0) -> 1348 (7 0 1 0 0)
Hop 3: [1318-1345] 1281 (6 2 0 1 0) -> 1153 (6 0 0 1 0)
Hop 4: [1318-1345] 1153 (6 0 0 1 0) -> 1345 (7 0 0 1 0)
Hop 1: [1345-1349] 1345 (7 0 0 1 0) -> 1349 (7 0 1 1 0)
Hop 1: [1347-1351] 1347 (7 0 0 3 0) -> 1351 (7 0 1 3 0)
Hop 1: [1346-1350] 1346 (7 0 0 2 0) -> 1350 (7 0 1 2 0)
Hop 1: [1345-1350] 1345 (7 0 0 1 0) -> 1346 (7 0 0 2 0)
Hop 2: [1345-1350] 1346 (7 0 0 2 0) -> 1350 (7 0 1 2 0)
Hop 1: [1318-1346] 1318 (6 2 9 2 0) -> 1282 (6 2 0 2 0)
Hop 2: [1318-1346] 1282 (6 2 0 2 0) -> 1154 (6 0 0 2 0)
Hop 3: [1318-1346] 1154 (6 0 0 2 0) -> 1346 (7 0 0 2 0)
Hop 1: [1347-1352] 1347 (7 0 0 3 0) -> 1344 (7 0 0 0 0)
Hop 2: [1347-1352] 1344 (7 0 0 0 0) -> 1352 (7 0 2 0 0)
Hop 1: [1318-1347] 1318 (6 2 9 2 0) -> 1319 (6 2 9 3 0)
Hop 2: [1318-1347] 1319 (6 2 9 3 0) -> 1283 (6 2 0 3 0)
Hop 3: [1318-1347] 1283 (6 2 0 3 0) -> 1155 (6 0 0 3 0)
Hop 4: [1318-1347] 1155 (6 0 0 3 0) -> 1347 (7 0 0 3 0)
Hop 1: [1346-1351] 1346 (7 0 0 2 0) -> 1347 (7 0 0 3 0)
Hop 2: [1346-1351] 1347 (7 0 0 3 0) -> 1351 (7 0 1 3 0)
Hop 1: [1346-1352] 1346 (7 0 0 2 0) -> 1344 (7 0 0 0 0)
Hop 2: [1346-1352] 1344 (7 0 0 0 0) -> 1352 (7 0 2 0 0)
Hop 1: [1318-1350] 1318 (6 2 9 2 0) -> 1286 (6 2 1 2 0)
Hop 2: [1318-1350] 1286 (6 2 1 2 0) -> 1158 (6 0 1 2 0)
Hop 3: [1318-1350] 1158 (6 0 1 2 0) -> 1350 (7 0 1 2 0)
