Hop 1: [57-1] 57 (0 0 3 1 0 1) -> 49 (0 0 3 0 0 1)
Hop 2: [57-1] 49 (0 0 3 0 0 1) -> 1 (0 0 0 0 0 1)
Hop 1: [193-1] 193 (1 1 0 0 0 1) -> 129 (1 0 0 0 0 1)
Hop 1: [170-106] 170 (1 0 2 1 0 2) -> 234 (1 1 2 1 0 2)
Hop 1: [132-131] 132 (1 0 0 0 1 0) -> 131 (1 0 0 0 0 3)
Hop 2: [170-106] 234 (1 1 2 1 0 2) -> 106 (0 1 2 1 0 2)
Hop 1: [232-168] 232 (1 1 2 1 0 0) -> 168 (1 0 2 1 0 0)
Hop 1: [161-153] 161 (1 0 2 0 0 1) -> 169 (1 0 2 1 0 1)
Hop 2: [193-1] 129 (1 0 0 0 0 1) -> 1 (0 0 0 0 0 1)
Hop 1: [173-109] 173 (1 0 2 1 1 1) -> 237 (1 1 2 1 1 1)
Hop 1: [4-12] 4 (0 0 0 0 1 0) -> 12 (0 0 0 1 1 0)
Hop 1: [167-103] 167 (1 0 2 0 1 3) -> 231 (1 1 2 0 1 3)
Hop 1: [67-123] 67 (0 1 0 0 0 3) -> 75 (0 1 0 1 0 3)
Hop 2: [161-153] 169 (1 0 2 1 0 1) -> 153 (1 0 1 1 0 1)
Hop 1: [176-112] 176 (1 0 3 0 0 0) -> 240 (1 1 3 0 0 0)
Hop 1: [254-190] 254 (1 1 3 1 1 2) -> 190 (1 0 3 1 1 2)
Hop 1: [188-124] 188 (1 0 3 1 1 0) -> 252 (1 1 3 1 1 0)
Hop 1: [226-162] 226 (1 1 2 0 0 2) -> 162 (1 0 2 0 0 2)
Hop 2: [173-109] 237 (1 1 2 1 1 1) -> 109 (0 1 2 1 1 1)
Hop 1: [76-12] 76 (0 1 0 1 1 0) -> 12 (0 0 0 1 1 0)
Hop 1: [68-124] 68 (0 1 0 0 1 0) -> 76 (0 1 0 1 1 0)
Hop 1: [213-149] 213 (1 1 1 0 1 1) -> 149 (1 0 1 0 1 1)
Hop 1: [78-14] 78 (0 1 0 1 1 2) -> 14 (0 0 0 1 1 2)
Hop 2: [67-123] 75 (0 1 0 1 0 3) -> 123 (0 1 3 1 0 3)
Hop 1: [244-180] 244 (1 1 3 0 1 0) -> 180 (1 0 3 0 1 0)
Hop 1: [80-144] 80 (0 1 1 0 0 0) -> 16 (0 0 1 0 0 0)
Hop 1: [184-120] 184 (1 0 3 1 0 0) -> 248 (1 1 3 1 0 0)
Hop 2: [176-112] 240 (1 1 3 0 0 0) -> 112 (0 1 3 0 0 0)
Hop 1: [168-104] 168 (1 0 2 1 0 0) -> 232 (1 1 2 1 0 0)
Hop 1: [223-159] 223 (1 1 1 1 1 3) -> 159 (1 0 1 1 1 3)
Hop 1: [123-115] 123 (0 1 3 1 0 3) -> 115 (0 1 3 0 0 3)
Hop 1: [81-145] 81 (0 1 1 0 0 1) -> 17 (0 0 1 0 0 1)
Hop 2: [167-103] 231 (1 1 2 0 1 3) -> 103 (0 1 2 0 1 3)
Hop 1: [26-18] 26 (0 0 1 1 0 2) -> 18 (0 0 1 0 0 2)
Hop 1: [31-223] 31 (0 0 1 1 1 3) -> 95 (0 1 1 1 1 3)
Hop 1: [253-189] 253 (1 1 3 1 1 1) -> 189 (1 0 3 1 1 1)
Hop 1: [231-167] 231 (1 1 2 0 1 3) -> 167 (1 0 2 0 1 3)
Hop 1: [169-105] 169 (1 0 2 1 0 1) -> 233 (1 1 2 1 0 1)
Hop 1: [189-125] 189 (1 0 3 1 1 1) -> 253 (1 1 3 1 1 1)
Hop 1: [222-158] 222 (1 1 1 1 1 2) -> 158 (1 0 1 1 1 2)
Hop 2: [184-120] 248 (1 1 3 1 0 0) -> 120 (0 1 3 1 0 0)
Hop 1: [91-155] 91 (0 1 1 1 0 3) -> 27 (0 0 1 1 0 3)
Hop 1: [56-0] 56 (0 0 3 1 0 0) -> 48 (0 0 3 0 0 0)
Hop 1: [92-100] 92 (0 1 1 1 1 0) -> 84 (0 1 1 0 1 0)
Hop 1: [175-111] 175 (1 0 2 1 1 3) -> 239 (1 1 2 1 1 3)
Hop 1: [5-13] 5 (0 0 0 0 1 1) -> 13 (0 0 0 1 1 1)
Hop 1: [242-178] 242 (1 1 3 0 0 2) -> 178 (1 0 3 0 0 2)
Hop 1: [20-12] 20 (0 0 1 0 1 0) -> 28 (0 0 1 1 1 0)
Hop 2: [68-124] 76 (0 1 0 1 1 0) -> 124 (0 1 3 1 1 0)
Hop 1: [233-169] 233 (1 1 2 1 0 1) -> 169 (1 0 2 1 0 1)
Hop 1: [121-113] 121 (0 1 3 1 0 1) -> 113 (0 1 3 0 0 1)
Hop 1: [166-102] 166 (1 0 2 0 1 2) -> 230 (1 1 2 0 1 2)
Hop 1: [178-114] 178 (1 0 3 0 0 2) -> 242 (1 1 3 0 0 2)
Hop 1: [19-11] 19 (0 0 1 0 0 3) -> 27 (0 0 1 1 0 3)
Hop 1: [196-132] 196 (1 1 0 0 1 0) -> 132 (1 0 0 0 1 0)
Hop 2: [168-104] 232 (1 1 2 1 0 0) -> 104 (0 1 2 1 0 0)
Hop 1: [240-176] 240 (1 1 3 0 0 0) -> 176 (1 0 3 0 0 0)
Hop 2: [188-124] 252 (1 1 3 1 1 0) -> 124 (0 1 3 1 1 0)
Hop 1: [234-170] 234 (1 1 2 1 0 2) -> 170 (1 0 2 1 0 2)
Hop 1: [85-149] 85 (0 1 1 0 1 1) -> 21 (0 0 1 0 1 1)
Hop 1: [236-172] 236 (1 1 2 1 1 0) -> 172 (1 0 2 1 1 0)
Hop 2: [80-144] 16 (0 0 1 0 0 0) -> 144 (1 0 1 0 0 0)
Hop 1: [180-116] 180 (1 0 3 0 1 0) -> 244 (1 1 3 0 1 0)
Hop 1: [89-153] 89 (0 1 1 1 0 1) -> 25 (0 0 1 1 0 1)
Hop 1: [160-152] 160 (1 0 2 0 0 0) -> 168 (1 0 2 1 0 0)
Hop 1: [93-101] 93 (0 1 1 1 1 1) -> 85 (0 1 1 0 1 1)
Hop 1: [24-16] 24 (0 0 1 1 0 0) -> 16 (0 0 1 0 0 0)
Hop 1: [18-10] 18 (0 0 1 0 0 2) -> 26 (0 0 1 1 0 2)
Hop 1: [250-186] 250 (1 1 3 1 0 2) -> 186 (1 0 3 1 0 2)
Hop 1: [28-20] 28 (0 0 1 1 1 0) -> 20 (0 0 1 0 1 0)
Hop 1: [228-164] 228 (1 1 2 0 1 0) -> 164 (1 0 2 0 1 0)
Hop 1: [64-0] 64 (0 1 0 0 0 0) -> 0 (0 0 0 0 0 0)
Hop 2: [169-105] 233 (1 1 2 1 0 1) -> 105 (0 1 2 1 0 1)
Hop 1: [7-0] 7 (0 0 0 0 1 3) -> 0 (0 0 0 0 0 0)
Hop 1: [23-15] 23 (0 0 1 0 1 3) -> 31 (0 0 1 1 1 3)
Hop 1: [246-182] 246 (1 1 3 0 1 2) -> 182 (1 0 3 0 1 2)
Hop 1: [69-125] 69 (0 1 0 0 1 1) -> 77 (0 1 0 1 1 1)
Hop 1: [190-126] 190 (1 0 3 1 1 2) -> 254 (1 1 3 1 1 2)
Hop 1: [116-108] 116 (0 1 3 0 1 0) -> 124 (0 1 3 1 1 0)
Hop 1: [235-171] 235 (1 1 2 1 0 3) -> 171 (1 0 2 1 0 3)
Hop 1: [86-150] 86 (0 1 1 0 1 2) -> 22 (0 0 1 0 1 2)
Hop 1: [225-161] 225 (1 1 2 0 0 1) -> 161 (1 0 2 0 0 1)
Hop 2: [81-145] 17 (0 0 1 0 0 1) -> 145 (1 0 1 0 0 1)
Hop 1: [181-117] 181 (1 0 3 0 1 1) -> 245 (1 1 3 0 1 1)
Hop 2: [166-102] 230 (1 1 2 0 1 2) -> 102 (0 1 2 0 1 2)
Hop 1: [186-122] 186 (1 0 3 1 0 2) -> 250 (1 1 3 1 0 2)
Hop 1: [90-154] 90 (0 1 1 1 0 2) -> 26 (0 0 1 1 0 2)
Hop 1: [94-102] 94 (0 1 1 1 1 2) -> 86 (0 1 1 0 1 2)
Hop 1: [25-17] 25 (0 0 1 1 0 1) -> 17 (0 0 1 0 0 1)
Hop 2: [175-111] 239 (1 1 2 1 1 3) -> 111 (0 1 2 1 1 3)
Hop 2: [19-11] 27 (0 0 1 1 0 3) -> 11 (0 0 0 1 0 3)
Hop 1: [248-184] 248 (1 1 3 1 0 0) -> 184 (1 0 3 1 0 0)
Hop 1: [30-22] 30 (0 0 1 1 1 2) -> 22 (0 0 1 0 1 2)
Hop 1: [45-109] 45 (0 0 2 1 1 1) -> 109 (0 1 2 1 1 1)
Hop 1: [79-143] 79 (0 1 0 1 1 3) -> 15 (0 0 0 1 1 3)
Hop 1: [65-1] 65 (0 1 0 0 0 1) -> 1 (0 0 0 0 0 1)
Hop 1: [6-14] 6 (0 0 0 0 1 2) -> 14 (0 0 0 1 1 2)
Hop 1: [204-12] 204 (1 1 0 1 1 0) -> 140 (1 0 0 1 1 0)
Hop 1: [21-13] 21 (0 0 1 0 1 1) -> 29 (0 0 1 1 1 1)
Hop 1: [247-183] 247 (1 1 3 0 1 3) -> 183 (1 0 3 0 1 3)
Hop 1: [70-126] 70 (0 1 0 0 1 2) -> 78 (0 1 0 1 1 2)
Hop 2: [189-125] 253 (1 1 3 1 1 1) -> 125 (0 1 3 1 1 1)
Hop 1: [60-124] 60 (0 0 3 1 1 0) -> 124 (0 1 3 1 1 0)
Hop 1: [151-143] 151 (1 0 1 0 1 3) -> 159 (1 0 1 1 1 3)
Hop 1: [120-112] 120 (0 1 3 1 0 0) -> 112 (0 1 3 0 0 0)
Hop 1: [87-151] 87 (0 1 1 0 1 3) -> 23 (0 0 1 0 1 3)
Hop 1: [227-163] 227 (1 1 2 0 0 3) -> 163 (1 0 2 0 0 3)
Hop 1: [108-100] 108 (0 1 2 1 1 0) -> 100 (0 1 2 0 1 0)
Hop 2: [180-116] 244 (1 1 3 0 1 0) -> 116 (0 1 3 0 1 0)
Hop 1: [8-0] 8 (0 0 0 1 0 0) -> 0 (0 0 0 0 0 0)
Hop 1: [165-101] 165 (1 0 2 0 1 1) -> 229 (1 1 2 0 1 1)
Hop 2: [91-155] 27 (0 0 1 1 0 3) -> 155 (1 0 1 1 0 3)
Hop 1: [174-110] 174 (1 0 2 1 1 2) -> 238 (1 1 2 1 1 2)
Hop 1: [249-185] 249 (1 1 3 1 0 1) -> 185 (1 0 3 1 0 1)
Hop 1: [66-122] 66 (0 1 0 0 0 2) -> 74 (0 1 0 1 0 2)
Hop 1: [50-114] 50 (0 0 3 0 0 2) -> 114 (0 1 3 0 0 2)
Hop 1: [22-14] 22 (0 0 1 0 1 2) -> 30 (0 0 1 1 1 2)
Hop 1: [71-127] 71 (0 1 0 0 1 3) -> 79 (0 1 0 1 1 3)
Hop 2: [85-149] 21 (0 0 1 0 1 1) -> 149 (1 0 1 0 1 1)
Hop 1: [224-160] 224 (1 1 2 0 0 0) -> 160 (1 0 2 0 0 0)
Hop 1: [82-146] 82 (0 1 1 0 0 2) -> 18 (0 0 1 0 0 2)
Hop 1: [182-118] 182 (1 0 3 0 1 2) -> 246 (1 1 3 0 1 2)
Hop 1: [9-1] 9 (0 0 0 1 0 1) -> 1 (0 0 0 0 0 1)
Hop 1: [214-150] 214 (1 1 1 0 1 2) -> 150 (1 0 1 0 1 2)
Hop 2: [186-122] 250 (1 1 3 1 0 2) -> 122 (0 1 3 1 0 2)
Hop 2: [90-154] 26 (0 0 1 1 0 2) -> 154 (1 0 1 1 0 2)
Hop 1: [162-154] 162 (1 0 2 0 0 2) -> 170 (1 0 2 1 0 2)
Hop 2: [93-101] 85 (0 1 1 0 1 1) -> 101 (0 1 2 0 1 1)
Hop 1: [73-137] 73 (0 1 0 1 0 1) -> 9 (0 0 0 1 0 1)
Hop 1: [177-113] 177 (1 0 3 0 0 1) -> 241 (1 1 3 0 0 1)
Hop 1: [52-116] 52 (0 0 3 0 1 0) -> 116 (0 1 3 0 1 0)
Hop 1: [251-187] 251 (1 1 3 1 0 3) -> 187 (1 0 3 1 0 3)
Hop 2: [31-223] 95 (0 1 1 1 1 3) -> 223 (1 1 1 1 1 3)
Hop 1: [77-13] 77 (0 1 0 1 1 1) -> 13 (0 0 0 1 1 1)
Hop 1: [229-165] 229 (1 1 2 0 1 1) -> 165 (1 0 2 0 1 1)
Hop 2: [23-15] 31 (0 0 1 1 1 3) -> 15 (0 0 0 1 1 3)
Hop 2: [69-125] 77 (0 1 0 1 1 1) -> 125 (0 1 3 1 1 1)
Hop 1: [84-148] 84 (0 1 1 0 1 0) -> 20 (0 0 1 0 1 0)
Hop 1: [238-174] 238 (1 1 2 1 1 2) -> 174 (1 0 2 1 1 2)
Hop 1: [83-147] 83 (0 1 1 0 0 3) -> 19 (0 0 1 0 0 3)
Hop 1: [183-119] 183 (1 0 3 0 1 3) -> 247 (1 1 3 0 1 3)
Hop 1: [216-152] 216 (1 1 1 1 0 0) -> 152 (1 0 1 1 0 0)
Hop 1: [164-100] 164 (1 0 2 0 1 0) -> 228 (1 1 2 0 1 0)
Hop 1: [200-136] 200 (1 1 0 1 0 0) -> 136 (1 0 0 1 0 0)
Hop 1: [187-123] 187 (1 0 3 1 0 3) -> 251 (1 1 3 1 0 3)
Hop 1: [58-122] 58 (0 0 3 1 0 2) -> 122 (0 1 3 1 0 2)
Hop 1: [163-155] 163 (1 0 2 0 0 3) -> 171 (1 0 2 1 0 3)
Hop 2: [92-100] 84 (0 1 1 0 1 0) -> 100 (0 1 2 0 1 0)
Hop 1: [172-108] 172 (1 0 2 1 1 0) -> 236 (1 1 2 1 1 0)
Hop 2: [18-10] 26 (0 0 1 1 0 2) -> 10 (0 0 0 1 0 2)
Hop 1: [42-106] 42 (0 0 2 1 0 2) -> 106 (0 1 2 1 0 2)
Hop 1: [230-166] 230 (1 1 2 0 1 2) -> 166 (1 0 2 0 1 2)
Hop 1: [155-147] 155 (1 0 1 1 0 3) -> 147 (1 0 1 0 0 3)
Hop 2: [22-14] 30 (0 0 1 1 1 2) -> 14 (0 0 0 1 1 2)
Hop 1: [245-181] 245 (1 1 3 0 1 1) -> 181 (1 0 3 0 1 1)
Hop 2: [71-127] 79 (0 1 0 1 1 3) -> 127 (0 1 3 1 1 3)
Hop 2: [190-126] 254 (1 1 3 1 1 2) -> 126 (0 1 3 1 1 2)
Hop 1: [3-11] 3 (0 0 0 0 0 3) -> 11 (0 0 0 1 0 3)
Hop 2: [116-108] 124 (0 1 3 1 1 0) -> 108 (0 1 2 1 1 0)
Hop 1: [122-114] 122 (0 1 3 1 0 2) -> 114 (0 1 3 0 0 2)
Hop 2: [86-150] 22 (0 0 1 0 1 2) -> 150 (1 0 1 0 1 2)
Hop 1: [35-227] 35 (0 0 2 0 0 3) -> 99 (0 1 2 0 0 3)
Hop 1: [142-134] 142 (1 0 0 1 1 2) -> 134 (1 0 0 0 1 2)
Hop 2: [165-101] 229 (1 1 2 0 1 1) -> 101 (0 1 2 0 1 1)
Hop 1: [95-103] 95 (0 1 1 1 1 3) -> 87 (0 1 1 0 1 3)
Hop 2: [178-114] 242 (1 1 3 0 0 2) -> 114 (0 1 3 0 0 2)
Hop 1: [27-19] 27 (0 0 1 1 0 3) -> 19 (0 0 1 0 0 3)
Hop 1: [195-131] 195 (1 1 0 0 0 3) -> 131 (1 0 0 0 0 3)
Hop 1: [46-110] 46 (0 0 2 1 1 2) -> 110 (0 1 2 1 1 2)
Hop 1: [255-191] 255 (1 1 3 1 1 3) -> 191 (1 0 3 1 1 3)
Hop 2: [79-143] 15 (0 0 0 1 1 3) -> 143 (1 0 0 1 1 3)
Hop 1: [205-13] 205 (1 1 0 1 1 1) -> 141 (1 0 0 1 1 1)
Hop 1: [241-177] 241 (1 1 3 0 0 1) -> 177 (1 0 3 0 0 1)
Hop 2: [20-12] 28 (0 0 1 1 1 0) -> 12 (0 0 0 1 1 0)
Hop 1: [191-127] 191 (1 0 3 1 1 3) -> 255 (1 1 3 1 1 3)
Hop 2: [151-143] 159 (1 0 1 1 1 3) -> 143 (1 0 0 1 1 3)
Hop 2: [87-151] 23 (0 0 1 0 1 3) -> 151 (1 0 1 0 1 3)
Hop 1: [239-175] 239 (1 1 2 1 1 3) -> 175 (1 0 2 1 1 3)
Hop 2: [181-117] 245 (1 1 3 0 1 1) -> 117 (0 1 3 0 1 1)
Hop 1: [217-153] 217 (1 1 1 1 0 1) -> 153 (1 0 1 1 0 1)
Hop 1: [12-11] 12 (0 0 0 1 1 0) -> 11 (0 0 0 1 0 3)
Hop 1: [201-137] 201 (1 1 0 1 0 1) -> 137 (1 0 0 1 0 1)
Hop 2: [187-123] 251 (1 1 3 1 0 3) -> 123 (0 1 3 1 0 3)
Hop 2: [56-0] 48 (0 0 3 0 0 0) -> 0 (0 0 0 0 0 0)
Hop 2: [160-152] 168 (1 0 2 1 0 0) -> 152 (1 0 1 1 0 0)
Hop 2: [94-102] 86 (0 1 1 0 1 2) -> 102 (0 1 2 0 1 2)
Hop 2: [174-110] 238 (1 1 2 1 1 2) -> 110 (0 1 2 1 1 2)
Hop 1: [29-21] 29 (0 0 1 1 1 1) -> 21 (0 0 1 0 1 1)
Hop 2: [66-122] 74 (0 1 0 1 0 2) -> 122 (0 1 3 1 0 2)
Hop 1: [153-145] 153 (1 0 1 1 0 1) -> 145 (1 0 1 0 0 1)
Hop 1: [243-179] 243 (1 1 3 0 0 3) -> 179 (1 0 3 0 0 3)
Hop 2: [21-13] 29 (0 0 1 1 1 1) -> 13 (0 0 0 1 1 1)
Hop 2: [70-126] 78 (0 1 0 1 1 2) -> 126 (0 1 3 1 1 2)
Hop 1: [208-144] 208 (1 1 1 0 0 0) -> 144 (1 0 1 0 0 0)
Hop 1: [147-139] 147 (1 0 1 0 0 3) -> 155 (1 0 1 1 0 3)
Hop 1: [32-224] 32 (0 0 2 0 0 0) -> 96 (0 1 2 0 0 0)
Hop 2: [82-146] 18 (0 0 1 0 0 2) -> 146 (1 0 1 0 0 2)
Hop 2: [164-100] 228 (1 1 2 0 1 0) -> 100 (0 1 2 0 1 0)
Hop 1: [127-119] 127 (0 1 3 1 1 3) -> 119 (0 1 3 0 1 3)
Hop 1: [88-152] 88 (0 1 1 1 0 0) -> 24 (0 0 1 1 0 0)
Hop 1: [98-106] 98 (0 1 2 0 0 2) -> 106 (0 1 2 1 0 2)
Hop 2: [162-154] 170 (1 0 2 1 0 2) -> 154 (1 0 1 1 0 2)
Hop 2: [73-137] 9 (0 0 0 1 0 1) -> 137 (1 0 0 1 0 1)
Hop 2: [177-113] 241 (1 1 3 0 0 1) -> 113 (0 1 3 0 0 1)
Hop 1: [44-108] 44 (0 0 2 1 1 0) -> 108 (0 1 2 1 1 0)
Hop 1: [197-133] 197 (1 1 0 0 1 1) -> 133 (1 0 0 0 1 1)
Hop 1: [112-104] 112 (0 1 3 0 0 0) -> 120 (0 1 3 1 0 0)
Hop 1: [171-107] 171 (1 0 2 1 0 3) -> 235 (1 1 2 1 0 3)
Hop 1: [136-128] 136 (1 0 0 1 0 0) -> 128 (1 0 0 0 0 0)
Hop 1: [221-157] 221 (1 1 1 1 1 1) -> 157 (1 0 1 1 1 1)
Hop 2: [83-147] 19 (0 0 1 0 0 3) -> 147 (1 0 1 0 0 3)
Hop 1: [109-101] 109 (0 1 2 1 1 1) -> 101 (0 1 2 0 1 1)
Hop 2: [183-119] 247 (1 1 3 0 1 3) -> 119 (0 1 3 0 1 3)
Hop 1: [202-10] 202 (1 1 0 1 0 2) -> 138 (1 0 0 1 0 2)
Hop 2: [163-155] 171 (1 0 2 1 0 3) -> 155 (1 0 1 1 0 3)
Hop 1: [135-128] 135 (1 0 0 0 1 3) -> 128 (1 0 0 0 0 0)
Hop 1: [37-101] 37 (0 0 2 0 1 1) -> 101 (0 1 2 0 1 1)
Hop 1: [157-149] 157 (1 0 1 1 1 1) -> 149 (1 0 1 0 1 1)
Hop 1: [210-146] 210 (1 1 1 0 0 2) -> 146 (1 0 1 0 0 2)
Hop 2: [84-148] 20 (0 0 1 0 1 0) -> 148 (1 0 1 0 1 0)
Hop 2: [89-153] 25 (0 0 1 1 0 1) -> 153 (1 0 1 1 0 1)
Hop 1: [99-100] 99 (0 1 2 0 0 3) -> 100 (0 1 2 0 1 0)
Hop 1: [72-136] 72 (0 1 0 1 0 0) -> 8 (0 0 0 1 0 0)
Hop 2: [172-108] 236 (1 1 2 1 1 0) -> 108 (0 1 2 1 1 0)
Hop 1: [53-117] 53 (0 0 3 0 1 1) -> 117 (0 1 3 0 1 1)
Hop 1: [113-105] 113 (0 1 3 0 0 1) -> 121 (0 1 3 1 0 1)
Hop 1: [137-129] 137 (1 0 0 1 0 1) -> 129 (1 0 0 0 0 1)
Hop 1: [220-156] 220 (1 1 1 1 1 0) -> 156 (1 0 1 1 1 0)
Hop 1: [150-142] 150 (1 0 1 0 1 2) -> 158 (1 0 1 1 1 2)
Hop 1: [111-103] 111 (0 1 2 1 1 3) -> 103 (0 1 2 0 1 3)
Hop 2: [182-118] 246 (1 1 3 0 1 2) -> 118 (0 1 3 0 1 2)
Hop 1: [185-121] 185 (1 0 3 1 0 1) -> 249 (1 1 3 1 0 1)
Hop 2: [95-103] 87 (0 1 1 0 1 3) -> 103 (0 1 2 0 1 3)
Hop 1: [39-103] 39 (0 0 2 0 1 3) -> 103 (0 1 2 0 1 3)
Hop 2: [171-107] 235 (1 1 2 1 0 3) -> 107 (0 1 2 1 0 3)
Hop 1: [158-150] 158 (1 0 1 1 1 2) -> 150 (1 0 1 0 1 2)
Hop 1: [118-110] 118 (0 1 3 0 1 2) -> 126 (0 1 3 1 1 2)
Hop 1: [145-137] 145 (1 0 1 0 0 1) -> 153 (1 0 1 1 0 1)
Hop 1: [34-226] 34 (0 0 2 0 0 2) -> 98 (0 1 2 0 0 2)
Hop 1: [125-117] 125 (0 1 3 1 1 1) -> 117 (0 1 3 0 1 1)
Hop 1: [97-105] 97 (0 1 2 0 0 1) -> 105 (0 1 2 1 0 1)
Hop 1: [192-0] 192 (1 1 0 0 0 0) -> 128 (1 0 0 0 0 0)
Hop 1: [252-188] 252 (1 1 3 1 1 0) -> 188 (1 0 3 1 1 0)
Hop 1: [199-135] 199 (1 1 0 0 1 3) -> 135 (1 0 0 0 1 3)
Hop 1: [114-106] 114 (0 1 3 0 0 2) -> 122 (0 1 3 1 0 2)
Hop 2: [204-12] 140 (1 0 0 1 1 0) -> 12 (0 0 0 1 1 0)
Hop 1: [63-127] 63 (0 0 3 1 1 3) -> 127 (0 1 3 1 1 3)
Hop 1: [149-141] 149 (1 0 1 0 1 1) -> 157 (1 0 1 1 1 1)
Hop 1: [219-155] 219 (1 1 1 1 0 3) -> 155 (1 0 1 1 0 3)
Hop 2: [202-10] 138 (1 0 0 1 0 2) -> 10 (0 0 0 1 0 2)
Hop 2: [185-121] 249 (1 1 3 1 0 1) -> 121 (0 1 3 1 0 1)
Hop 2: [88-152] 24 (0 0 1 1 0 0) -> 152 (1 0 1 1 0 0)
Hop 1: [36-100] 36 (0 0 2 0 1 0) -> 100 (0 1 2 0 1 0)
Hop 1: [41-105] 41 (0 0 2 1 0 1) -> 105 (0 1 2 1 0 1)
Hop 1: [156-148] 156 (1 0 1 1 1 0) -> 148 (1 0 1 0 1 0)
Hop 1: [209-145] 209 (1 1 1 0 0 1) -> 145 (1 0 1 0 0 1)
Hop 1: [146-138] 146 (1 0 1 0 0 2) -> 154 (1 0 1 1 0 2)
Hop 1: [33-225] 33 (0 0 2 0 0 1) -> 97 (0 1 2 0 0 1)
Hop 1: [143-135] 143 (1 0 0 1 1 3) -> 135 (1 0 0 0 1 3)
Hop 1: [126-118] 126 (0 1 3 1 1 2) -> 118 (0 1 3 0 1 2)
Hop 1: [96-103] 96 (0 1 2 0 0 0) -> 103 (0 1 2 0 1 3)
Hop 1: [74-10] 74 (0 1 0 1 0 2) -> 10 (0 0 0 1 0 2)
Hop 1: [179-115] 179 (1 0 3 0 0 3) -> 243 (1 1 3 0 0 3)
Hop 1: [115-107] 115 (0 1 3 0 0 3) -> 123 (0 1 3 1 0 3)
Hop 2: [205-13] 141 (1 0 0 1 1 1) -> 13 (0 0 0 1 1 1)
Hop 1: [138-130] 138 (1 0 0 1 0 2) -> 130 (1 0 0 0 0 2)
Hop 2: [191-127] 255 (1 1 3 1 1 3) -> 127 (0 1 3 1 1 3)
Hop 1: [61-125] 61 (0 0 3 1 1 1) -> 125 (0 1 3 1 1 1)
Hop 1: [43-107] 43 (0 0 2 1 0 3) -> 107 (0 1 2 1 0 3)
Hop 1: [159-151] 159 (1 0 1 1 1 3) -> 151 (1 0 1 0 1 3)
Hop 1: [211-147] 211 (1 1 1 0 0 3) -> 147 (1 0 1 0 0 3)
Hop 2: [147-139] 155 (1 0 1 1 0 3) -> 139 (1 0 0 1 0 3)
Hop 2: [32-224] 96 (0 1 2 0 0 0) -> 224 (1 1 2 0 0 0)
Hop 1: [141-133] 141 (1 0 0 1 1 1) -> 133 (1 0 0 0 1 1)
Hop 1: [215-151] 215 (1 1 1 0 1 3) -> 151 (1 0 1 0 1 3)
Hop 2: [72-136] 8 (0 0 0 1 0 0) -> 136 (1 0 0 1 0 0)
Hop 2: [179-115] 243 (1 1 3 0 0 3) -> 115 (0 1 3 0 0 3)
Hop 2: [192-0] 128 (1 0 0 0 0 0) -> 0 (0 0 0 0 0 0)
Hop 1: [55-119] 55 (0 0 3 0 1 3) -> 119 (0 1 3 0 1 3)
Hop 1: [198-134] 198 (1 1 0 0 1 2) -> 134 (1 0 0 0 1 2)
Hop 2: [112-104] 120 (0 1 3 1 0 0) -> 104 (0 1 2 1 0 0)
Hop 1: [206-14] 206 (1 1 0 1 1 2) -> 142 (1 0 0 1 1 2)
Hop 1: [139-131] 139 (1 0 0 1 0 3) -> 131 (1 0 0 0 0 3)
Hop 2: [149-141] 157 (1 0 1 1 1 1) -> 141 (1 0 0 1 1 1)
Hop 1: [237-173] 237 (1 1 2 1 1 1) -> 173 (1 0 2 1 1 1)
Hop 1: [59-123] 59 (0 0 3 1 0 3) -> 123 (0 1 3 1 0 3)
Hop 1: [38-102] 38 (0 0 2 0 1 2) -> 102 (0 1 2 0 1 2)
Hop 1: [40-104] 40 (0 0 2 1 0 0) -> 104 (0 1 2 1 0 0)
Hop 1: [49-113] 49 (0 0 3 0 0 1) -> 113 (0 1 3 0 0 1)
Hop 1: [154-146] 154 (1 0 1 1 0 2) -> 146 (1 0 1 0 0 2)
Hop 2: [118-110] 126 (0 1 3 1 1 2) -> 110 (0 1 2 1 1 2)
Hop 1: [144-136] 144 (1 0 1 0 0 0) -> 152 (1 0 1 1 0 0)
Hop 2: [34-226] 98 (0 1 2 0 0 2) -> 226 (1 1 2 0 0 2)
Hop 1: [140-132] 140 (1 0 0 1 1 0) -> 132 (1 0 0 0 1 0)
Hop 1: [47-111] 47 (0 0 2 1 1 3) -> 111 (0 1 2 1 1 3)
Hop 2: [113-105] 121 (0 1 3 1 0 1) -> 105 (0 1 2 1 0 1)
Hop 1: [207-143] 207 (1 1 0 1 1 3) -> 143 (1 0 0 1 1 3)
Hop 2: [150-142] 158 (1 0 1 1 1 2) -> 142 (1 0 0 1 1 2)
Hop 1: [51-115] 51 (0 0 3 0 0 3) -> 115 (0 1 3 0 0 3)
Hop 1: [152-144] 152 (1 0 1 1 0 0) -> 144 (1 0 1 0 0 0)
Hop 1: [212-148] 212 (1 1 1 0 1 0) -> 148 (1 0 1 0 1 0)
Hop 2: [114-106] 122 (0 1 3 1 0 2) -> 106 (0 1 2 1 0 2)
Hop 1: [62-126] 62 (0 0 3 1 1 2) -> 126 (0 1 3 1 1 2)
Hop 1: [148-140] 148 (1 0 1 0 1 0) -> 156 (1 0 1 1 1 0)
Hop 1: [117-109] 117 (0 1 3 0 1 1) -> 125 (0 1 3 1 1 1)
Hop 2: [145-137] 153 (1 0 1 1 0 1) -> 137 (1 0 0 1 0 1)
Hop 2: [33-225] 97 (0 1 2 0 0 1) -> 225 (1 1 2 0 0 1)
Hop 1: [194-130] 194 (1 1 0 0 0 2) -> 130 (1 0 0 0 0 2)
Hop 1: [54-118] 54 (0 0 3 0 1 2) -> 118 (0 1 3 0 1 2)
Hop 2: [115-107] 123 (0 1 3 1 0 3) -> 107 (0 1 2 1 0 3)
Hop 1: [48-112] 48 (0 0 3 0 0 0) -> 112 (0 1 3 0 0 0)
Hop 2: [144-136] 152 (1 0 1 1 0 0) -> 136 (1 0 0 1 0 0)
Hop 2: [35-227] 99 (0 1 2 0 0 3) -> 227 (1 1 2 0 0 3)
Hop 2: [206-14] 142 (1 0 0 1 1 2) -> 14 (0 0 0 1 1 2)
Hop 2: [148-140] 156 (1 0 1 1 1 0) -> 140 (1 0 0 1 1 0)
Hop 1: [218-154] 218 (1 1 1 1 0 2) -> 154 (1 0 1 1 0 2)
Hop 2: [117-109] 125 (0 1 3 1 1 1) -> 109 (0 1 2 1 1 1)
Hop 1: [124-116] 124 (0 1 3 1 1 0) -> 116 (0 1 3 0 1 0)
Hop 1: [110-102] 110 (0 1 2 1 1 2) -> 102 (0 1 2 0 1 2)
Hop 1: [119-111] 119 (0 1 3 0 1 3) -> 127 (0 1 3 1 1 3)
Hop 1: [75-11] 75 (0 1 0 1 0 3) -> 11 (0 0 0 1 0 3)
Hop 1: [203-11] 203 (1 1 0 1 0 3) -> 139 (1 0 0 1 0 3)
Hop 2: [146-138] 154 (1 0 1 1 0 2) -> 138 (1 0 0 1 0 2)
Hop 2: [119-111] 127 (0 1 3 1 1 3) -> 111 (0 1 2 1 1 3)
Hop 2: [203-11] 139 (1 0 0 1 0 3) -> 11 (0 0 0 1 0 3)
Hop 1: [182-174] 182 (1 0 3 0 1 2) -> 190 (1 0 3 1 1 2)
Hop 1: [16-208] 16 (0 0 1 0 0 0) -> 80 (0 1 1 0 0 0)
Hop 1: [65-121] 65 (0 1 0 0 0 1) -> 73 (0 1 0 1 0 1)
Hop 1: [173-165] 173 (1 0 2 1 1 1) -> 165 (1 0 2 0 1 1)
Hop 1: [189-133] 189 (1 0 3 1 1 1) -> 181 (1 0 3 0 1 1)
Hop 1: [247-239] 247 (1 1 3 0 1 3) -> 255 (1 1 3 1 1 3)
Hop 1: [253-197] 253 (1 1 3 1 1 1) -> 245 (1 1 3 0 1 1)
Hop 1: [88-24] 88 (0 1 1 1 0 0) -> 24 (0 0 1 1 0 0)
Hop 1: [6-198] 6 (0 0 0 0 1 2) -> 70 (0 1 0 0 1 2)
Hop 1: [223-215] 223 (1 1 1 1 1 3) -> 215 (1 1 1 0 1 3)
Hop 1: [230-222] 230 (1 1 2 0 1 2) -> 238 (1 1 2 1 1 2)
Hop 1: [244-236] 244 (1 1 3 0 1 0) -> 252 (1 1 3 1 1 0)
Hop 1: [252-196] 252 (1 1 3 1 1 0) -> 244 (1 1 3 0 1 0)
Hop 1: [250-194] 250 (1 1 3 1 0 2) -> 242 (1 1 3 0 0 2)
Hop 1: [15-207] 15 (0 0 0 1 1 3) -> 79 (0 1 0 1 1 3)
Hop 1: [168-160] 168 (1 0 2 1 0 0) -> 160 (1 0 2 0 0 0)
Hop 1: [178-170] 178 (1 0 3 0 0 2) -> 186 (1 0 3 1 0 2)
Hop 1: [76-140] 76 (0 1 0 1 1 0) -> 12 (0 0 0 1 1 0)
Hop 1: [186-130] 186 (1 0 3 1 0 2) -> 178 (1 0 3 0 0 2)
Hop 1: [10-18] 10 (0 0 0 1 0 2) -> 2 (0 0 0 0 0 2)
Hop 1: [167-159] 167 (1 0 2 0 1 3) -> 175 (1 0 2 1 1 3)
Hop 1: [82-18] 82 (0 1 1 0 0 2) -> 18 (0 0 1 0 0 2)
Hop 1: [183-175] 183 (1 0 3 0 1 3) -> 191 (1 0 3 1 1 3)
Hop 1: [2-10] 2 (0 0 0 0 0 2) -> 10 (0 0 0 1 0 2)
Hop 2: [16-208] 80 (0 1 1 0 0 0) -> 208 (1 1 1 0 0 0)
Hop 1: [93-157] 93 (0 1 1 1 1 1) -> 29 (0 0 1 1 1 1)
Hop 1: [242-234] 242 (1 1 3 0 0 2) -> 250 (1 1 3 1 0 2)
Hop 1: [31-23] 31 (0 0 1 1 1 3) -> 23 (0 0 1 0 1 3)
Hop 1: [172-164] 172 (1 0 2 1 1 0) -> 164 (1 0 2 0 1 0)
Hop 1: [87-23] 87 (0 1 1 0 1 3) -> 23 (0 0 1 0 1 3)
Hop 1: [248-192] 248 (1 1 3 1 0 0) -> 240 (1 1 3 0 0 0)
Hop 2: [189-133] 181 (1 0 3 0 1 1) -> 133 (1 0 0 0 1 1)
Hop 1: [171-163] 171 (1 0 2 1 0 3) -> 163 (1 0 2 0 0 3)
Hop 2: [6-198] 70 (0 1 0 0 1 2) -> 198 (1 1 0 0 1 2)
Hop 1: [177-169] 177 (1 0 3 0 0 1) -> 185 (1 0 3 1 0 1)
Hop 1: [77-141] 77 (0 1 0 1 1 1) -> 13 (0 0 0 1 1 1)
Hop 1: [187-131] 187 (1 0 3 1 0 3) -> 179 (1 0 3 0 0 3)
Hop 1: [228-220] 228 (1 1 2 0 1 0) -> 236 (1 1 2 1 1 0)
Hop 1: [71-135] 71 (0 1 0 0 1 3) -> 7 (0 0 0 0 1 3)
Hop 1: [164-156] 164 (1 0 2 0 1 0) -> 172 (1 0 2 1 1 0)
Hop 2: [182-174] 190 (1 0 3 1 1 2) -> 174 (1 0 2 1 1 2)
Hop 1: [0-192] 0 (0 0 0 0 0 0) -> 64 (0 1 0 0 0 0)
Hop 1: [226-218] 226 (1 1 2 0 0 2) -> 234 (1 1 2 1 0 2)
Hop 1: [95-159] 95 (0 1 1 1 1 3) -> 31 (0 0 1 1 1 3)
Hop 1: [243-235] 243 (1 1 3 0 0 3) -> 251 (1 1 3 1 0 3)
Hop 1: [26-218] 26 (0 0 1 1 0 2) -> 90 (0 1 1 1 0 2)
Hop 1: [235-227] 235 (1 1 2 1 0 3) -> 227 (1 1 2 0 0 3)
Hop 1: [28-220] 28 (0 0 1 1 1 0) -> 92 (0 1 1 1 1 0)
Hop 2: [247-239] 255 (1 1 3 1 1 3) -> 239 (1 1 2 1 1 3)
Hop 2: [65-121] 73 (0 1 0 1 0 1) -> 121 (0 1 3 1 0 1)
Hop 1: [84-20] 84 (0 1 1 0 1 0) -> 20 (0 0 1 0 1 0)
Hop 1: [251-195] 251 (1 1 3 1 0 3) -> 243 (1 1 3 0 0 3)
Hop 2: [15-207] 79 (0 1 0 1 1 3) -> 207 (1 1 0 1 1 3)
Hop 1: [91-27] 91 (0 1 1 1 0 3) -> 27 (0 0 1 1 0 3)
Hop 1: [170-162] 170 (1 0 2 1 0 2) -> 162 (1 0 2 0 0 2)
Hop 1: [78-142] 78 (0 1 0 1 1 2) -> 14 (0 0 0 1 1 2)
Hop 2: [186-130] 178 (1 0 3 0 0 2) -> 130 (1 0 0 0 0 2)
Hop 1: [61-253] 61 (0 0 3 1 1 1) -> 125 (0 1 3 1 1 1)
Hop 2: [230-222] 238 (1 1 2 1 1 2) -> 222 (1 1 1 1 1 2)
Hop 1: [68-132] 68 (0 1 0 0 1 0) -> 4 (0 0 0 0 1 0)
Hop 1: [239-231] 239 (1 1 2 1 1 3) -> 231 (1 1 2 0 1 3)
Hop 2: [167-159] 175 (1 0 2 1 1 3) -> 159 (1 0 1 1 1 3)
Hop 1: [83-19] 83 (0 1 1 0 0 3) -> 19 (0 0 1 0 0 3)
Hop 1: [1-193] 1 (0 0 0 0 0 1) -> 65 (0 1 0 0 0 1)
Hop 1: [225-217] 225 (1 1 2 0 0 1) -> 233 (1 1 2 1 0 1)
Hop 1: [240-232] 240 (1 1 3 0 0 0) -> 248 (1 1 3 1 0 0)
Hop 1: [24-216] 24 (0 0 1 1 0 0) -> 88 (0 1 1 1 0 0)
Hop 1: [234-226] 234 (1 1 2 1 0 2) -> 226 (1 1 2 0 0 2)
Hop 2: [244-236] 252 (1 1 3 1 1 0) -> 236 (1 1 2 1 1 0)
Hop 1: [66-130] 66 (0 1 0 0 0 2) -> 2 (0 0 0 0 0 2)
Hop 1: [255-199] 255 (1 1 3 1 1 3) -> 247 (1 1 3 0 1 3)
Hop 1: [85-21] 85 (0 1 1 0 1 1) -> 21 (0 0 1 0 1 1)
Hop 2: [250-194] 242 (1 1 3 0 0 2) -> 194 (1 1 0 0 0 2)
Hop 1: [190-134] 190 (1 0 3 1 1 2) -> 182 (1 0 3 0 1 2)
Hop 1: [90-26] 90 (0 1 1 1 0 2) -> 26 (0 0 1 1 0 2)
Hop 2: [178-170] 186 (1 0 3 1 0 2) -> 170 (1 0 2 1 0 2)
Hop 2: [77-141] 13 (0 0 0 1 1 1) -> 141 (1 0 0 1 1 1)
Hop 1: [184-128] 184 (1 0 3 1 0 0) -> 176 (1 0 3 0 0 0)
Hop 1: [124-123] 124 (0 1 3 1 1 0) -> 123 (0 1 3 1 0 3)
Hop 2: [228-220] 236 (1 1 2 1 1 0) -> 220 (1 1 1 1 1 0)
Hop 1: [69-133] 69 (0 1 0 0 1 1) -> 5 (0 0 0 0 1 1)
Hop 1: [75-139] 75 (0 1 0 1 0 3) -> 11 (0 0 0 1 0 3)
Hop 1: [11-12] 11 (0 0 0 1 0 3) -> 12 (0 0 0 1 1 0)
Hop 1: [37-229] 37 (0 0 2 0 1 1) -> 101 (0 1 2 0 1 1)
Hop 1: [166-158] 166 (1 0 2 0 1 2) -> 174 (1 0 2 1 1 2)
Hop 2: [226-218] 234 (1 1 2 1 0 2) -> 218 (1 1 1 1 0 2)
Hop 2: [93-157] 29 (0 0 1 1 1 1) -> 157 (1 0 1 1 1 1)
Hop 1: [41-233] 41 (0 0 2 1 0 1) -> 105 (0 1 2 1 0 1)
Hop 2: [243-235] 251 (1 1 3 1 0 3) -> 235 (1 1 2 1 0 3)
Hop 2: [26-218] 90 (0 1 1 1 0 2) -> 218 (1 1 1 1 0 2)
Hop 1: [232-224] 232 (1 1 2 1 0 0) -> 224 (1 1 2 0 0 0)
Hop 1: [30-222] 30 (0 0 1 1 1 2) -> 94 (0 1 1 1 1 2)
Hop 2: [252-196] 244 (1 1 3 0 1 0) -> 196 (1 1 0 0 1 0)
Hop 1: [23-16] 23 (0 0 1 0 1 3) -> 16 (0 0 1 0 0 0)
Hop 1: [99-107] 99 (0 1 2 0 0 3) -> 107 (0 1 2 1 0 3)
Hop 1: [218-210] 218 (1 1 1 1 0 2) -> 210 (1 1 1 0 0 2)
Hop 1: [54-246] 54 (0 0 3 0 1 2) -> 118 (0 1 3 0 1 2)
Hop 1: [4-196] 4 (0 0 0 0 1 0) -> 68 (0 1 0 0 1 0)
Hop 1: [179-171] 179 (1 0 3 0 0 3) -> 187 (1 0 3 1 0 3)
Hop 2: [187-131] 179 (1 0 3 0 0 3) -> 131 (1 0 0 0 0 3)
Hop 1: [222-214] 222 (1 1 1 1 1 2) -> 214 (1 1 1 0 1 2)
Hop 1: [231-223] 231 (1 1 2 0 1 3) -> 239 (1 1 2 1 1 3)
Hop 1: [70-134] 70 (0 1 0 0 1 2) -> 6 (0 0 0 0 1 2)
Hop 2: [10-18] 2 (0 0 0 0 0 2) -> 18 (0 0 1 0 0 2)
Hop 2: [183-175] 191 (1 0 3 1 1 3) -> 175 (1 0 2 1 1 3)
Hop 2: [0-192] 64 (0 1 0 0 0 0) -> 192 (1 1 0 0 0 0)
Hop 2: [225-217] 233 (1 1 2 1 0 1) -> 217 (1 1 1 1 0 1)
Hop 1: [94-158] 94 (0 1 1 1 1 2) -> 30 (0 0 1 1 1 2)
Hop 1: [27-219] 27 (0 0 1 1 0 3) -> 91 (0 1 1 1 0 3)
Hop 1: [233-225] 233 (1 1 2 1 0 1) -> 225 (1 1 2 0 0 1)
Hop 2: [66-130] 2 (0 0 0 0 0 2) -> 130 (1 0 0 0 0 2)
Hop 1: [254-198] 254 (1 1 3 1 1 2) -> 246 (1 1 3 0 1 2)
Hop 1: [175-167] 175 (1 0 2 1 1 3) -> 167 (1 0 2 0 1 3)
Hop 1: [86-22] 86 (0 1 1 0 1 2) -> 22 (0 0 1 0 1 2)
Hop 1: [201-193] 201 (1 1 0 1 0 1) -> 193 (1 1 0 0 0 1)
Hop 1: [188-132] 188 (1 0 3 1 1 0) -> 180 (1 0 3 0 1 0)
Hop 2: [177-169] 185 (1 0 3 1 0 1) -> 169 (1 0 2 1 0 1)
Hop 2: [76-140] 12 (0 0 0 1 1 0) -> 140 (1 0 0 1 1 0)
Hop 2: [69-133] 5 (0 0 0 0 1 1) -> 133 (1 0 0 0 1 1)
Hop 1: [38-230] 38 (0 0 2 0 1 2) -> 102 (0 1 2 0 1 2)
Hop 2: [1-193] 65 (0 1 0 0 0 1) -> 193 (1 1 0 0 0 1)
Hop 2: [95-159] 31 (0 0 1 1 1 3) -> 159 (1 0 1 1 1 3)
Hop 1: [25-217] 25 (0 0 1 1 0 1) -> 89 (0 1 1 1 0 1)
Hop 2: [28-220] 92 (0 1 1 1 1 0) -> 220 (1 1 1 1 1 0)
Hop 1: [245-237] 245 (1 1 3 0 1 1) -> 253 (1 1 3 1 1 1)
Hop 1: [67-131] 67 (0 1 0 0 0 3) -> 3 (0 0 0 0 0 3)
Hop 2: [253-197] 245 (1 1 3 0 1 1) -> 197 (1 1 0 0 1 1)
Hop 2: [251-195] 243 (1 1 3 0 0 3) -> 195 (1 1 0 0 0 3)
Hop 1: [169-161] 169 (1 0 2 1 0 1) -> 161 (1 0 2 0 0 1)
Hop 1: [7-15] 7 (0 0 0 0 1 3) -> 15 (0 0 0 1 1 3)
Hop 1: [176-168] 176 (1 0 3 0 0 0) -> 184 (1 0 3 1 0 0)
Hop 2: [61-253] 125 (0 1 3 1 1 1) -> 253 (1 1 3 1 1 1)
Hop 2: [70-134] 6 (0 0 0 0 1 2) -> 134 (1 0 0 0 1 2)
Hop 1: [81-17] 81 (0 1 1 0 0 1) -> 17 (0 0 1 0 0 1)
Hop 1: [143-136] 143 (1 0 0 1 1 3) -> 136 (1 0 0 1 0 0)
Hop 1: [181-173] 181 (1 0 3 0 1 1) -> 189 (1 0 3 1 1 1)
Hop 1: [100-108] 100 (0 1 2 0 1 0) -> 108 (0 1 2 1 1 0)
Hop 1: [227-219] 227 (1 1 2 0 0 3) -> 235 (1 1 2 1 0 3)
Hop 1: [92-156] 92 (0 1 1 1 1 0) -> 28 (0 0 1 1 1 0)
Hop 2: [240-232] 248 (1 1 3 1 0 0) -> 232 (1 1 2 1 0 0)
Hop 2: [27-219] 91 (0 1 1 1 0 3) -> 219 (1 1 1 1 0 3)
Hop 1: [29-221] 29 (0 0 1 1 1 1) -> 93 (0 1 1 1 1 1)
Hop 1: [56-120] 56 (0 0 3 1 0 0) -> 120 (0 1 3 1 0 0)
Hop 2: [255-199] 247 (1 1 3 0 1 3) -> 199 (1 1 0 0 1 3)
Hop 1: [20-19] 20 (0 0 1 0 1 0) -> 19 (0 0 1 0 0 3)
Hop 1: [174-166] 174 (1 0 2 1 1 2) -> 166 (1 0 2 0 1 2)
Hop 1: [203-139] 203 (1 1 0 1 0 3) -> 139 (1 0 0 1 0 3)
Hop 2: [248-192] 240 (1 1 3 0 0 0) -> 192 (1 1 0 0 0 0)
Hop 1: [35-27] 35 (0 0 2 0 0 3) -> 43 (0 0 2 1 0 3)
Hop 2: [190-134] 182 (1 0 3 0 1 2) -> 134 (1 0 0 0 1 2)
Hop 1: [148-147] 148 (1 0 1 0 1 0) -> 147 (1 0 1 0 0 3)
Hop 2: [4-196] 68 (0 1 0 0 1 0) -> 196 (1 1 0 0 1 0)
Hop 1: [79-15] 79 (0 1 0 1 1 3) -> 15 (0 0 0 1 1 3)
Hop 1: [205-141] 205 (1 1 0 1 1 1) -> 141 (1 0 0 1 1 1)
Hop 1: [220-212] 220 (1 1 1 1 1 0) -> 212 (1 1 1 0 1 0)
Hop 2: [231-223] 239 (1 1 2 1 1 3) -> 223 (1 1 1 1 1 3)
Hop 2: [68-132] 4 (0 0 0 0 1 0) -> 132 (1 0 0 0 1 0)
Hop 2: [75-139] 11 (0 0 0 1 0 3) -> 139 (1 0 0 1 0 3)
Hop 2: [164-156] 172 (1 0 2 1 1 0) -> 156 (1 0 1 1 1 0)
Hop 1: [180-172] 180 (1 0 3 0 1 0) -> 188 (1 0 3 1 1 0)
Hop 1: [108-107] 108 (0 1 2 1 1 0) -> 107 (0 1 2 1 0 3)
Hop 1: [224-216] 224 (1 1 2 0 0 0) -> 232 (1 1 2 1 0 0)
Hop 1: [199-192] 199 (1 1 0 0 1 3) -> 192 (1 1 0 0 0 0)
Hop 2: [242-234] 250 (1 1 3 1 0 2) -> 234 (1 1 2 1 0 2)
Hop 2: [24-216] 88 (0 1 1 1 0 0) -> 216 (1 1 1 1 0 0)
Hop 1: [214-206] 214 (1 1 1 0 1 2) -> 222 (1 1 1 1 1 2)
Hop 1: [51-243] 51 (0 0 3 0 0 3) -> 115 (0 1 3 0 0 3)
Hop 1: [64-120] 64 (0 1 0 0 0 0) -> 72 (0 1 0 1 0 0)
Hop 2: [254-198] 246 (1 1 3 0 1 2) -> 198 (1 1 0 0 1 2)
Hop 1: [249-193] 249 (1 1 3 1 0 1) -> 241 (1 1 3 0 0 1)
Hop 1: [191-135] 191 (1 0 3 1 1 3) -> 183 (1 0 3 0 1 3)
Hop 1: [209-17] 209 (1 1 1 0 0 1) -> 145 (1 0 1 0 0 1)
Hop 1: [5-197] 5 (0 0 0 0 1 1) -> 69 (0 1 0 0 1 1)
Hop 2: [176-168] 184 (1 0 3 1 0 0) -> 168 (1 0 2 1 0 0)
Hop 1: [185-129] 185 (1 0 3 1 0 1) -> 177 (1 0 3 0 0 1)
Hop 1: [62-254] 62 (0 0 3 1 1 2) -> 126 (0 1 3 1 1 2)
Hop 1: [165-157] 165 (1 0 2 0 1 1) -> 173 (1 0 2 1 1 1)
Hop 1: [80-16] 80 (0 1 1 0 0 0) -> 16 (0 0 1 0 0 0)
Hop 2: [94-158] 30 (0 0 1 1 1 2) -> 158 (1 0 1 1 1 2)
Hop 2: [30-222] 94 (0 1 1 1 1 2) -> 222 (1 1 1 1 1 2)
Hop 1: [32-24] 32 (0 0 2 0 0 0) -> 40 (0 0 2 1 0 0)
Hop 2: [188-132] 180 (1 0 3 0 1 0) -> 132 (1 0 0 0 1 0)
Hop 2: [179-171] 187 (1 0 3 1 0 3) -> 171 (1 0 2 1 0 3)
Hop 2: [78-142] 14 (0 0 0 1 1 2) -> 142 (1 0 0 1 1 2)
Hop 1: [207-15] 207 (1 1 0 1 1 3) -> 143 (1 0 0 1 1 3)
Hop 2: [184-128] 176 (1 0 3 0 0 0) -> 128 (1 0 0 0 0 0)
Hop 1: [72-64] 72 (0 1 0 1 0 0) -> 64 (0 1 0 0 0 0)
Hop 2: [37-229] 101 (0 1 2 0 1 1) -> 229 (1 1 2 0 1 1)
Hop 2: [166-158] 174 (1 0 2 1 1 2) -> 158 (1 0 1 1 1 2)
Hop 2: [181-173] 189 (1 0 3 1 1 1) -> 173 (1 0 2 1 1 1)
Hop 2: [41-233] 105 (0 1 2 1 0 1) -> 233 (1 1 2 1 0 1)
Hop 2: [25-217] 89 (0 1 1 1 0 1) -> 217 (1 1 1 1 0 1)
Hop 2: [29-221] 93 (0 1 1 1 1 1) -> 221 (1 1 1 1 1 1)
Hop 1: [49-241] 49 (0 0 3 0 0 1) -> 113 (0 1 3 0 0 1)
Hop 2: [245-237] 253 (1 1 3 1 1 1) -> 237 (1 1 2 1 1 1)
Hop 2: [64-120] 72 (0 1 0 1 0 0) -> 120 (0 1 3 1 0 0)
Hop 1: [96-104] 96 (0 1 2 0 0 0) -> 104 (0 1 2 1 0 0)
Hop 1: [45-237] 45 (0 0 2 1 1 1) -> 109 (0 1 2 1 1 1)
Hop 2: [185-129] 177 (1 0 3 0 0 1) -> 129 (1 0 0 0 0 1)
Hop 2: [71-135] 7 (0 0 0 0 1 3) -> 135 (1 0 0 0 1 3)
Hop 1: [8-15] 8 (0 0 0 1 0 0) -> 15 (0 0 0 1 1 3)
Hop 2: [227-219] 235 (1 1 2 1 0 3) -> 219 (1 1 1 1 0 3)
Hop 2: [92-156] 28 (0 0 1 1 1 0) -> 156 (1 0 1 1 1 0)
Hop 1: [57-121] 57 (0 0 3 1 0 1) -> 121 (0 1 3 1 0 1)
Hop 2: [67-131] 3 (0 0 0 0 0 3) -> 131 (1 0 0 0 0 3)
Hop 1: [116-115] 116 (0 1 3 0 1 0) -> 115 (0 1 3 0 0 3)
Hop 2: [35-27] 43 (0 0 2 1 0 3) -> 27 (0 0 1 1 0 3)
Hop 1: [206-142] 206 (1 1 0 1 1 2) -> 142 (1 0 0 1 1 2)
Hop 1: [156-155] 156 (1 0 1 1 1 0) -> 155 (1 0 1 1 0 3)
Hop 1: [111-104] 111 (0 1 2 1 1 3) -> 104 (0 1 2 1 0 0)
Hop 2: [224-216] 232 (1 1 2 1 0 0) -> 216 (1 1 1 1 0 0)
Hop 2: [214-206] 222 (1 1 1 1 1 2) -> 206 (1 1 0 1 1 2)
Hop 1: [50-242] 50 (0 0 3 0 0 2) -> 114 (0 1 3 0 0 2)
Hop 1: [246-238] 246 (1 1 3 0 1 2) -> 254 (1 1 3 1 1 2)
Hop 1: [97-161] 97 (0 1 2 0 0 1) -> 33 (0 0 2 0 0 1)
Hop 1: [219-211] 219 (1 1 1 1 0 3) -> 211 (1 1 1 0 0 3)
Hop 2: [249-193] 241 (1 1 3 0 0 1) -> 193 (1 1 0 0 0 1)
Hop 2: [54-246] 118 (0 1 3 0 1 2) -> 246 (1 1 3 0 1 2)
Hop 1: [89-25] 89 (0 1 1 1 0 1) -> 25 (0 0 1 1 0 1)
Hop 2: [209-17] 145 (1 0 1 0 0 1) -> 17 (0 0 1 0 0 1)
Hop 2: [5-197] 69 (0 1 0 0 1 1) -> 197 (1 1 0 0 1 1)
Hop 1: [44-236] 44 (0 0 2 1 1 0) -> 108 (0 1 2 1 1 0)
Hop 1: [221-213] 221 (1 1 1 1 1 1) -> 213 (1 1 1 0 1 1)
Hop 1: [237-229] 237 (1 1 2 1 1 1) -> 229 (1 1 2 0 1 1)
Hop 2: [165-157] 173 (1 0 2 1 1 1) -> 157 (1 0 1 1 1 1)
Hop 1: [3-195] 3 (0 0 0 0 0 3) -> 67 (0 1 0 0 0 3)
Hop 1: [103-111] 103 (0 1 2 0 1 3) -> 111 (0 1 2 1 1 3)
Hop 1: [104-111] 104 (0 1 2 1 0 0) -> 111 (0 1 2 1 1 3)
Hop 1: [200-192] 200 (1 1 0 1 0 0) -> 192 (1 1 0 0 0 0)
Hop 1: [34-26] 34 (0 0 2 0 0 2) -> 42 (0 0 2 1 0 2)
Hop 2: [207-15] 143 (1 0 0 1 1 3) -> 15 (0 0 0 1 1 3)
Hop 1: [229-221] 229 (1 1 2 0 1 1) -> 237 (1 1 2 1 1 1)
Hop 2: [38-230] 102 (0 1 2 0 1 2) -> 230 (1 1 2 0 1 2)
Hop 1: [42-234] 42 (0 0 2 1 0 2) -> 106 (0 1 2 1 0 2)
Hop 1: [241-233] 241 (1 1 3 0 0 1) -> 249 (1 1 3 1 0 1)
Hop 1: [212-20] 212 (1 1 1 0 1 0) -> 148 (1 0 1 0 1 0)
Hop 1: [216-208] 216 (1 1 1 1 0 0) -> 208 (1 1 1 0 0 0)
Hop 1: [55-247] 55 (0 0 3 0 1 3) -> 119 (0 1 3 0 1 3)
Hop 1: [211-19] 211 (1 1 1 0 0 3) -> 147 (1 0 1 0 0 3)
Hop 1: [47-239] 47 (0 0 2 1 1 3) -> 111 (0 1 2 1 1 3)
Hop 1: [192-128] 192 (1 1 0 0 0 0) -> 128 (1 0 0 0 0 0)
Hop 2: [62-254] 126 (0 1 3 1 1 2) -> 254 (1 1 3 1 1 2)
Hop 1: [236-228] 236 (1 1 2 1 1 0) -> 228 (1 1 2 0 1 0)
Hop 1: [140-139] 140 (1 0 0 1 1 0) -> 139 (1 0 0 1 0 3)
Hop 2: [180-172] 188 (1 0 3 1 1 0) -> 172 (1 0 2 1 1 0)
Hop 2: [32-24] 40 (0 0 2 1 0 0) -> 24 (0 0 1 1 0 0)
Hop 1: [39-231] 39 (0 0 2 0 1 3) -> 103 (0 1 2 0 1 3)
Hop 2: [3-195] 67 (0 1 0 0 0 3) -> 195 (1 1 0 0 0 3)
Hop 1: [43-235] 43 (0 0 2 1 0 3) -> 107 (0 1 2 1 0 3)
Hop 1: [215-207] 215 (1 1 1 0 1 3) -> 223 (1 1 1 1 1 3)
Hop 2: [51-243] 115 (0 1 3 0 0 3) -> 243 (1 1 3 0 0 3)
Hop 2: [97-161] 33 (0 0 2 0 0 1) -> 161 (1 0 2 0 0 1)
Hop 1: [52-244] 52 (0 0 3 0 1 0) -> 116 (0 1 3 0 1 0)
Hop 2: [191-135] 183 (1 0 3 0 1 3) -> 135 (1 0 0 0 1 3)
Hop 1: [208-16] 208 (1 1 1 0 0 0) -> 144 (1 0 1 0 0 0)
Hop 2: [45-237] 109 (0 1 2 1 1 1) -> 237 (1 1 2 1 1 1)
Hop 1: [238-230] 238 (1 1 2 1 1 2) -> 230 (1 1 2 0 1 2)
Hop 2: [246-238] 254 (1 1 3 1 1 2) -> 238 (1 1 2 1 1 2)
Hop 1: [131-132] 131 (1 0 0 0 0 3) -> 132 (1 0 0 0 1 0)
Hop 1: [127-120] 127 (0 1 3 1 1 3) -> 120 (0 1 3 1 0 0)
Hop 1: [159-152] 159 (1 0 1 1 1 3) -> 152 (1 0 1 1 0 0)
Hop 2: [241-233] 249 (1 1 3 1 0 1) -> 233 (1 1 2 1 0 1)
Hop 1: [196-195] 196 (1 1 0 0 1 0) -> 195 (1 1 0 0 0 3)
Hop 1: [40-232] 40 (0 0 2 1 0 0) -> 104 (0 1 2 1 0 0)
Hop 1: [213-205] 213 (1 1 1 0 1 1) -> 221 (1 1 1 1 1 1)
Hop 1: [48-240] 48 (0 0 3 0 0 0) -> 112 (0 1 3 0 0 0)
Hop 1: [53-245] 53 (0 0 3 0 1 1) -> 117 (0 1 3 0 1 1)
Hop 1: [46-238] 46 (0 0 2 1 1 2) -> 110 (0 1 2 1 1 2)
Hop 1: [128-135] 128 (1 0 0 0 0 0) -> 135 (1 0 0 0 1 3)
Hop 2: [34-26] 42 (0 0 2 1 0 2) -> 26 (0 0 1 1 0 2)
Hop 2: [229-221] 237 (1 1 2 1 1 1) -> 221 (1 1 1 1 1 1)
Hop 1: [74-138] 74 (0 1 0 1 0 2) -> 10 (0 0 0 1 0 2)
Hop 2: [39-231] 103 (0 1 2 0 1 3) -> 231 (1 1 2 0 1 3)
Hop 2: [42-234] 106 (0 1 2 1 0 2) -> 234 (1 1 2 1 0 2)
Hop 2: [212-20] 148 (1 0 1 0 1 0) -> 20 (0 0 1 0 1 0)
Hop 2: [50-242] 114 (0 1 3 0 0 2) -> 242 (1 1 3 0 0 2)
Hop 2: [55-247] 119 (0 1 3 0 1 3) -> 247 (1 1 3 0 1 3)
Hop 2: [211-19] 147 (1 0 1 0 0 3) -> 19 (0 0 1 0 0 3)
Hop 2: [47-239] 111 (0 1 2 1 1 3) -> 239 (1 1 2 1 1 3)
Hop 1: [60-252] 60 (0 0 3 1 1 0) -> 124 (0 1 3 1 1 0)
Hop 1: [107-108] 107 (0 1 2 1 0 3) -> 108 (0 1 2 1 1 0)
Hop 1: [58-2] 58 (0 0 3 1 0 2) -> 50 (0 0 3 0 0 2)
Hop 1: [204-140] 204 (1 1 0 1 1 0) -> 140 (1 0 0 1 1 0)
Hop 2: [43-235] 107 (0 1 2 1 0 3) -> 235 (1 1 2 1 0 3)
Hop 2: [215-207] 223 (1 1 1 1 1 3) -> 207 (1 1 0 1 1 3)
Hop 2: [48-240] 112 (0 1 3 0 0 0) -> 240 (1 1 3 0 0 0)
Hop 2: [53-245] 117 (0 1 3 0 1 1) -> 245 (1 1 3 0 1 1)
Hop 1: [210-18] 210 (1 1 1 0 0 2) -> 146 (1 0 1 0 0 2)
Hop 2: [44-236] 108 (0 1 2 1 1 0) -> 236 (1 1 2 1 1 0)
Hop 1: [119-112] 119 (0 1 3 0 1 3) -> 112 (0 1 3 0 0 0)
Hop 2: [213-205] 221 (1 1 1 1 1 1) -> 205 (1 1 0 1 1 1)
Hop 2: [49-241] 113 (0 1 3 0 0 1) -> 241 (1 1 3 0 0 1)
Hop 2: [46-238] 110 (0 1 2 1 1 2) -> 238 (1 1 2 1 1 2)
Hop 1: [193-129] 193 (1 1 0 0 0 1) -> 129 (1 0 0 0 0 1)
Hop 2: [60-252] 124 (0 1 3 1 1 0) -> 252 (1 1 3 1 1 0)
Hop 2: [58-2] 50 (0 0 3 0 0 2) -> 2 (0 0 0 0 0 2)
Hop 1: [151-144] 151 (1 0 1 0 1 3) -> 144 (1 0 1 0 0 0)
Hop 2: [74-138] 10 (0 0 0 1 0 2) -> 138 (1 0 0 1 0 2)
Hop 1: [36-228] 36 (0 0 2 0 1 0) -> 100 (0 1 2 0 1 0)
Hop 1: [98-162] 98 (0 1 2 0 0 2) -> 34 (0 0 2 0 0 2)
Hop 2: [52-244] 116 (0 1 3 0 1 0) -> 244 (1 1 3 0 1 0)
Hop 2: [208-16] 144 (1 0 1 0 0 0) -> 16 (0 0 1 0 0 0)
Hop 2: [40-232] 104 (0 1 2 1 0 0) -> 232 (1 1 2 1 0 0)
Hop 1: [59-251] 59 (0 0 3 1 0 3) -> 123 (0 1 3 1 0 3)
Hop 1: [202-138] 202 (1 1 0 1 0 2) -> 138 (1 0 0 1 0 2)
Hop 1: [33-25] 33 (0 0 2 0 0 1) -> 41 (0 0 2 1 0 1)
Hop 1: [217-209] 217 (1 1 1 1 0 1) -> 209 (1 1 1 0 0 1)
Hop 2: [210-18] 146 (1 0 1 0 0 2) -> 18 (0 0 1 0 0 2)
Hop 1: [73-65] 73 (0 1 0 1 0 1) -> 65 (0 1 0 0 0 1)
Hop 2: [98-162] 34 (0 0 2 0 0 2) -> 162 (1 0 2 0 0 2)
Hop 2: [36-228] 100 (0 1 2 0 1 0) -> 228 (1 1 2 0 1 0)
Hop 2: [33-25] 41 (0 0 2 1 0 1) -> 25 (0 0 1 1 0 1)
Hop 2: [59-251] 123 (0 1 3 1 0 3) -> 251 (1 1 3 1 0 3)
Hop 1: [63-255] 63 (0 0 3 1 1 3) -> 127 (0 1 3 1 1 3)
Hop 2: [63-255] 127 (0 1 3 1 1 3) -> 255 (1 1 3 1 1 3)
Hop 1: [190-182] 190 (1 0 3 1 1 2) -> 182 (1 0 3 0 1 2)
Hop 1: [7-199] 7 (0 0 0 0 1 3) -> 71 (0 1 0 0 1 3)
Hop 1: [83-75] 83 (0 1 1 0 0 3) -> 91 (0 1 1 1 0 3)
Hop 1: [92-28] 92 (0 1 1 1 1 0) -> 28 (0 0 1 1 1 0)
Hop 1: [180-179] 180 (1 0 3 0 1 0) -> 179 (1 0 3 0 0 3)
Hop 1: [14-206] 14 (0 0 0 1 1 2) -> 78 (0 1 0 1 1 2)
Hop 1: [164-163] 164 (1 0 2 0 1 0) -> 163 (1 0 2 0 0 3)
Hop 1: [85-77] 85 (0 1 1 0 1 1) -> 93 (0 1 1 1 1 1)
Hop 1: [17-209] 17 (0 0 1 0 0 1) -> 81 (0 1 1 0 0 1)
Hop 1: [223-216] 223 (1 1 1 1 1 3) -> 216 (1 1 1 1 0 0)
Hop 1: [2-194] 2 (0 0 0 0 0 2) -> 66 (0 1 0 0 0 2)
Hop 1: [11-19] 11 (0 0 0 1 0 3) -> 3 (0 0 0 0 0 3)
Hop 1: [91-83] 91 (0 1 1 1 0 3) -> 83 (0 1 1 0 0 3)
Hop 1: [93-29] 93 (0 1 1 1 1 1) -> 29 (0 0 1 1 1 1)
Hop 1: [70-6] 70 (0 1 0 0 1 2) -> 6 (0 0 0 0 1 2)
Hop 1: [87-79] 87 (0 1 1 0 1 3) -> 95 (0 1 1 1 1 3)
Hop 1: [123-124] 123 (0 1 3 1 0 3) -> 124 (0 1 3 1 1 0)
Hop 1: [79-71] 79 (0 1 0 1 1 3) -> 71 (0 1 0 0 1 3)
Hop 1: [220-219] 220 (1 1 1 1 1 0) -> 219 (1 1 1 1 0 3)
Hop 1: [82-74] 82 (0 1 1 0 0 2) -> 90 (0 1 1 1 0 2)
Hop 1: [186-178] 186 (1 0 3 1 0 2) -> 178 (1 0 3 0 0 2)
Hop 1: [64-128] 64 (0 1 0 0 0 0) -> 0 (0 0 0 0 0 0)
Hop 1: [89-81] 89 (0 1 1 1 0 1) -> 81 (0 1 1 0 0 1)
Hop 1: [249-241] 249 (1 1 3 1 0 1) -> 241 (1 1 3 0 0 1)
Hop 1: [23-215] 23 (0 0 1 0 1 3) -> 87 (0 1 1 0 1 3)
Hop 1: [189-181] 189 (1 0 3 1 1 1) -> 181 (1 0 3 0 1 1)
Hop 1: [68-4] 68 (0 1 0 0 1 0) -> 4 (0 0 0 0 1 0)
Hop 1: [183-176] 183 (1 0 3 0 1 3) -> 176 (1 0 3 0 0 0)
Hop 1: [12-20] 12 (0 0 0 1 1 0) -> 4 (0 0 0 0 1 0)
Hop 1: [86-78] 86 (0 1 1 0 1 2) -> 94 (0 1 1 1 1 2)
Hop 1: [253-245] 253 (1 1 3 1 1 1) -> 245 (1 1 3 0 1 1)
Hop 2: [2-194] 66 (0 1 0 0 0 2) -> 194 (1 1 0 0 0 2)
Hop 2: [83-75] 91 (0 1 1 1 0 3) -> 75 (0 1 0 1 0 3)
Hop 1: [184-176] 184 (1 0 3 1 0 0) -> 176 (1 0 3 0 0 0)
Hop 1: [244-243] 244 (1 1 3 0 1 0) -> 243 (1 1 3 0 0 3)
Hop 1: [28-27] 28 (0 0 1 1 1 0) -> 27 (0 0 1 1 0 3)
Hop 1: [250-242] 250 (1 1 3 1 0 2) -> 242 (1 1 3 0 0 2)
Hop 1: [231-224] 231 (1 1 2 0 1 3) -> 224 (1 1 2 0 0 0)
Hop 1: [22-214] 22 (0 0 1 0 1 2) -> 86 (0 1 1 0 1 2)
Hop 1: [213-21] 213 (1 1 1 0 1 1) -> 149 (1 0 1 0 1 1)
Hop 1: [69-5] 69 (0 1 0 0 1 1) -> 5 (0 0 0 0 1 1)
Hop 2: [7-199] 71 (0 1 0 0 1 3) -> 199 (1 1 0 0 1 3)
Hop 1: [15-23] 15 (0 0 0 1 1 3) -> 7 (0 0 0 0 1 3)
Hop 2: [87-79] 95 (0 1 1 1 1 3) -> 79 (0 1 0 1 1 3)
Hop 1: [78-70] 78 (0 1 0 1 1 2) -> 70 (0 1 0 0 1 2)
Hop 1: [255-247] 255 (1 1 3 1 1 3) -> 247 (1 1 3 0 1 3)
Hop 1: [103-167] 103 (0 1 2 0 1 3) -> 39 (0 0 2 0 1 3)
Hop 1: [160-167] 160 (1 0 2 0 0 0) -> 167 (1 0 2 0 1 3)
Hop 1: [133-141] 133 (1 0 0 0 1 1) -> 141 (1 0 0 1 1 1)
Hop 1: [80-72] 80 (0 1 1 0 0 0) -> 88 (0 1 1 1 0 0)
Hop 2: [11-19] 3 (0 0 0 0 0 3) -> 19 (0 0 1 0 0 3)
Hop 1: [175-168] 175 (1 0 2 1 1 3) -> 168 (1 0 2 1 0 0)
Hop 2: [64-128] 0 (0 0 0 0 0 0) -> 128 (1 0 0 0 0 0)
Hop 1: [248-240] 248 (1 1 3 1 0 0) -> 240 (1 1 3 0 0 0)
Hop 1: [228-227] 228 (1 1 2 0 1 0) -> 227 (1 1 2 0 0 3)
Hop 2: [12-20] 4 (0 0 0 0 1 0) -> 20 (0 0 1 0 1 0)
Hop 1: [76-68] 76 (0 1 0 1 1 0) -> 68 (0 1 0 0 1 0)
Hop 1: [252-244] 252 (1 1 3 1 1 0) -> 244 (1 1 3 0 1 0)
Hop 1: [16-23] 16 (0 0 1 0 0 0) -> 23 (0 0 1 0 1 3)
Hop 1: [239-232] 239 (1 1 2 1 1 3) -> 232 (1 1 2 1 0 0)
Hop 1: [0-56] 0 (0 0 0 0 0 0) -> 8 (0 0 0 1 0 0)
Hop 1: [9-17] 9 (0 0 0 1 0 1) -> 1 (0 0 0 0 0 1)
Hop 1: [65-129] 65 (0 1 0 0 0 1) -> 1 (0 0 0 0 0 1)
Hop 2: [23-215] 87 (0 1 1 0 1 3) -> 215 (1 1 1 0 1 3)
Hop 1: [4-3] 4 (0 0 0 0 1 0) -> 3 (0 0 0 0 0 3)
Hop 2: [85-77] 93 (0 1 1 1 1 1) -> 77 (0 1 0 1 1 1)
Hop 1: [131-139] 131 (1 0 0 0 0 3) -> 139 (1 0 0 1 0 3)
Hop 1: [102-110] 102 (0 1 2 0 1 2) -> 110 (0 1 2 1 1 2)
Hop 2: [17-209] 81 (0 1 1 0 0 1) -> 209 (1 1 1 0 0 1)
Hop 1: [207-199] 207 (1 1 0 1 1 3) -> 199 (1 1 0 0 1 3)
Hop 1: [187-179] 187 (1 0 3 1 0 3) -> 179 (1 0 3 0 0 3)
Hop 1: [8-16] 8 (0 0 0 1 0 0) -> 0 (0 0 0 0 0 0)
Hop 1: [172-171] 172 (1 0 2 1 1 0) -> 171 (1 0 2 1 0 3)
Hop 1: [88-80] 88 (0 1 1 1 0 0) -> 80 (0 1 1 0 0 0)
Hop 1: [95-31] 95 (0 1 1 1 1 3) -> 31 (0 0 1 1 1 3)
Hop 2: [22-214] 86 (0 1 1 0 1 2) -> 214 (1 1 1 0 1 2)
Hop 2: [14-206] 78 (0 1 0 1 1 2) -> 206 (1 1 0 1 1 2)
Hop 2: [86-78] 94 (0 1 1 1 1 2) -> 78 (0 1 0 1 1 2)
Hop 1: [120-127] 120 (0 1 3 1 0 0) -> 127 (0 1 3 1 1 3)
Hop 1: [77-69] 77 (0 1 0 1 1 1) -> 69 (0 1 0 0 1 1)
Hop 1: [75-67] 75 (0 1 0 1 0 3) -> 67 (0 1 0 0 0 3)
Hop 2: [0-56] 8 (0 0 0 1 0 0) -> 56 (0 0 3 1 0 0)
Hop 1: [99-163] 99 (0 1 2 0 0 3) -> 35 (0 0 2 0 0 3)
Hop 1: [10-2] 10 (0 0 0 1 0 2) -> 2 (0 0 0 0 0 2)
Hop 1: [67-3] 67 (0 1 0 0 0 3) -> 3 (0 0 0 0 0 3)
Hop 1: [247-240] 247 (1 1 3 0 1 3) -> 240 (1 1 3 0 0 0)
Hop 1: [90-82] 90 (0 1 1 1 0 2) -> 82 (0 1 1 0 0 2)
Hop 1: [94-30] 94 (0 1 1 1 1 2) -> 30 (0 0 1 1 1 2)
Hop 1: [13-205] 13 (0 0 0 1 1 1) -> 77 (0 1 0 1 1 1)
Hop 1: [167-160] 167 (1 0 2 0 1 3) -> 160 (1 0 2 0 0 0)
Hop 1: [254-246] 254 (1 1 3 1 1 2) -> 246 (1 1 3 0 1 2)
Hop 1: [163-164] 163 (1 0 2 0 0 3) -> 164 (1 0 2 0 1 0)
Hop 1: [205-197] 205 (1 1 0 1 1 1) -> 197 (1 1 0 0 1 1)
Hop 2: [80-72] 88 (0 1 1 1 0 0) -> 72 (0 1 0 1 0 0)
Hop 2: [8-16] 0 (0 0 0 0 0 0) -> 16 (0 0 1 0 0 0)
Hop 1: [54-46] 54 (0 0 3 0 1 2) -> 62 (0 0 3 1 1 2)
Hop 1: [66-2] 66 (0 1 0 0 0 2) -> 2 (0 0 0 0 0 2)
Hop 1: [31-24] 31 (0 0 1 1 1 3) -> 24 (0 0 1 1 0 0)
Hop 1: [251-243] 251 (1 1 3 1 0 3) -> 243 (1 1 3 0 0 3)
Hop 1: [21-213] 21 (0 0 1 0 1 1) -> 85 (0 1 1 0 1 1)
Hop 1: [188-180] 188 (1 0 3 1 1 0) -> 180 (1 0 3 0 1 0)
Hop 2: [15-23] 7 (0 0 0 0 1 3) -> 23 (0 0 1 0 1 3)
Hop 1: [115-116] 115 (0 1 3 0 0 3) -> 116 (0 1 3 0 1 0)
Hop 1: [106-114] 106 (0 1 2 1 0 2) -> 98 (0 1 2 0 0 2)
Hop 1: [47-39] 47 (0 0 2 1 1 3) -> 39 (0 0 2 0 1 3)
Hop 1: [41-33] 41 (0 0 2 1 0 1) -> 33 (0 0 2 0 0 1)
Hop 2: [103-167] 39 (0 0 2 0 1 3) -> 167 (1 0 2 0 1 3)
Hop 1: [185-177] 185 (1 0 3 1 0 1) -> 177 (1 0 3 0 0 1)
Hop 1: [55-47] 55 (0 0 3 0 1 3) -> 63 (0 0 3 1 1 3)
Hop 1: [50-42] 50 (0 0 3 0 0 2) -> 58 (0 0 3 1 0 2)
Hop 1: [58-250] 58 (0 0 3 1 0 2) -> 122 (0 1 3 1 0 2)
Hop 1: [209-201] 209 (1 1 1 0 0 1) -> 217 (1 1 1 1 0 1)
Hop 2: [13-205] 77 (0 1 0 1 1 1) -> 205 (1 1 0 1 1 1)
Hop 1: [112-119] 112 (0 1 3 0 0 0) -> 119 (0 1 3 0 1 3)
Hop 1: [61-5] 61 (0 0 3 1 1 1) -> 53 (0 0 3 0 1 1)
Hop 2: [82-74] 90 (0 1 1 1 0 2) -> 74 (0 1 0 1 0 2)
Hop 2: [99-163] 35 (0 0 2 0 0 3) -> 163 (1 0 2 0 0 3)
Hop 2: [9-17] 1 (0 0 0 0 0 1) -> 17 (0 0 1 0 0 1)
Hop 1: [107-115] 107 (0 1 2 1 0 3) -> 99 (0 1 2 0 0 3)
Hop 1: [37-29] 37 (0 0 2 0 1 1) -> 45 (0 0 2 1 1 1)
Hop 2: [213-21] 149 (1 0 1 0 1 1) -> 21 (0 0 1 0 1 1)
Hop 1: [42-34] 42 (0 0 2 1 0 2) -> 34 (0 0 2 0 0 2)
Hop 1: [128-136] 128 (1 0 0 0 0 0) -> 136 (1 0 0 1 0 0)
Hop 1: [135-143] 135 (1 0 0 0 1 3) -> 143 (1 0 0 1 1 3)
Hop 1: [53-45] 53 (0 0 3 0 1 1) -> 61 (0 0 3 1 1 1)
Hop 1: [152-159] 152 (1 0 1 1 0 0) -> 159 (1 0 1 1 1 3)
Hop 1: [51-43] 51 (0 0 3 0 0 3) -> 59 (0 0 3 1 0 3)
Hop 2: [21-213] 85 (0 1 1 0 1 1) -> 213 (1 1 1 0 1 1)
Hop 1: [59-3] 59 (0 0 3 1 0 3) -> 51 (0 0 3 0 0 3)
Hop 1: [208-200] 208 (1 1 1 0 0 0) -> 216 (1 1 1 1 0 0)
Hop 2: [65-129] 1 (0 0 0 0 0 1) -> 129 (1 0 0 0 0 1)
Hop 1: [147-148] 147 (1 0 1 0 0 3) -> 148 (1 0 1 0 1 0)
Hop 1: [36-28] 36 (0 0 2 0 1 0) -> 44 (0 0 2 1 1 0)
Hop 1: [191-183] 191 (1 0 3 1 1 3) -> 183 (1 0 3 0 1 3)
Hop 1: [71-64] 71 (0 1 0 0 1 3) -> 64 (0 1 0 0 0 0)
Hop 1: [46-38] 46 (0 0 2 1 1 2) -> 38 (0 0 2 0 1 2)
Hop 2: [55-47] 63 (0 0 3 1 1 3) -> 47 (0 0 2 1 1 3)
Hop 2: [209-201] 217 (1 1 1 1 0 1) -> 201 (1 1 0 1 0 1)
Hop 1: [84-76] 84 (0 1 1 0 1 0) -> 92 (0 1 1 1 1 0)
Hop 1: [136-143] 136 (1 0 0 1 0 0) -> 143 (1 0 0 1 1 3)
Hop 1: [60-4] 60 (0 0 3 1 1 0) -> 52 (0 0 3 0 1 0)
Hop 1: [19-20] 19 (0 0 1 0 0 3) -> 20 (0 0 1 0 1 0)
Hop 1: [236-235] 236 (1 1 2 1 1 0) -> 235 (1 1 2 1 0 3)
Hop 1: [81-73] 81 (0 1 1 0 0 1) -> 89 (0 1 1 1 0 1)
Hop 1: [96-160] 96 (0 1 2 0 0 0) -> 32 (0 0 2 0 0 0)
Hop 2: [106-114] 98 (0 1 2 0 0 2) -> 114 (0 1 3 0 0 2)
Hop 1: [39-31] 39 (0 0 2 0 1 3) -> 47 (0 0 2 1 1 3)
Hop 1: [215-208] 215 (1 1 1 0 1 3) -> 208 (1 1 1 0 0 0)
Hop 1: [40-32] 40 (0 0 2 1 0 0) -> 32 (0 0 2 0 0 0)
Hop 1: [130-138] 130 (1 0 0 0 0 2) -> 138 (1 0 0 1 0 2)
Hop 1: [132-140] 132 (1 0 0 0 1 0) -> 140 (1 0 0 1 1 0)
Hop 1: [204-196] 204 (1 1 0 1 1 0) -> 196 (1 1 0 0 1 0)
Hop 1: [49-41] 49 (0 0 3 0 0 1) -> 57 (0 0 3 1 0 1)
Hop 2: [59-3] 51 (0 0 3 0 0 3) -> 3 (0 0 0 0 0 3)
Hop 1: [139-140] 139 (1 0 0 1 0 3) -> 140 (1 0 0 1 1 0)
Hop 2: [61-5] 53 (0 0 3 0 1 1) -> 5 (0 0 0 0 1 1)
Hop 2: [81-73] 89 (0 1 1 1 0 1) -> 73 (0 1 0 1 0 1)
Hop 1: [97-33] 97 (0 1 2 0 0 1) -> 33 (0 0 2 0 0 1)
Hop 2: [107-115] 99 (0 1 2 0 0 3) -> 115 (0 1 3 0 0 3)
Hop 2: [36-28] 44 (0 0 2 1 1 0) -> 28 (0 0 1 1 1 0)
Hop 1: [45-37] 45 (0 0 2 1 1 1) -> 37 (0 0 2 0 1 1)
Hop 2: [84-76] 92 (0 1 1 1 1 0) -> 76 (0 1 0 1 1 0)
Hop 2: [54-46] 62 (0 0 3 1 1 2) -> 46 (0 0 2 1 1 2)
Hop 1: [203-195] 203 (1 1 0 1 0 3) -> 195 (1 1 0 0 0 3)
Hop 1: [48-40] 48 (0 0 3 0 0 0) -> 56 (0 0 3 1 0 0)
Hop 1: [57-249] 57 (0 0 3 1 0 1) -> 121 (0 1 3 1 0 1)
Hop 2: [208-200] 216 (1 1 1 1 0 0) -> 200 (1 1 0 1 0 0)
Hop 1: [63-55] 63 (0 0 3 1 1 3) -> 55 (0 0 3 0 1 3)
Hop 2: [96-160] 32 (0 0 2 0 0 0) -> 160 (1 0 2 0 0 0)
Hop 1: [144-151] 144 (1 0 1 0 0 0) -> 151 (1 0 1 0 1 3)
Hop 1: [104-112] 104 (0 1 2 1 0 0) -> 96 (0 1 2 0 0 0)
Hop 1: [38-30] 38 (0 0 2 0 1 2) -> 46 (0 0 2 1 1 2)
Hop 1: [100-164] 100 (0 1 2 0 1 0) -> 36 (0 0 2 0 1 0)
Hop 2: [51-43] 59 (0 0 3 1 0 3) -> 43 (0 0 2 1 0 3)
Hop 1: [56-248] 56 (0 0 3 1 0 0) -> 120 (0 1 3 1 0 0)
Hop 2: [60-4] 52 (0 0 3 0 1 0) -> 4 (0 0 0 0 1 0)
Hop 1: [43-35] 43 (0 0 2 1 0 3) -> 35 (0 0 2 0 0 3)
Hop 2: [53-45] 61 (0 0 3 1 1 1) -> 45 (0 0 2 1 1 1)
Hop 2: [48-40] 56 (0 0 3 1 0 0) -> 40 (0 0 2 1 0 0)
Hop 2: [58-250] 122 (0 1 3 1 0 2) -> 250 (1 1 3 1 0 2)
Hop 1: [210-202] 210 (1 1 1 0 0 2) -> 218 (1 1 1 1 0 2)
Hop 1: [62-54] 62 (0 0 3 1 1 2) -> 54 (0 0 3 0 1 2)
Hop 2: [104-112] 96 (0 1 2 0 0 0) -> 112 (0 1 3 0 0 0)
Hop 2: [37-29] 45 (0 0 2 1 1 1) -> 29 (0 0 1 1 1 1)
Hop 1: [44-36] 44 (0 0 2 1 1 0) -> 36 (0 0 2 0 1 0)
Hop 1: [98-34] 98 (0 1 2 0 0 2) -> 34 (0 0 2 0 0 2)
Hop 2: [38-30] 46 (0 0 2 1 1 2) -> 30 (0 0 1 1 1 2)
Hop 1: [212-204] 212 (1 1 1 0 1 0) -> 220 (1 1 1 1 1 0)
Hop 1: [134-142] 134 (1 0 0 0 1 2) -> 142 (1 0 0 1 1 2)
Hop 1: [52-44] 52 (0 0 3 0 1 0) -> 60 (0 0 3 1 1 0)
Hop 1: [202-194] 202 (1 1 0 1 0 2) -> 194 (1 1 0 0 0 2)
Hop 2: [49-41] 57 (0 0 3 1 0 1) -> 41 (0 0 2 1 0 1)
Hop 1: [74-66] 74 (0 1 0 1 0 2) -> 66 (0 1 0 0 0 2)
Hop 1: [195-196] 195 (1 1 0 0 0 3) -> 196 (1 1 0 0 1 0)
Hop 1: [129-137] 129 (1 0 0 0 0 1) -> 137 (1 0 0 1 0 1)
Hop 2: [210-202] 218 (1 1 1 1 0 2) -> 202 (1 1 0 1 0 2)
Hop 2: [100-164] 36 (0 0 2 0 1 0) -> 164 (1 0 2 0 1 0)
Hop 1: [155-156] 155 (1 0 1 1 0 3) -> 156 (1 0 1 1 1 0)
Hop 2: [56-248] 120 (0 1 3 1 0 0) -> 248 (1 1 3 1 0 0)
Hop 2: [39-31] 47 (0 0 2 1 1 3) -> 31 (0 0 1 1 1 3)
Hop 1: [101-109] 101 (0 1 2 0 1 1) -> 109 (0 1 2 1 1 1)
Hop 2: [52-44] 60 (0 0 3 1 1 0) -> 44 (0 0 2 1 1 0)
Hop 2: [212-204] 220 (1 1 1 1 1 0) -> 204 (1 1 0 1 1 0)
Hop 2: [50-42] 58 (0 0 3 1 0 2) -> 42 (0 0 2 1 0 2)
Hop 2: [57-249] 121 (0 1 3 1 0 1) -> 249 (1 1 3 1 0 1)
Hop 1: [211-203] 211 (1 1 1 0 0 3) -> 219 (1 1 1 1 0 3)
Hop 1: [105-113] 105 (0 1 2 1 0 1) -> 97 (0 1 2 0 0 1)
Hop 2: [211-203] 219 (1 1 1 1 0 3) -> 203 (1 1 0 1 0 3)
Hop 1: [206-198] 206 (1 1 0 1 1 2) -> 198 (1 1 0 0 1 2)
Hop 2: [105-113] 97 (0 1 2 0 0 1) -> 113 (0 1 3 0 0 1)
Hop 1: [3-4] 3 (0 0 0 0 0 3) -> 4 (0 0 0 0 1 0)
Hop 1: [122-186] 122 (0 1 3 1 0 2) -> 58 (0 0 3 1 0 2)
Hop 1: [17-25] 17 (0 0 1 0 0 1) -> 25 (0 0 1 1 0 1)
Hop 1: [191-184] 191 (1 0 3 1 1 3) -> 184 (1 0 3 1 0 0)
Hop 1: [84-83] 84 (0 1 1 0 1 0) -> 83 (0 1 1 0 0 3)
Hop 1: [95-87] 95 (0 1 1 1 1 3) -> 87 (0 1 1 0 1 3)
Hop 1: [171-172] 171 (1 0 2 1 0 3) -> 172 (1 0 2 1 1 0)
Hop 1: [14-22] 14 (0 0 0 1 1 2) -> 6 (0 0 0 0 1 2)
Hop 1: [121-185] 121 (0 1 3 1 0 1) -> 57 (0 0 3 1 0 1)
Hop 1: [160-168] 160 (1 0 2 0 0 0) -> 168 (1 0 2 1 0 0)
Hop 1: [10-202] 10 (0 0 0 1 0 2) -> 74 (0 1 0 1 0 2)
Hop 1: [188-187] 188 (1 0 3 1 1 0) -> 187 (1 0 3 1 0 3)
Hop 1: [87-80] 87 (0 1 1 0 1 3) -> 80 (0 1 1 0 0 0)
Hop 1: [243-244] 243 (1 1 3 0 0 3) -> 244 (1 1 3 0 1 0)
Hop 1: [168-175] 168 (1 0 2 1 0 0) -> 175 (1 0 2 1 1 3)
Hop 1: [252-251] 252 (1 1 3 1 1 0) -> 251 (1 1 3 1 0 3)
Hop 1: [240-247] 240 (1 1 3 0 0 0) -> 247 (1 1 3 0 1 3)
Hop 1: [207-200] 207 (1 1 0 1 1 3) -> 200 (1 1 0 1 0 0)
Hop 1: [61-53] 61 (0 0 3 1 1 1) -> 53 (0 0 3 0 1 1)
Hop 2: [122-186] 58 (0 0 3 1 0 2) -> 186 (1 0 3 1 0 2)
Hop 1: [161-169] 161 (1 0 2 0 0 1) -> 169 (1 0 2 1 0 1)
Hop 1: [79-72] 79 (0 1 0 1 1 3) -> 72 (0 1 0 1 0 0)
Hop 1: [6-62] 6 (0 0 0 0 1 2) -> 14 (0 0 0 1 1 2)
Hop 1: [143-151] 143 (1 0 0 1 1 3) -> 135 (1 0 0 0 1 3)
Hop 1: [235-236] 235 (1 1 2 1 0 3) -> 236 (1 1 2 1 1 0)
Hop 1: [179-180] 179 (1 0 3 0 0 3) -> 180 (1 0 3 0 1 0)
Hop 2: [14-22] 6 (0 0 0 0 1 2) -> 22 (0 0 1 0 1 2)
Hop 1: [71-7] 71 (0 1 0 0 1 3) -> 7 (0 0 0 0 1 3)
Hop 1: [163-171] 163 (1 0 2 0 0 3) -> 171 (1 0 2 1 0 3)
Hop 2: [10-202] 74 (0 1 0 1 0 2) -> 202 (1 1 0 1 0 2)
Hop 1: [94-86] 94 (0 1 1 1 1 2) -> 86 (0 1 1 0 1 2)
Hop 1: [0-64] 0 (0 0 0 0 0 0) -> 64 (0 1 0 0 0 0)
Hop 1: [15-7] 15 (0 0 0 1 1 3) -> 7 (0 0 0 0 1 3)
Hop 1: [224-231] 224 (1 1 2 0 0 0) -> 231 (1 1 2 0 1 3)
Hop 2: [121-185] 57 (0 0 3 1 0 1) -> 185 (1 0 3 1 0 1)
Hop 1: [27-28] 27 (0 0 1 1 0 3) -> 28 (0 0 1 1 1 0)
Hop 1: [18-210] 18 (0 0 1 0 0 2) -> 82 (0 1 1 0 0 2)
Hop 1: [8-200] 8 (0 0 0 1 0 0) -> 72 (0 1 0 1 0 0)
Hop 1: [140-148] 140 (1 0 0 1 1 0) -> 132 (1 0 0 0 1 0)
Hop 1: [35-36] 35 (0 0 2 0 0 3) -> 36 (0 0 2 0 1 0)
Hop 1: [232-239] 232 (1 1 2 1 0 0) -> 239 (1 1 2 1 1 3)
Hop 1: [1-57] 1 (0 0 0 0 0 1) -> 9 (0 0 0 1 0 1)
Hop 1: [119-127] 119 (0 1 3 0 1 3) -> 127 (0 1 3 1 1 3)
Hop 1: [120-184] 120 (0 1 3 1 0 0) -> 56 (0 0 3 1 0 0)
Hop 1: [24-31] 24 (0 0 1 1 0 0) -> 31 (0 0 1 1 1 3)
Hop 1: [11-203] 11 (0 0 0 1 0 3) -> 75 (0 1 0 1 0 3)
Hop 1: [20-212] 20 (0 0 1 0 1 0) -> 84 (0 1 1 0 1 0)
Hop 1: [113-121] 113 (0 1 3 0 0 1) -> 121 (0 1 3 1 0 1)
Hop 1: [100-36] 100 (0 1 2 0 1 0) -> 36 (0 0 2 0 1 0)
Hop 2: [6-62] 14 (0 0 0 1 1 2) -> 62 (0 0 3 1 1 2)
Hop 1: [47-40] 47 (0 0 2 1 1 3) -> 40 (0 0 2 1 0 0)
Hop 1: [93-85] 93 (0 1 1 1 1 1) -> 85 (0 1 1 0 1 1)
Hop 1: [111-119] 111 (0 1 2 1 1 3) -> 103 (0 1 2 0 1 3)
Hop 1: [68-67] 68 (0 1 0 0 1 0) -> 67 (0 1 0 0 0 3)
Hop 1: [153-161] 153 (1 0 1 1 0 1) -> 145 (1 0 1 0 0 1)
Hop 1: [19-211] 19 (0 0 1 0 0 3) -> 83 (0 1 1 0 0 3)
Hop 2: [8-200] 72 (0 1 0 1 0 0) -> 200 (1 1 0 1 0 0)
Hop 1: [133-189] 133 (1 0 0 0 1 1) -> 141 (1 0 0 1 1 1)
Hop 1: [92-84] 92 (0 1 1 1 1 0) -> 84 (0 1 1 0 1 0)
Hop 1: [159-167] 159 (1 0 1 1 1 3) -> 151 (1 0 1 0 1 3)
Hop 2: [1-57] 9 (0 0 0 1 0 1) -> 57 (0 0 3 1 0 1)
Hop 1: [76-75] 76 (0 1 0 1 1 0) -> 75 (0 1 0 1 0 3)
Hop 2: [18-210] 82 (0 1 1 0 0 2) -> 210 (1 1 1 0 0 2)
Hop 1: [9-201] 9 (0 0 0 1 0 1) -> 73 (0 1 0 1 0 1)
Hop 1: [204-203] 204 (1 1 0 1 1 0) -> 203 (1 1 0 1 0 3)
Hop 1: [109-117] 109 (0 1 2 1 1 1) -> 101 (0 1 2 0 1 1)
Hop 1: [176-183] 176 (1 0 3 0 0 0) -> 183 (1 0 3 0 1 3)
Hop 2: [120-184] 56 (0 0 3 1 0 0) -> 184 (1 0 3 1 0 0)
Hop 1: [162-170] 162 (1 0 2 0 0 2) -> 170 (1 0 2 1 0 2)
Hop 1: [152-160] 152 (1 0 1 1 0 0) -> 144 (1 0 1 0 0 0)
Hop 2: [19-211] 83 (0 1 1 0 0 3) -> 211 (1 1 1 0 0 3)
Hop 1: [130-186] 130 (1 0 0 0 0 2) -> 138 (1 0 0 1 0 2)
Hop 1: [57-49] 57 (0 0 3 1 0 1) -> 49 (0 0 3 0 0 1)
Hop 1: [99-35] 99 (0 1 2 0 0 3) -> 35 (0 0 2 0 0 3)
Hop 1: [158-166] 158 (1 0 1 1 1 2) -> 150 (1 0 1 0 1 2)
Hop 1: [39-32] 39 (0 0 2 0 1 3) -> 32 (0 0 2 0 0 0)
Hop 1: [149-157] 149 (1 0 1 0 1 1) -> 157 (1 0 1 1 1 1)
Hop 1: [16-24] 16 (0 0 1 0 0 0) -> 24 (0 0 1 1 0 0)
Hop 2: [11-203] 75 (0 1 0 1 0 3) -> 203 (1 1 0 1 0 3)
Hop 1: [124-188] 124 (0 1 3 1 1 0) -> 60 (0 0 3 1 1 0)
Hop 2: [20-212] 84 (0 1 1 0 1 0) -> 212 (1 1 1 0 1 0)
Hop 1: [63-56] 63 (0 0 3 1 1 3) -> 56 (0 0 3 1 0 0)
Hop 1: [194-2] 194 (1 1 0 0 0 2) -> 130 (1 0 0 0 0 2)
Hop 1: [137-145] 137 (1 0 0 1 0 1) -> 129 (1 0 0 0 0 1)
Hop 1: [104-168] 104 (0 1 2 1 0 0) -> 40 (0 0 2 1 0 0)
Hop 1: [154-162] 154 (1 0 1 1 0 2) -> 146 (1 0 1 0 0 2)
Hop 1: [255-248] 255 (1 1 3 1 1 3) -> 248 (1 1 3 1 0 0)
Hop 1: [59-51] 59 (0 0 3 1 0 3) -> 51 (0 0 3 0 0 3)
Hop 1: [144-152] 144 (1 0 1 0 0 0) -> 152 (1 0 1 1 0 0)
Hop 1: [97-89] 97 (0 1 2 0 0 1) -> 105 (0 1 2 1 0 1)
Hop 2: [159-167] 151 (1 0 1 0 1 3) -> 167 (1 0 2 0 1 3)
Hop 1: [12-204] 12 (0 0 0 1 1 0) -> 76 (0 1 0 1 1 0)
Hop 1: [198-206] 198 (1 1 0 0 1 2) -> 206 (1 1 0 1 1 2)
Hop 1: [36-35] 36 (0 0 2 0 1 0) -> 35 (0 0 2 0 0 3)
Hop 1: [148-156] 148 (1 0 1 0 1 0) -> 156 (1 0 1 1 1 0)
Hop 2: [9-201] 73 (0 1 0 1 0 1) -> 201 (1 1 0 1 0 1)
Hop 1: [126-190] 126 (0 1 3 1 1 2) -> 62 (0 0 3 1 1 2)
Hop 1: [115-123] 115 (0 1 3 0 0 3) -> 123 (0 1 3 1 0 3)
Hop 1: [103-39] 103 (0 1 2 0 1 3) -> 39 (0 0 2 0 1 3)
Hop 1: [60-52] 60 (0 0 3 1 1 0) -> 52 (0 0 3 0 1 0)
Hop 1: [136-144] 136 (1 0 0 1 0 0) -> 128 (1 0 0 0 0 0)
Hop 1: [106-170] 106 (0 1 2 1 0 2) -> 42 (0 0 2 1 0 2)
Hop 1: [123-187] 123 (0 1 3 1 0 3) -> 59 (0 0 3 1 0 3)
Hop 1: [131-187] 131 (1 0 0 0 0 3) -> 139 (1 0 0 1 0 3)
Hop 1: [56-48] 56 (0 0 3 1 0 0) -> 48 (0 0 3 0 0 0)
Hop 1: [134-190] 134 (1 0 0 0 1 2) -> 142 (1 0 0 1 1 2)
Hop 1: [145-153] 145 (1 0 1 0 0 1) -> 153 (1 0 1 1 0 1)
Hop 1: [98-90] 98 (0 1 2 0 0 2) -> 106 (0 1 2 1 0 2)
Hop 2: [143-151] 135 (1 0 0 0 1 3) -> 151 (1 0 1 0 1 3)
Hop 2: [158-166] 150 (1 0 1 0 1 2) -> 166 (1 0 2 0 1 2)
Hop 1: [199-207] 199 (1 1 0 0 1 3) -> 207 (1 1 0 1 1 3)
Hop 2: [124-188] 60 (0 0 3 1 1 0) -> 188 (1 0 3 1 1 0)
Hop 2: [111-119] 103 (0 1 2 0 1 3) -> 119 (0 1 3 0 1 3)
Hop 1: [13-21] 13 (0 0 0 1 1 1) -> 5 (0 0 0 0 1 1)
Hop 1: [139-147] 139 (1 0 0 1 0 3) -> 131 (1 0 0 0 0 3)
Hop 1: [227-228] 227 (1 1 2 0 0 3) -> 228 (1 1 2 0 1 0)
Hop 2: [104-168] 40 (0 0 2 1 0 0) -> 168 (1 0 2 1 0 0)
Hop 2: [123-187] 59 (0 0 3 1 0 3) -> 187 (1 0 3 1 0 3)
Hop 2: [153-161] 145 (1 0 1 0 0 1) -> 161 (1 0 2 0 0 1)
Hop 1: [52-51] 52 (0 0 3 0 1 0) -> 51 (0 0 3 0 0 3)
Hop 1: [129-185] 129 (1 0 0 0 0 1) -> 137 (1 0 0 1 0 1)
Hop 1: [132-188] 132 (1 0 0 0 1 0) -> 140 (1 0 0 1 1 0)
Hop 1: [147-155] 147 (1 0 1 0 0 3) -> 155 (1 0 1 1 0 3)
Hop 2: [97-89] 105 (0 1 2 1 0 1) -> 89 (0 1 1 1 0 1)
Hop 1: [141-149] 141 (1 0 0 1 1 1) -> 133 (1 0 0 0 1 1)
Hop 1: [32-39] 32 (0 0 2 0 0 0) -> 39 (0 0 2 0 1 3)
Hop 1: [156-164] 156 (1 0 1 1 1 0) -> 148 (1 0 1 0 1 0)
Hop 1: [116-124] 116 (0 1 3 0 1 0) -> 124 (0 1 3 1 1 0)
Hop 2: [12-204] 76 (0 1 0 1 1 0) -> 204 (1 1 0 1 1 0)
Hop 1: [196-204] 196 (1 1 0 0 1 0) -> 204 (1 1 0 1 1 0)
Hop 1: [151-159] 151 (1 0 1 0 1 3) -> 159 (1 0 1 1 1 3)
Hop 1: [114-122] 114 (0 1 3 0 0 2) -> 122 (0 1 3 1 0 2)
Hop 1: [219-220] 219 (1 1 1 1 0 3) -> 220 (1 1 1 1 1 0)
Hop 1: [110-118] 110 (0 1 2 1 1 2) -> 102 (0 1 2 0 1 2)
Hop 2: [194-2] 130 (1 0 0 0 0 2) -> 2 (0 0 0 0 0 2)
Hop 2: [13-21] 5 (0 0 0 0 1 1) -> 21 (0 0 1 0 1 1)
Hop 2: [137-145] 129 (1 0 0 0 0 1) -> 145 (1 0 1 0 0 1)
Hop 1: [105-169] 105 (0 1 2 1 0 1) -> 41 (0 0 2 1 0 1)
Hop 2: [131-187] 139 (1 0 0 1 0 3) -> 187 (1 0 3 1 0 3)
Hop 1: [135-191] 135 (1 0 0 0 1 3) -> 143 (1 0 0 1 1 3)
Hop 2: [140-148] 132 (1 0 0 0 1 0) -> 148 (1 0 1 0 1 0)
Hop 1: [127-191] 127 (0 1 3 1 1 3) -> 63 (0 0 3 1 1 3)
Hop 1: [44-43] 44 (0 0 2 1 1 0) -> 43 (0 0 2 1 0 3)
Hop 2: [109-117] 101 (0 1 2 0 1 1) -> 117 (0 1 3 0 1 1)
Hop 2: [139-147] 131 (1 0 0 0 0 3) -> 147 (1 0 1 0 0 3)
Hop 1: [107-171] 107 (0 1 2 1 0 3) -> 43 (0 0 2 1 0 3)
Hop 2: [152-160] 144 (1 0 1 0 0 0) -> 160 (1 0 2 0 0 0)
Hop 1: [128-184] 128 (1 0 0 0 0 0) -> 136 (1 0 0 1 0 0)
Hop 2: [132-188] 140 (1 0 0 1 1 0) -> 188 (1 0 3 1 1 0)
Hop 1: [146-154] 146 (1 0 1 0 0 2) -> 154 (1 0 1 1 0 2)
Hop 2: [98-90] 106 (0 1 2 1 0 2) -> 90 (0 1 1 1 0 2)
Hop 1: [197-205] 197 (1 1 0 0 1 1) -> 205 (1 1 0 1 1 1)
Hop 2: [126-190] 62 (0 0 3 1 1 2) -> 190 (1 0 3 1 1 2)
Hop 1: [102-166] 102 (0 1 2 0 1 2) -> 38 (0 0 2 0 1 2)
Hop 1: [138-146] 138 (1 0 0 1 0 2) -> 130 (1 0 0 0 0 2)
Hop 2: [154-162] 146 (1 0 1 0 0 2) -> 162 (1 0 2 0 0 2)
Hop 2: [129-185] 137 (1 0 0 1 0 1) -> 185 (1 0 3 1 0 1)
Hop 2: [133-189] 141 (1 0 0 1 1 1) -> 189 (1 0 3 1 1 1)
Hop 1: [117-125] 117 (0 1 3 0 1 1) -> 125 (0 1 3 1 1 1)
Hop 1: [150-158] 150 (1 0 1 0 1 2) -> 158 (1 0 1 1 1 2)
Hop 2: [127-191] 63 (0 0 3 1 1 3) -> 191 (1 0 3 1 1 3)
Hop 1: [216-223] 216 (1 1 1 1 0 0) -> 223 (1 1 1 1 1 3)
Hop 1: [101-165] 101 (0 1 2 0 1 1) -> 37 (0 0 2 0 1 1)
Hop 1: [72-79] 72 (0 1 0 1 0 0) -> 79 (0 1 0 1 1 3)
Hop 2: [110-118] 102 (0 1 2 0 1 2) -> 118 (0 1 3 0 1 2)
Hop 2: [105-169] 41 (0 0 2 1 0 1) -> 169 (1 0 2 1 0 1)
Hop 1: [155-163] 155 (1 0 1 1 0 3) -> 147 (1 0 1 0 0 3)
Hop 1: [55-48] 55 (0 0 3 0 1 3) -> 48 (0 0 3 0 0 0)
Hop 2: [130-186] 138 (1 0 0 1 0 2) -> 186 (1 0 3 1 0 2)
Hop 2: [134-190] 142 (1 0 0 1 1 2) -> 190 (1 0 3 1 1 2)
Hop 1: [96-32] 96 (0 1 2 0 0 0) -> 32 (0 0 2 0 0 0)
Hop 2: [141-149] 133 (1 0 0 0 1 1) -> 149 (1 0 1 0 1 1)
Hop 1: [118-126] 118 (0 1 3 0 1 2) -> 126 (0 1 3 1 1 2)
Hop 1: [62-6] 62 (0 0 3 1 1 2) -> 54 (0 0 3 0 1 2)
Hop 1: [108-116] 108 (0 1 2 1 1 0) -> 100 (0 1 2 0 1 0)
Hop 1: [192-199] 192 (1 1 0 0 0 0) -> 199 (1 1 0 0 1 3)
Hop 2: [106-170] 42 (0 0 2 1 0 2) -> 170 (1 0 2 1 0 2)
Hop 1: [125-189] 125 (0 1 3 1 1 1) -> 61 (0 0 3 1 1 1)
Hop 2: [102-166] 38 (0 0 2 0 1 2) -> 166 (1 0 2 0 1 2)
Hop 2: [136-144] 128 (1 0 0 0 0 0) -> 144 (1 0 1 0 0 0)
Hop 2: [155-163] 147 (1 0 1 0 0 3) -> 163 (1 0 2 0 0 3)
Hop 2: [128-184] 136 (1 0 0 1 0 0) -> 184 (1 0 3 1 0 0)
Hop 1: [58-50] 58 (0 0 3 1 0 2) -> 50 (0 0 3 0 0 2)
Hop 1: [200-207] 200 (1 1 0 1 0 0) -> 207 (1 1 0 1 1 3)
Hop 2: [108-116] 100 (0 1 2 0 1 0) -> 116 (0 1 3 0 1 0)
Hop 1: [195-203] 195 (1 1 0 0 0 3) -> 203 (1 1 0 1 0 3)
Hop 2: [135-191] 143 (1 0 0 1 1 3) -> 191 (1 0 3 1 1 3)
Hop 2: [125-189] 61 (0 0 3 1 1 1) -> 189 (1 0 3 1 1 1)
Hop 2: [62-6] 54 (0 0 3 0 1 2) -> 6 (0 0 0 0 1 2)
Hop 2: [156-164] 148 (1 0 1 0 1 0) -> 164 (1 0 2 0 1 0)
Hop 2: [107-171] 43 (0 0 2 1 0 3) -> 171 (1 0 2 1 0 3)
Hop 2: [101-165] 37 (0 0 2 0 1 1) -> 165 (1 0 2 0 1 1)
Hop 2: [138-146] 130 (1 0 0 0 0 2) -> 146 (1 0 1 0 0 2)
Hop 1: [142-150] 142 (1 0 0 1 1 2) -> 134 (1 0 0 0 1 2)
Hop 1: [212-211] 212 (1 1 1 0 1 0) -> 211 (1 1 1 0 0 3)
Hop 1: [112-120] 112 (0 1 3 0 0 0) -> 120 (0 1 3 1 0 0)
Hop 1: [157-165] 157 (1 0 1 1 1 1) -> 149 (1 0 1 0 1 1)
Hop 2: [142-150] 134 (1 0 0 0 1 2) -> 150 (1 0 1 0 1 2)
Hop 2: [157-165] 149 (1 0 1 0 1 1) -> 165 (1 0 2 0 1 1)
Hop 1: [247-255] 247 (1 1 3 0 1 3) -> 255 (1 1 3 1 1 3)
Hop 1: [11-3] 11 (0 0 0 1 0 3) -> 3 (0 0 0 0 0 3)
Hop 1: [25-33] 25 (0 0 1 1 0 1) -> 17 (0 0 1 0 0 1)
Hop 1: [225-233] 225 (1 1 2 0 0 1) -> 233 (1 1 2 1 0 1)
Hop 1: [80-87] 80 (0 1 1 0 0 0) -> 87 (0 1 1 0 1 3)
Hop 1: [15-79] 15 (0 0 0 1 1 3) -> 79 (0 1 0 1 1 3)
Hop 1: [174-182] 174 (1 0 2 1 1 2) -> 166 (1 0 2 0 1 2)
Hop 1: [22-30] 22 (0 0 1 0 1 2) -> 30 (0 0 1 1 1 2)
Hop 1: [171-179] 171 (1 0 2 1 0 3) -> 163 (1 0 2 0 0 3)
Hop 1: [4-60] 4 (0 0 0 0 1 0) -> 12 (0 0 0 1 1 0)
Hop 1: [187-188] 187 (1 0 3 1 0 3) -> 188 (1 0 3 1 1 0)
Hop 1: [18-26] 18 (0 0 1 0 0 2) -> 26 (0 0 1 1 0 2)
Hop 1: [166-174] 166 (1 0 2 0 1 2) -> 174 (1 0 2 1 1 2)
Hop 1: [92-91] 92 (0 1 1 1 1 0) -> 91 (0 1 1 1 0 3)
Hop 1: [12-4] 12 (0 0 0 1 1 0) -> 4 (0 0 0 0 1 0)
Hop 1: [120-56] 120 (0 1 3 1 0 0) -> 56 (0 0 3 1 0 0)
Hop 1: [23-31] 23 (0 0 1 0 1 3) -> 31 (0 0 1 1 1 3)
Hop 1: [176-184] 176 (1 0 3 0 0 0) -> 184 (1 0 3 1 0 0)
Hop 1: [168-176] 168 (1 0 2 1 0 0) -> 160 (1 0 2 0 0 0)
Hop 1: [91-92] 91 (0 1 1 1 0 3) -> 92 (0 1 1 1 1 0)
Hop 1: [30-38] 30 (0 0 1 1 1 2) -> 22 (0 0 1 0 1 2)
Hop 1: [220-228] 220 (1 1 1 1 1 0) -> 212 (1 1 1 0 1 0)
Hop 1: [3-59] 3 (0 0 0 0 0 3) -> 11 (0 0 0 1 0 3)
Hop 1: [122-58] 122 (0 1 3 1 0 2) -> 58 (0 0 3 1 0 2)
Hop 1: [179-187] 179 (1 0 3 0 0 3) -> 187 (1 0 3 1 0 3)
Hop 1: [67-68] 67 (0 1 0 0 0 3) -> 68 (0 1 0 0 1 0)
Hop 1: [244-252] 244 (1 1 3 0 1 0) -> 252 (1 1 3 1 1 0)
Hop 1: [17-81] 17 (0 0 1 0 0 1) -> 81 (0 1 1 0 0 1)
Hop 1: [243-251] 243 (1 1 3 0 0 3) -> 251 (1 1 3 1 0 3)
Hop 1: [234-242] 234 (1 1 2 1 0 2) -> 226 (1 1 2 0 0 2)
Hop 1: [222-230] 222 (1 1 1 1 1 2) -> 214 (1 1 1 0 1 2)
Hop 1: [229-237] 229 (1 1 2 0 1 1) -> 237 (1 1 2 1 1 1)
Hop 1: [251-252] 251 (1 1 3 1 0 3) -> 252 (1 1 3 1 1 0)
Hop 1: [0-7] 0 (0 0 0 0 0 0) -> 7 (0 0 0 0 1 3)
Hop 1: [181-189] 181 (1 0 3 0 1 1) -> 189 (1 0 3 1 1 1)
Hop 1: [163-227] 163 (1 0 2 0 0 3) -> 227 (1 1 2 0 0 3)
Hop 2: [174-182] 166 (1 0 2 0 1 2) -> 182 (1 0 3 0 1 2)
Hop 1: [27-35] 27 (0 0 1 1 0 3) -> 19 (0 0 1 0 0 3)
Hop 1: [121-57] 121 (0 1 3 1 0 1) -> 57 (0 0 3 1 0 1)
Hop 1: [178-186] 178 (1 0 3 0 0 2) -> 186 (1 0 3 1 0 2)
Hop 2: [4-60] 12 (0 0 0 1 1 0) -> 60 (0 0 3 1 1 0)
Hop 1: [19-27] 19 (0 0 1 0 0 3) -> 27 (0 0 1 1 0 3)
Hop 1: [241-249] 241 (1 1 3 0 0 1) -> 249 (1 1 3 1 0 1)
Hop 2: [30-38] 22 (0 0 1 0 1 2) -> 38 (0 0 2 0 1 2)
Hop 1: [232-240] 232 (1 1 2 1 0 0) -> 224 (1 1 2 0 0 0)
Hop 1: [221-229] 221 (1 1 1 1 1 1) -> 213 (1 1 1 0 1 1)
Hop 1: [230-238] 230 (1 1 2 0 1 2) -> 238 (1 1 2 1 1 2)
Hop 1: [180-188] 180 (1 0 3 0 1 0) -> 188 (1 0 3 1 1 0)
Hop 1: [160-224] 160 (1 0 2 0 0 0) -> 224 (1 1 2 0 0 0)
Hop 1: [8-72] 8 (0 0 0 1 0 0) -> 72 (0 1 0 1 0 0)
Hop 1: [175-183] 175 (1 0 2 1 1 3) -> 167 (1 0 2 0 1 3)
Hop 2: [25-33] 17 (0 0 1 0 0 1) -> 33 (0 0 2 0 0 1)
Hop 1: [75-76] 75 (0 1 0 1 0 3) -> 76 (0 1 0 1 1 0)
Hop 1: [20-28] 20 (0 0 1 0 1 0) -> 28 (0 0 1 1 1 0)
Hop 2: [168-176] 160 (1 0 2 0 0 0) -> 176 (1 0 3 0 0 0)
Hop 1: [7-63] 7 (0 0 0 0 1 3) -> 15 (0 0 0 1 1 3)
Hop 1: [240-248] 240 (1 1 3 0 0 0) -> 248 (1 1 3 1 0 0)
Hop 1: [31-39] 31 (0 0 1 1 1 3) -> 23 (0 0 1 0 1 3)
Hop 1: [214-22] 214 (1 1 1 0 1 2) -> 150 (1 0 1 0 1 2)
Hop 1: [235-243] 235 (1 1 2 1 0 3) -> 227 (1 1 2 0 0 3)
Hop 2: [222-230] 214 (1 1 1 0 1 2) -> 230 (1 1 2 0 1 2)
Hop 1: [165-173] 165 (1 0 2 0 1 1) -> 173 (1 0 2 1 1 1)
Hop 1: [231-239] 231 (1 1 2 0 1 3) -> 239 (1 1 2 1 1 3)
Hop 1: [1-65] 1 (0 0 0 0 0 1) -> 65 (0 1 0 0 0 1)
Hop 1: [130-194] 130 (1 0 0 0 0 2) -> 194 (1 1 0 0 0 2)
Hop 1: [182-190] 182 (1 0 3 0 1 2) -> 190 (1 0 3 1 1 2)
Hop 1: [162-226] 162 (1 0 2 0 0 2) -> 226 (1 1 2 0 0 2)
Hop 1: [14-6] 14 (0 0 0 1 1 2) -> 6 (0 0 0 0 1 2)
Hop 1: [10-74] 10 (0 0 0 1 0 2) -> 74 (0 1 0 1 0 2)
Hop 1: [24-32] 24 (0 0 1 1 0 0) -> 16 (0 0 1 0 0 0)
Hop 1: [64-71] 64 (0 1 0 0 0 0) -> 71 (0 1 0 0 1 3)
Hop 1: [109-173] 109 (0 1 2 1 1 1) -> 45 (0 0 2 1 1 1)
Hop 1: [170-178] 170 (1 0 2 1 0 2) -> 162 (1 0 2 0 0 2)
Hop 1: [5-61] 5 (0 0 0 0 1 1) -> 13 (0 0 0 1 1 1)
Hop 1: [227-235] 227 (1 1 2 0 0 3) -> 235 (1 1 2 1 0 3)
Hop 1: [153-217] 153 (1 0 1 1 0 1) -> 217 (1 1 1 1 0 1)
Hop 1: [184-191] 184 (1 0 3 1 0 0) -> 191 (1 0 3 1 1 3)
Hop 1: [242-250] 242 (1 1 3 0 0 2) -> 250 (1 1 3 1 0 2)
Hop 1: [28-36] 28 (0 0 1 1 1 0) -> 20 (0 0 1 0 1 0)
Hop 2: [232-240] 224 (1 1 2 0 0 0) -> 240 (1 1 3 0 0 0)
Hop 2: [220-228] 212 (1 1 1 0 1 0) -> 228 (1 1 2 0 1 0)
Hop 1: [167-175] 167 (1 0 2 0 1 3) -> 175 (1 0 2 1 1 3)
Hop 1: [95-88] 95 (0 1 1 1 1 3) -> 88 (0 1 1 1 0 0)
Hop 1: [159-223] 159 (1 0 1 1 1 3) -> 223 (1 1 1 1 1 3)
Hop 1: [228-236] 228 (1 1 2 0 1 0) -> 236 (1 1 2 1 1 0)
Hop 2: [3-59] 11 (0 0 0 1 0 3) -> 59 (0 0 3 1 0 3)
Hop 1: [183-191] 183 (1 0 3 0 1 3) -> 191 (1 0 3 1 1 3)
Hop 1: [161-225] 161 (1 0 2 0 0 1) -> 225 (1 1 2 0 0 1)
Hop 1: [113-177] 113 (0 1 3 0 0 1) -> 49 (0 0 3 0 0 1)
Hop 1: [172-180] 172 (1 0 2 1 1 0) -> 164 (1 0 2 0 1 0)
Hop 1: [177-185] 177 (1 0 3 0 0 1) -> 185 (1 0 3 1 0 1)
Hop 1: [198-254] 198 (1 1 0 0 1 2) -> 206 (1 1 0 1 1 2)
Hop 2: [171-179] 163 (1 0 2 0 0 3) -> 179 (1 0 3 0 0 3)
Hop 1: [245-253] 245 (1 1 3 0 1 1) -> 253 (1 1 3 1 1 1)
Hop 1: [224-232] 224 (1 1 2 0 0 0) -> 232 (1 1 2 1 0 0)
Hop 1: [217-225] 217 (1 1 1 1 0 1) -> 209 (1 1 1 0 0 1)
Hop 1: [105-41] 105 (0 1 2 1 0 1) -> 41 (0 0 2 1 0 1)
Hop 1: [233-241] 233 (1 1 2 1 0 1) -> 225 (1 1 2 0 0 1)
Hop 1: [132-196] 132 (1 0 0 0 1 0) -> 196 (1 1 0 0 1 0)
Hop 1: [9-73] 9 (0 0 0 1 0 1) -> 73 (0 1 0 1 0 1)
Hop 2: [175-183] 167 (1 0 2 0 1 3) -> 183 (1 0 3 0 1 3)
Hop 1: [26-34] 26 (0 0 1 1 0 2) -> 18 (0 0 1 0 0 2)
Hop 1: [208-215] 208 (1 1 1 0 0 0) -> 215 (1 1 1 0 1 3)
Hop 1: [123-59] 123 (0 1 3 1 0 3) -> 59 (0 0 3 1 0 3)
Hop 2: [170-178] 162 (1 0 2 0 0 2) -> 178 (1 0 3 0 0 2)
Hop 1: [145-209] 145 (1 0 1 0 0 1) -> 209 (1 1 1 0 0 1)
Hop 2: [31-39] 23 (0 0 1 0 1 3) -> 39 (0 0 2 0 1 3)
Hop 2: [234-242] 226 (1 1 2 0 0 2) -> 242 (1 1 3 0 0 2)
Hop 1: [2-58] 2 (0 0 0 0 0 2) -> 10 (0 0 0 1 0 2)
Hop 1: [203-204] 203 (1 1 0 1 0 3) -> 204 (1 1 0 1 1 0)
Hop 1: [173-181] 173 (1 0 2 1 1 1) -> 165 (1 0 2 0 1 1)
Hop 2: [24-32] 16 (0 0 1 0 0 0) -> 32 (0 0 2 0 0 0)
Hop 2: [7-63] 15 (0 0 0 1 1 3) -> 63 (0 0 3 1 1 3)
Hop 1: [195-251] 195 (1 1 0 0 0 3) -> 203 (1 1 0 1 0 3)
Hop 1: [226-234] 226 (1 1 2 0 0 2) -> 234 (1 1 2 1 0 2)
Hop 2: [28-36] 20 (0 0 1 0 1 0) -> 36 (0 0 2 0 1 0)
Hop 2: [214-22] 150 (1 0 1 0 1 2) -> 22 (0 0 1 0 1 2)
Hop 2: [235-243] 227 (1 1 2 0 0 3) -> 243 (1 1 3 0 0 3)
Hop 1: [164-172] 164 (1 0 2 0 1 0) -> 172 (1 0 2 1 1 0)
Hop 1: [83-84] 83 (0 1 1 0 0 3) -> 84 (0 1 1 0 1 0)
Hop 1: [237-245] 237 (1 1 2 1 1 1) -> 229 (1 1 2 0 1 1)
Hop 2: [26-34] 18 (0 0 1 0 0 2) -> 34 (0 0 2 0 0 2)
Hop 1: [21-29] 21 (0 0 1 0 1 1) -> 29 (0 0 1 1 1 1)
Hop 2: [109-173] 45 (0 0 2 1 1 1) -> 173 (1 0 2 1 1 1)
Hop 2: [5-61] 13 (0 0 0 1 1 1) -> 61 (0 0 3 1 1 1)
Hop 1: [116-180] 116 (0 1 3 0 1 0) -> 52 (0 0 3 0 1 0)
Hop 1: [88-95] 88 (0 1 1 1 0 0) -> 95 (0 1 1 1 1 3)
Hop 1: [16-8] 16 (0 0 1 0 0 0) -> 24 (0 0 1 1 0 0)
Hop 1: [149-213] 149 (1 0 1 0 1 1) -> 213 (1 1 1 0 1 1)
Hop 1: [157-221] 157 (1 0 1 1 1 1) -> 221 (1 1 1 1 1 1)
Hop 1: [136-200] 136 (1 0 0 1 0 0) -> 200 (1 1 0 1 0 0)
Hop 1: [124-60] 124 (0 1 3 1 1 0) -> 60 (0 0 3 1 1 0)
Hop 1: [115-179] 115 (0 1 3 0 0 3) -> 51 (0 0 3 0 0 3)
Hop 2: [173-181] 165 (1 0 2 0 1 1) -> 181 (1 0 3 0 1 1)
Hop 2: [27-35] 19 (0 0 1 0 0 3) -> 35 (0 0 2 0 0 3)
Hop 1: [199-255] 199 (1 1 0 0 1 3) -> 207 (1 1 0 1 1 3)
Hop 1: [169-177] 169 (1 0 2 1 0 1) -> 161 (1 0 2 0 0 1)
Hop 1: [192-200] 192 (1 1 0 0 0 0) -> 200 (1 1 0 1 0 0)
Hop 2: [233-241] 225 (1 1 2 0 0 1) -> 241 (1 1 3 0 0 1)
Hop 2: [221-229] 213 (1 1 1 0 1 1) -> 229 (1 1 2 0 1 1)
Hop 1: [143-207] 143 (1 0 0 1 1 3) -> 207 (1 1 0 1 1 3)
Hop 1: [35-43] 35 (0 0 2 0 0 3) -> 43 (0 0 2 1 0 3)
Hop 1: [129-193] 129 (1 0 0 0 0 1) -> 193 (1 1 0 0 0 1)
Hop 2: [172-180] 164 (1 0 2 0 1 0) -> 180 (1 0 3 0 1 0)
Hop 1: [119-183] 119 (0 1 3 0 1 3) -> 55 (0 0 3 0 1 3)
Hop 1: [147-211] 147 (1 0 1 0 0 3) -> 211 (1 1 1 0 0 3)
Hop 1: [150-214] 150 (1 0 1 0 1 2) -> 214 (1 1 1 0 1 2)
Hop 1: [223-231] 223 (1 1 1 1 1 3) -> 215 (1 1 1 0 1 3)
Hop 1: [103-95] 103 (0 1 2 0 1 3) -> 111 (0 1 2 1 1 3)
Hop 1: [156-220] 156 (1 0 1 1 1 0) -> 220 (1 1 1 1 1 0)
Hop 1: [248-255] 248 (1 1 3 1 0 0) -> 255 (1 1 3 1 1 3)
Hop 1: [137-201] 137 (1 0 0 1 0 1) -> 201 (1 1 0 1 0 1)
Hop 1: [126-62] 126 (0 1 3 1 1 2) -> 62 (0 0 3 1 1 2)
Hop 1: [200-208] 200 (1 1 0 1 0 0) -> 192 (1 1 0 0 0 0)
Hop 1: [99-91] 99 (0 1 2 0 0 3) -> 107 (0 1 2 1 0 3)
Hop 1: [246-254] 246 (1 1 3 0 1 2) -> 254 (1 1 3 1 1 2)
Hop 1: [194-202] 194 (1 1 0 0 0 2) -> 202 (1 1 0 1 0 2)
Hop 1: [219-227] 219 (1 1 1 1 0 3) -> 211 (1 1 1 0 0 3)
Hop 1: [29-37] 29 (0 0 1 1 1 1) -> 21 (0 0 1 0 1 1)
Hop 1: [141-205] 141 (1 0 0 1 1 1) -> 205 (1 1 0 1 1 1)
Hop 1: [33-41] 33 (0 0 2 0 0 1) -> 41 (0 0 2 1 0 1)
Hop 1: [239-247] 239 (1 1 2 1 1 3) -> 231 (1 1 2 0 1 3)
Hop 1: [135-199] 135 (1 0 0 0 1 3) -> 199 (1 1 0 0 1 3)
Hop 1: [51-52] 51 (0 0 3 0 0 3) -> 52 (0 0 3 0 1 0)
Hop 1: [111-175] 111 (0 1 2 1 1 3) -> 47 (0 0 2 1 1 3)
Hop 2: [116-180] 52 (0 0 3 0 1 0) -> 180 (1 0 3 0 1 0)
Hop 2: [16-8] 24 (0 0 1 1 0 0) -> 8 (0 0 0 1 0 0)
Hop 1: [151-215] 151 (1 0 1 0 1 3) -> 215 (1 1 1 0 1 3)
Hop 1: [101-37] 101 (0 1 2 0 1 1) -> 37 (0 0 2 0 1 1)
Hop 1: [60-59] 60 (0 0 3 1 1 0) -> 59 (0 0 3 1 0 3)
Hop 1: [125-61] 125 (0 1 3 1 1 1) -> 61 (0 0 3 1 1 1)
Hop 2: [115-179] 51 (0 0 3 0 0 3) -> 179 (1 0 3 0 0 3)
Hop 2: [199-255] 207 (1 1 0 1 1 3) -> 255 (1 1 3 1 1 3)
Hop 2: [169-177] 161 (1 0 2 0 0 1) -> 177 (1 0 3 0 0 1)
Hop 1: [96-88] 96 (0 1 2 0 0 0) -> 104 (0 1 2 1 0 0)
Hop 2: [217-225] 209 (1 1 1 0 0 1) -> 225 (1 1 2 0 0 1)
Hop 1: [104-40] 104 (0 1 2 1 0 0) -> 40 (0 0 2 1 0 0)
Hop 1: [40-47] 40 (0 0 2 1 0 0) -> 47 (0 0 2 1 1 3)
Hop 1: [140-204] 140 (1 0 0 1 1 0) -> 204 (1 1 0 1 1 0)
Hop 1: [34-42] 34 (0 0 2 0 0 2) -> 42 (0 0 2 1 0 2)
Hop 2: [2-58] 10 (0 0 0 1 0 2) -> 58 (0 0 3 1 0 2)
Hop 1: [131-195] 131 (1 0 0 0 0 3) -> 195 (1 1 0 0 0 3)
Hop 1: [238-246] 238 (1 1 2 1 1 2) -> 230 (1 1 2 0 1 2)
Hop 1: [134-198] 134 (1 0 0 0 1 2) -> 198 (1 1 0 0 1 2)
Hop 1: [110-174] 110 (0 1 2 1 1 2) -> 46 (0 0 2 1 1 2)
Hop 1: [117-181] 117 (0 1 3 0 1 1) -> 53 (0 0 3 0 1 1)
Hop 2: [223-231] 215 (1 1 1 0 1 3) -> 231 (1 1 2 0 1 3)
Hop 1: [102-38] 102 (0 1 2 0 1 2) -> 38 (0 0 2 0 1 2)
Hop 1: [13-5] 13 (0 0 0 1 1 1) -> 5 (0 0 0 0 1 1)
Hop 1: [114-178] 114 (0 1 3 0 0 2) -> 50 (0 0 3 0 0 2)
Hop 2: [200-208] 192 (1 1 0 0 0 0) -> 208 (1 1 1 0 0 0)
Hop 1: [197-253] 197 (1 1 0 0 1 1) -> 205 (1 1 0 1 1 1)
Hop 2: [195-251] 203 (1 1 0 1 0 3) -> 251 (1 1 3 1 0 3)
Hop 1: [216-224] 216 (1 1 1 1 0 0) -> 208 (1 1 1 0 0 0)
Hop 2: [239-247] 231 (1 1 2 0 1 3) -> 247 (1 1 3 0 1 3)
Hop 1: [155-219] 155 (1 0 1 1 0 3) -> 219 (1 1 1 1 0 3)
Hop 1: [100-92] 100 (0 1 2 0 1 0) -> 108 (0 1 2 1 1 0)
Hop 1: [139-203] 139 (1 0 0 1 0 3) -> 203 (1 1 0 1 0 3)
Hop 2: [113-177] 49 (0 0 3 0 0 1) -> 177 (1 0 3 0 0 1)
Hop 1: [72-8] 72 (0 1 0 1 0 0) -> 8 (0 0 0 1 0 0)
Hop 2: [198-254] 206 (1 1 0 1 1 2) -> 254 (1 1 3 1 1 2)
Hop 2: [99-91] 107 (0 1 2 1 0 3) -> 91 (0 1 1 1 0 3)
Hop 2: [29-37] 21 (0 0 1 0 1 1) -> 37 (0 0 2 0 1 1)
Hop 1: [218-226] 218 (1 1 1 1 0 2) -> 210 (1 1 1 0 0 2)
Hop 1: [32-40] 32 (0 0 2 0 0 0) -> 40 (0 0 2 1 0 0)
Hop 1: [236-244] 236 (1 1 2 1 1 0) -> 228 (1 1 2 0 1 0)
Hop 2: [111-175] 47 (0 0 2 1 1 3) -> 175 (1 0 2 1 1 3)
Hop 2: [119-183] 55 (0 0 3 0 1 3) -> 183 (1 0 3 0 1 3)
Hop 1: [148-212] 148 (1 0 1 0 1 0) -> 212 (1 1 1 0 1 0)
Hop 2: [103-95] 111 (0 1 2 1 1 3) -> 95 (0 1 1 1 1 3)
Hop 1: [112-176] 112 (0 1 3 0 0 0) -> 48 (0 0 3 0 0 0)
Hop 2: [96-88] 104 (0 1 2 1 0 0) -> 88 (0 1 1 1 0 0)
Hop 2: [216-224] 208 (1 1 1 0 0 0) -> 224 (1 1 2 0 0 0)
Hop 2: [237-245] 229 (1 1 2 0 1 1) -> 245 (1 1 3 0 1 1)
Hop 1: [133-197] 133 (1 0 0 0 1 1) -> 197 (1 1 0 0 1 1)
Hop 1: [211-212] 211 (1 1 1 0 0 3) -> 212 (1 1 1 0 1 0)
Hop 1: [138-202] 138 (1 0 0 1 0 2) -> 202 (1 1 0 1 0 2)
Hop 1: [196-252] 196 (1 1 0 0 1 0) -> 204 (1 1 0 1 1 0)
Hop 1: [106-42] 106 (0 1 2 1 0 2) -> 42 (0 0 2 1 0 2)
Hop 1: [215-223] 215 (1 1 1 0 1 3) -> 223 (1 1 1 1 1 3)
Hop 2: [238-246] 230 (1 1 2 0 1 2) -> 246 (1 1 3 0 1 2)
Hop 1: [48-55] 48 (0 0 3 0 0 0) -> 55 (0 0 3 0 1 3)
Hop 1: [146-210] 146 (1 0 1 0 0 2) -> 210 (1 1 1 0 0 2)
Hop 1: [152-216] 152 (1 0 1 1 0 0) -> 216 (1 1 1 1 0 0)
Hop 2: [112-176] 48 (0 0 3 0 0 0) -> 176 (1 0 3 0 0 0)
Hop 1: [73-81] 73 (0 1 0 1 0 1) -> 65 (0 1 0 0 0 1)
Hop 2: [219-227] 211 (1 1 1 0 0 3) -> 227 (1 1 2 0 0 3)
Hop 1: [43-44] 43 (0 0 2 1 0 3) -> 44 (0 0 2 1 1 0)
Hop 1: [142-206] 142 (1 0 0 1 1 2) -> 206 (1 1 0 1 1 2)
Hop 1: [118-182] 118 (0 1 3 0 1 2) -> 54 (0 0 3 0 1 2)
Hop 1: [144-208] 144 (1 0 1 0 0 0) -> 208 (1 1 1 0 0 0)
Hop 2: [100-92] 108 (0 1 2 1 1 0) -> 92 (0 1 1 1 1 0)
Hop 2: [114-178] 50 (0 0 3 0 0 2) -> 178 (1 0 3 0 0 2)
Hop 1: [201-209] 201 (1 1 0 1 0 1) -> 193 (1 1 0 0 0 1)
Hop 2: [196-252] 204 (1 1 0 1 1 0) -> 252 (1 1 3 1 1 0)
Hop 1: [193-201] 193 (1 1 0 0 0 1) -> 201 (1 1 0 1 0 1)
Hop 2: [218-226] 210 (1 1 1 0 0 2) -> 226 (1 1 2 0 0 2)
Hop 2: [110-174] 46 (0 0 2 1 1 2) -> 174 (1 0 2 1 1 2)
Hop 1: [154-218] 154 (1 0 1 1 0 2) -> 218 (1 1 1 1 0 2)
Hop 2: [73-81] 65 (0 1 0 0 0 1) -> 81 (0 1 1 0 0 1)
Hop 1: [107-43] 107 (0 1 2 1 0 3) -> 43 (0 0 2 1 0 3)
Hop 2: [236-244] 228 (1 1 2 0 1 0) -> 244 (1 1 3 0 1 0)
Hop 2: [117-181] 53 (0 0 3 0 1 1) -> 181 (1 0 3 0 1 1)
Hop 1: [127-63] 127 (0 1 3 1 1 3) -> 63 (0 0 3 1 1 3)
Hop 1: [128-192] 128 (1 0 0 0 0 0) -> 192 (1 1 0 0 0 0)
Hop 2: [118-182] 54 (0 0 3 0 1 2) -> 182 (1 0 3 0 1 2)
Hop 2: [197-253] 205 (1 1 0 1 1 1) -> 253 (1 1 3 1 1 1)
Hop 1: [108-172] 108 (0 1 2 1 1 0) -> 44 (0 0 2 1 1 0)
Hop 1: [158-222] 158 (1 0 1 1 1 2) -> 222 (1 1 1 1 1 2)
Hop 2: [201-209] 193 (1 1 0 0 0 1) -> 209 (1 1 1 0 0 1)
Hop 2: [108-172] 44 (0 0 2 1 1 0) -> 172 (1 0 2 1 1 0)
Hop 1: [170-234] 170 (1 0 2 1 0 2) -> 234 (1 1 2 1 0 2)
Hop 1: [167-231] 167 (1 0 2 0 1 3) -> 231 (1 1 2 0 1 3)
Hop 1: [251-59] 251 (1 1 3 1 0 3) -> 187 (1 0 3 1 0 3)
Hop 1: [23-87] 23 (0 0 1 0 1 3) -> 87 (0 1 1 0 1 3)
Hop 1: [247-55] 247 (1 1 3 0 1 3) -> 183 (1 0 3 0 1 3)
Hop 1: [15-8] 15 (0 0 0 1 1 3) -> 8 (0 0 0 1 0 0)
Hop 1: [1-9] 1 (0 0 0 0 0 1) -> 9 (0 0 0 1 0 1)
Hop 1: [172-236] 172 (1 0 2 1 1 0) -> 236 (1 1 2 1 1 0)
Hop 1: [161-97] 161 (1 0 2 0 0 1) -> 225 (1 1 2 0 0 1)
Hop 1: [221-29] 221 (1 1 1 1 1 1) -> 157 (1 0 1 1 1 1)
Hop 2: [251-59] 187 (1 0 3 1 0 3) -> 59 (0 0 3 1 0 3)
Hop 1: [235-43] 235 (1 1 2 1 0 3) -> 171 (1 0 2 1 0 3)
Hop 1: [87-95] 87 (0 1 1 0 1 3) -> 95 (0 1 1 1 1 3)
Hop 1: [186-250] 186 (1 0 3 1 0 2) -> 250 (1 1 3 1 0 2)
Hop 1: [78-86] 78 (0 1 0 1 1 2) -> 70 (0 1 0 0 1 2)
Hop 1: [19-83] 19 (0 0 1 0 0 3) -> 83 (0 1 1 0 0 3)
Hop 1: [83-91] 83 (0 1 1 0 0 3) -> 91 (0 1 1 1 0 3)
Hop 1: [165-229] 165 (1 0 2 0 1 1) -> 229 (1 1 2 0 1 1)
Hop 1: [250-58] 250 (1 1 3 1 0 2) -> 186 (1 0 3 1 0 2)
Hop 1: [29-93] 29 (0 0 1 1 1 1) -> 93 (0 1 1 1 1 1)
Hop 1: [84-92] 84 (0 1 1 0 1 0) -> 92 (0 1 1 1 1 0)
Hop 1: [254-62] 254 (1 1 3 1 1 2) -> 190 (1 0 3 1 1 2)
Hop 1: [173-237] 173 (1 0 2 1 1 1) -> 237 (1 1 2 1 1 1)
Hop 1: [240-48] 240 (1 1 3 0 0 0) -> 176 (1 0 3 0 0 0)
Hop 1: [6-70] 6 (0 0 0 0 1 2) -> 70 (0 1 0 0 1 2)
Hop 1: [184-248] 184 (1 0 3 1 0 0) -> 248 (1 1 3 1 0 0)
Hop 1: [69-77] 69 (0 1 0 0 1 1) -> 77 (0 1 0 1 1 1)
Hop 1: [225-33] 225 (1 1 2 0 0 1) -> 161 (1 0 2 0 0 1)
Hop 1: [90-98] 90 (0 1 1 1 0 2) -> 82 (0 1 1 0 0 2)
Hop 1: [122-66] 122 (0 1 3 1 0 2) -> 114 (0 1 3 0 0 2)
Hop 2: [161-97] 225 (1 1 2 0 0 1) -> 97 (0 1 2 0 0 1)
Hop 1: [2-66] 2 (0 0 0 0 0 2) -> 66 (0 1 0 0 0 2)
Hop 1: [181-245] 181 (1 0 3 0 1 1) -> 245 (1 1 3 0 1 1)
Hop 1: [230-38] 230 (1 1 2 0 1 2) -> 166 (1 0 2 0 1 2)
Hop 1: [222-30] 222 (1 1 1 1 1 2) -> 158 (1 0 1 1 1 2)
Hop 1: [191-255] 191 (1 0 3 1 1 3) -> 255 (1 1 3 1 1 3)
Hop 1: [67-75] 67 (0 1 0 0 0 3) -> 75 (0 1 0 1 0 3)
Hop 2: [235-43] 171 (1 0 2 1 0 3) -> 43 (0 0 2 1 0 3)
Hop 1: [255-63] 255 (1 1 3 1 1 3) -> 191 (1 0 3 1 1 3)
Hop 1: [11-75] 11 (0 0 0 1 0 3) -> 75 (0 1 0 1 0 3)
Hop 1: [7-71] 7 (0 0 0 0 1 3) -> 71 (0 1 0 0 1 3)
Hop 1: [91-99] 91 (0 1 1 1 0 3) -> 83 (0 1 1 0 0 3)
Hop 2: [247-55] 183 (1 0 3 0 1 3) -> 55 (0 0 3 0 1 3)
Hop 1: [12-76] 12 (0 0 0 1 1 0) -> 76 (0 1 0 1 1 0)
Hop 1: [162-98] 162 (1 0 2 0 0 2) -> 226 (1 1 2 0 0 2)
Hop 1: [25-89] 25 (0 0 1 1 0 1) -> 89 (0 1 1 1 0 1)
Hop 1: [178-242] 178 (1 0 3 0 0 2) -> 242 (1 1 3 0 0 2)
Hop 1: [182-246] 182 (1 0 3 0 1 2) -> 246 (1 1 3 0 1 2)
Hop 2: [221-29] 157 (1 0 1 1 1 1) -> 29 (0 0 1 1 1 1)
Hop 1: [189-253] 189 (1 0 3 1 1 1) -> 253 (1 1 3 1 1 1)
Hop 1: [168-232] 168 (1 0 2 1 0 0) -> 232 (1 1 2 1 0 0)
Hop 1: [65-73] 65 (0 1 0 0 0 1) -> 73 (0 1 0 1 0 1)
Hop 1: [31-95] 31 (0 0 1 1 1 3) -> 95 (0 1 1 1 1 3)
Hop 1: [234-42] 234 (1 1 2 1 0 2) -> 170 (1 0 2 1 0 2)
Hop 1: [252-60] 252 (1 1 3 1 1 0) -> 188 (1 0 3 1 1 0)
Hop 1: [20-84] 20 (0 0 1 0 1 0) -> 84 (0 1 1 0 1 0)
Hop 2: [240-48] 176 (1 0 3 0 0 0) -> 48 (0 0 3 0 0 0)
Hop 1: [226-34] 226 (1 1 2 0 0 2) -> 162 (1 0 2 0 0 2)
Hop 1: [245-53] 245 (1 1 3 0 1 1) -> 181 (1 0 3 0 1 1)
Hop 1: [77-85] 77 (0 1 0 1 1 1) -> 69 (0 1 0 0 1 1)
Hop 1: [120-64] 120 (0 1 3 1 0 0) -> 112 (0 1 3 0 0 0)
Hop 1: [26-90] 26 (0 0 1 1 0 2) -> 90 (0 1 1 1 0 2)
Hop 1: [179-243] 179 (1 0 3 0 0 3) -> 243 (1 1 3 0 0 3)
Hop 1: [16-80] 16 (0 0 1 0 0 0) -> 80 (0 1 1 0 0 0)
Hop 1: [228-36] 228 (1 1 2 0 1 0) -> 164 (1 0 2 0 1 0)
Hop 1: [81-89] 81 (0 1 1 0 0 1) -> 89 (0 1 1 1 0 1)
Hop 2: [250-58] 186 (1 0 3 1 0 2) -> 58 (0 0 3 1 0 2)
Hop 1: [85-93] 85 (0 1 1 0 1 1) -> 93 (0 1 1 1 1 1)
Hop 2: [255-63] 191 (1 0 3 1 1 3) -> 63 (0 0 3 1 1 3)
Hop 1: [21-85] 21 (0 0 1 0 1 1) -> 85 (0 1 1 0 1 1)
Hop 1: [241-49] 241 (1 1 3 0 0 1) -> 177 (1 0 3 0 0 1)
Hop 1: [70-78] 70 (0 1 0 0 1 2) -> 78 (0 1 0 1 1 2)
Hop 1: [224-32] 224 (1 1 2 0 0 0) -> 160 (1 0 2 0 0 0)
Hop 2: [90-98] 82 (0 1 1 0 0 2) -> 98 (0 1 2 0 0 2)
Hop 1: [246-54] 246 (1 1 3 0 1 2) -> 182 (1 0 3 0 1 2)
Hop 1: [76-84] 76 (0 1 0 1 1 0) -> 68 (0 1 0 0 1 0)
Hop 1: [123-67] 123 (0 1 3 1 0 3) -> 115 (0 1 3 0 0 3)
Hop 1: [14-78] 14 (0 0 0 1 1 2) -> 78 (0 1 0 1 1 2)
Hop 2: [162-98] 226 (1 1 2 0 0 2) -> 98 (0 1 2 0 0 2)
Hop 1: [27-91] 27 (0 0 1 1 0 3) -> 91 (0 1 1 1 0 3)
Hop 1: [177-241] 177 (1 0 3 0 0 1) -> 241 (1 1 3 0 0 1)
Hop 1: [3-67] 3 (0 0 0 0 0 3) -> 67 (0 1 0 0 0 3)
Hop 1: [180-244] 180 (1 0 3 0 1 0) -> 244 (1 1 3 0 1 0)
Hop 1: [43-51] 43 (0 0 2 1 0 3) -> 35 (0 0 2 0 0 3)
Hop 2: [230-38] 166 (1 0 2 0 1 2) -> 38 (0 0 2 0 1 2)
Hop 1: [188-252] 188 (1 0 3 1 1 0) -> 252 (1 1 3 1 1 0)
Hop 1: [135-71] 135 (1 0 0 0 1 3) -> 199 (1 1 0 0 1 3)
Hop 1: [66-74] 66 (0 1 0 0 0 2) -> 74 (0 1 0 1 0 2)
Hop 1: [30-94] 30 (0 0 1 1 1 2) -> 94 (0 1 1 1 1 2)
Hop 2: [234-42] 170 (1 0 2 1 0 2) -> 42 (0 0 2 1 0 2)
Hop 2: [254-62] 190 (1 0 3 1 1 2) -> 62 (0 0 3 1 1 2)
Hop 1: [115-51] 115 (0 1 3 0 0 3) -> 51 (0 0 3 0 0 3)
Hop 1: [242-50] 242 (1 1 3 0 0 2) -> 178 (1 0 3 0 0 2)
Hop 1: [71-79] 71 (0 1 0 0 1 3) -> 79 (0 1 0 1 1 3)
Hop 2: [225-33] 161 (1 0 2 0 0 1) -> 33 (0 0 2 0 0 1)
Hop 1: [89-97] 89 (0 1 1 1 0 1) -> 81 (0 1 1 0 0 1)
Hop 2: [78-86] 70 (0 1 0 0 1 2) -> 86 (0 1 1 0 1 2)
Hop 1: [121-65] 121 (0 1 3 1 0 1) -> 113 (0 1 3 0 0 1)
Hop 1: [0-8] 0 (0 0 0 0 0 0) -> 8 (0 0 0 1 0 0)
Hop 1: [229-37] 229 (1 1 2 0 1 1) -> 165 (1 0 2 0 1 1)
Hop 1: [190-254] 190 (1 0 3 1 1 2) -> 254 (1 1 3 1 1 2)
Hop 1: [169-233] 169 (1 0 2 1 0 1) -> 233 (1 1 2 1 0 1)
Hop 1: [80-88] 80 (0 1 1 0 0 0) -> 88 (0 1 1 1 0 0)
Hop 1: [166-230] 166 (1 0 2 0 1 2) -> 230 (1 1 2 0 1 2)
Hop 1: [28-92] 28 (0 0 1 1 1 0) -> 92 (0 1 1 1 1 0)
Hop 1: [86-94] 86 (0 1 1 0 1 2) -> 94 (0 1 1 1 1 2)
Hop 2: [252-60] 188 (1 0 3 1 1 0) -> 60 (0 0 3 1 1 0)
Hop 1: [243-51] 243 (1 1 3 0 0 3) -> 179 (1 0 3 0 0 3)
Hop 1: [68-76] 68 (0 1 0 0 1 0) -> 76 (0 1 0 1 1 0)
Hop 1: [101-93] 101 (0 1 2 0 1 1) -> 109 (0 1 2 1 1 1)
Hop 1: [227-35] 227 (1 1 2 0 0 3) -> 163 (1 0 2 0 0 3)
Hop 2: [91-99] 83 (0 1 1 0 0 3) -> 99 (0 1 2 0 0 3)
Hop 2: [246-54] 182 (1 0 3 0 1 2) -> 54 (0 0 3 0 1 2)
Hop 2: [76-84] 68 (0 1 0 0 1 0) -> 84 (0 1 1 0 1 0)
Hop 2: [122-66] 114 (0 1 3 0 0 2) -> 66 (0 1 0 0 0 2)
Hop 1: [18-82] 18 (0 0 1 0 0 2) -> 82 (0 1 1 0 0 2)
Hop 1: [231-39] 231 (1 1 2 0 1 3) -> 167 (1 0 2 0 1 3)
Hop 1: [223-31] 223 (1 1 1 1 1 3) -> 159 (1 0 1 1 1 3)
Hop 1: [82-90] 82 (0 1 1 0 0 2) -> 90 (0 1 1 1 0 2)
Hop 1: [134-70] 134 (1 0 0 0 1 2) -> 198 (1 1 0 0 1 2)
Hop 1: [105-97] 105 (0 1 2 1 0 1) -> 97 (0 1 2 0 0 1)
Hop 1: [232-40] 232 (1 1 2 1 0 0) -> 168 (1 0 2 1 0 0)
Hop 1: [54-62] 54 (0 0 3 0 1 2) -> 62 (0 0 3 1 1 2)
Hop 1: [22-86] 22 (0 0 1 0 1 2) -> 86 (0 1 1 0 1 2)
Hop 1: [174-238] 174 (1 0 2 1 1 2) -> 238 (1 1 2 1 1 2)
Hop 2: [226-34] 162 (1 0 2 0 0 2) -> 34 (0 0 2 0 0 2)
Hop 2: [89-97] 81 (0 1 1 0 0 1) -> 97 (0 1 2 0 0 1)
Hop 1: [149-85] 149 (1 0 1 0 1 1) -> 213 (1 1 1 0 1 1)
Hop 2: [77-85] 69 (0 1 0 0 1 1) -> 85 (0 1 1 0 1 1)
Hop 1: [109-45] 109 (0 1 2 1 1 1) -> 45 (0 0 2 1 1 1)
Hop 2: [123-67] 115 (0 1 3 0 0 3) -> 67 (0 1 0 0 0 3)
Hop 1: [217-25] 217 (1 1 1 1 0 1) -> 153 (1 0 1 1 0 1)
Hop 1: [24-88] 24 (0 0 1 1 0 0) -> 88 (0 1 1 1 0 0)
Hop 1: [176-240] 176 (1 0 3 0 0 0) -> 240 (1 1 3 0 0 0)
Hop 2: [229-37] 165 (1 0 2 0 1 1) -> 37 (0 0 2 0 1 1)
Hop 2: [222-30] 158 (1 0 1 1 1 2) -> 30 (0 0 1 1 1 2)
Hop 2: [241-49] 177 (1 0 3 0 0 1) -> 49 (0 0 3 0 0 1)
Hop 1: [5-69] 5 (0 0 0 0 1 1) -> 69 (0 1 0 0 1 1)
Hop 1: [146-82] 146 (1 0 1 0 0 2) -> 210 (1 1 1 0 0 2)
Hop 1: [187-251] 187 (1 0 3 1 0 3) -> 251 (1 1 3 1 0 3)
Hop 2: [224-32] 160 (1 0 2 0 0 0) -> 32 (0 0 2 0 0 0)
Hop 2: [120-64] 112 (0 1 3 0 0 0) -> 64 (0 1 0 0 0 0)
Hop 1: [72-80] 72 (0 1 0 1 0 0) -> 64 (0 1 0 0 0 0)
Hop 1: [183-247] 183 (1 0 3 0 1 3) -> 247 (1 1 3 0 1 3)
Hop 1: [17-9] 17 (0 0 1 0 0 1) -> 25 (0 0 1 1 0 1)
Hop 2: [231-39] 167 (1 0 2 0 1 3) -> 39 (0 0 2 0 1 3)
Hop 2: [223-31] 159 (1 0 1 1 1 3) -> 31 (0 0 1 1 1 3)
Hop 1: [154-90] 154 (1 0 1 1 0 2) -> 218 (1 1 1 1 0 2)
Hop 2: [135-71] 199 (1 1 0 0 1 3) -> 71 (0 1 0 0 1 3)
Hop 1: [249-57] 249 (1 1 3 1 0 1) -> 185 (1 0 3 1 0 1)
Hop 1: [195-3] 195 (1 1 0 0 0 3) -> 131 (1 0 0 0 0 3)
Hop 1: [55-63] 55 (0 0 3 0 1 3) -> 63 (0 0 3 1 1 3)
Hop 1: [131-67] 131 (1 0 0 0 0 3) -> 195 (1 1 0 0 0 3)
Hop 2: [242-50] 178 (1 0 3 0 0 2) -> 50 (0 0 3 0 0 2)
Hop 1: [4-68] 4 (0 0 0 0 1 0) -> 68 (0 1 0 0 1 0)
Hop 1: [200-8] 200 (1 1 0 1 0 0) -> 136 (1 0 0 1 0 0)
Hop 1: [47-55] 47 (0 0 2 1 1 3) -> 39 (0 0 2 0 1 3)
Hop 2: [121-65] 113 (0 1 3 0 0 1) -> 65 (0 1 0 0 0 1)
Hop 1: [206-214] 206 (1 1 0 1 1 2) -> 198 (1 1 0 0 1 2)
Hop 1: [171-235] 171 (1 0 2 1 0 3) -> 235 (1 1 2 1 0 3)
Hop 1: [215-23] 215 (1 1 1 0 1 3) -> 151 (1 0 1 0 1 3)
Hop 1: [37-45] 37 (0 0 2 0 1 1) -> 45 (0 0 2 1 1 1)
Hop 1: [209-217] 209 (1 1 1 0 0 1) -> 217 (1 1 1 1 0 1)
Hop 2: [232-40] 168 (1 0 2 1 0 0) -> 40 (0 0 2 1 0 0)
Hop 1: [141-77] 141 (1 0 0 1 1 1) -> 205 (1 1 0 1 1 1)
Hop 1: [51-59] 51 (0 0 3 0 0 3) -> 59 (0 0 3 1 0 3)
Hop 2: [243-51] 179 (1 0 3 0 0 3) -> 51 (0 0 3 0 0 3)
Hop 2: [101-93] 109 (0 1 2 1 1 1) -> 93 (0 1 1 1 1 1)
Hop 2: [227-35] 163 (1 0 2 0 0 3) -> 35 (0 0 2 0 0 3)
Hop 1: [88-96] 88 (0 1 1 1 0 0) -> 80 (0 1 1 0 0 0)
Hop 1: [197-5] 197 (1 1 0 0 1 1) -> 133 (1 0 0 0 1 1)
Hop 2: [245-53] 181 (1 0 3 0 1 1) -> 53 (0 0 3 0 1 1)
Hop 1: [116-52] 116 (0 1 3 0 1 0) -> 52 (0 0 3 0 1 0)
Hop 1: [160-96] 160 (1 0 2 0 0 0) -> 224 (1 1 2 0 0 0)
Hop 2: [17-9] 25 (0 0 1 1 0 1) -> 9 (0 0 0 1 0 1)
Hop 2: [228-36] 164 (1 0 2 0 1 0) -> 36 (0 0 2 0 1 0)
Hop 1: [238-46] 238 (1 1 2 1 1 2) -> 174 (1 0 2 1 1 2)
Hop 2: [134-70] 198 (1 1 0 0 1 2) -> 70 (0 1 0 0 1 2)
Hop 1: [64-72] 64 (0 1 0 0 0 0) -> 72 (0 1 0 1 0 0)
Hop 1: [104-96] 104 (0 1 2 1 0 0) -> 96 (0 1 2 0 0 0)
Hop 1: [253-61] 253 (1 1 3 1 1 1) -> 189 (1 0 3 1 1 1)
Hop 1: [201-9] 201 (1 1 0 1 0 1) -> 137 (1 0 0 1 0 1)
Hop 1: [148-84] 148 (1 0 1 0 1 0) -> 212 (1 1 1 0 1 0)
Hop 1: [127-71] 127 (0 1 3 1 1 3) -> 119 (0 1 3 0 1 3)
Hop 1: [205-213] 205 (1 1 0 1 1 1) -> 197 (1 1 0 0 1 1)
Hop 1: [220-28] 220 (1 1 1 1 1 0) -> 156 (1 0 1 1 1 0)
Hop 1: [164-228] 164 (1 0 2 0 1 0) -> 228 (1 1 2 0 1 0)
Hop 1: [36-44] 36 (0 0 2 0 1 0) -> 44 (0 0 2 1 1 0)
Hop 1: [248-56] 248 (1 1 3 1 0 0) -> 184 (1 0 3 1 0 0)
Hop 1: [145-81] 145 (1 0 1 0 0 1) -> 209 (1 1 1 0 0 1)
Hop 1: [185-249] 185 (1 0 3 1 0 1) -> 249 (1 1 3 1 0 1)
Hop 1: [244-52] 244 (1 1 3 0 1 0) -> 180 (1 0 3 0 1 0)
Hop 1: [119-55] 119 (0 1 3 0 1 3) -> 55 (0 0 3 0 1 3)
Hop 1: [138-74] 138 (1 0 0 1 0 2) -> 202 (1 1 0 1 0 2)
Hop 1: [73-9] 73 (0 1 0 1 0 1) -> 9 (0 0 0 1 0 1)
Hop 2: [43-51] 35 (0 0 2 0 0 3) -> 51 (0 0 3 0 0 3)
Hop 2: [154-90] 218 (1 1 1 1 0 2) -> 90 (0 1 1 1 0 2)
Hop 1: [236-44] 236 (1 1 2 1 1 0) -> 172 (1 0 2 1 1 0)
Hop 1: [128-64] 128 (1 0 0 0 0 0) -> 192 (1 1 0 0 0 0)
Hop 1: [175-239] 175 (1 0 2 1 1 3) -> 239 (1 1 2 1 1 3)
Hop 1: [112-48] 112 (0 1 3 0 0 0) -> 48 (0 0 3 0 0 0)
Hop 1: [203-211] 203 (1 1 0 1 0 3) -> 195 (1 1 0 0 0 3)
Hop 1: [46-54] 46 (0 0 2 1 1 2) -> 38 (0 0 2 0 1 2)
Hop 2: [149-85] 213 (1 1 1 0 1 1) -> 85 (0 1 1 0 1 1)
Hop 1: [108-44] 108 (0 1 2 1 1 0) -> 44 (0 0 2 1 1 0)
Hop 2: [217-25] 153 (1 0 1 1 0 1) -> 25 (0 0 1 1 0 1)
Hop 2: [160-96] 224 (1 1 2 0 0 0) -> 96 (0 1 2 0 0 0)
Hop 1: [157-93] 157 (1 0 1 1 1 1) -> 221 (1 1 1 1 1 1)
Hop 1: [33-97] 33 (0 0 2 0 0 1) -> 97 (0 1 2 0 0 1)
Hop 2: [248-56] 184 (1 0 3 1 0 0) -> 56 (0 0 3 1 0 0)
Hop 1: [49-57] 49 (0 0 3 0 0 1) -> 57 (0 0 3 1 0 1)
Hop 2: [197-5] 133 (1 0 0 0 1 1) -> 5 (0 0 0 0 1 1)
Hop 1: [136-72] 136 (1 0 0 1 0 0) -> 200 (1 1 0 1 0 0)
Hop 1: [75-83] 75 (0 1 0 1 0 3) -> 67 (0 1 0 0 0 3)
Hop 1: [40-48] 40 (0 0 2 1 0 0) -> 32 (0 0 2 0 0 0)
Hop 2: [220-28] 156 (1 0 1 1 1 0) -> 28 (0 0 1 1 1 0)
Hop 1: [153-89] 153 (1 0 1 1 0 1) -> 217 (1 1 1 1 0 1)
Hop 2: [238-46] 174 (1 0 2 1 1 2) -> 46 (0 0 2 1 1 2)
Hop 1: [107-99] 107 (0 1 2 1 0 3) -> 99 (0 1 2 0 0 3)
Hop 1: [194-250] 194 (1 1 0 0 0 2) -> 202 (1 1 0 1 0 2)
Hop 1: [52-60] 52 (0 0 3 0 1 0) -> 60 (0 0 3 1 1 0)
Hop 1: [130-66] 130 (1 0 0 0 0 2) -> 194 (1 1 0 0 0 2)
Hop 2: [201-9] 137 (1 0 0 1 0 1) -> 9 (0 0 0 1 0 1)
Hop 1: [150-86] 150 (1 0 1 0 1 2) -> 214 (1 1 1 0 1 2)
Hop 2: [244-52] 180 (1 0 3 0 1 0) -> 52 (0 0 3 0 1 0)
Hop 1: [218-26] 218 (1 1 1 1 0 2) -> 154 (1 0 1 1 0 2)
Hop 1: [125-69] 125 (0 1 3 1 1 1) -> 117 (0 1 3 0 1 1)
Hop 1: [63-7] 63 (0 0 3 1 1 3) -> 55 (0 0 3 0 1 3)
Hop 1: [158-94] 158 (1 0 1 1 1 2) -> 222 (1 1 1 1 1 2)
Hop 1: [35-99] 35 (0 0 2 0 0 3) -> 99 (0 1 2 0 0 3)
Hop 1: [214-222] 214 (1 1 1 0 1 2) -> 222 (1 1 1 1 1 2)
Hop 1: [208-216] 208 (1 1 1 0 0 0) -> 216 (1 1 1 1 0 0)
Hop 1: [56-63] 56 (0 0 3 1 0 0) -> 63 (0 0 3 1 1 3)
Hop 1: [142-78] 142 (1 0 0 1 1 2) -> 206 (1 1 0 1 1 2)
Hop 1: [48-56] 48 (0 0 3 0 0 0) -> 56 (0 0 3 1 0 0)
Hop 2: [146-82] 210 (1 1 1 0 0 2) -> 82 (0 1 1 0 0 2)
Hop 1: [13-77] 13 (0 0 0 1 1 1) -> 77 (0 1 0 1 1 1)
Hop 2: [138-74] 202 (1 1 0 1 0 2) -> 74 (0 1 0 1 0 2)
Hop 2: [72-80] 64 (0 1 0 0 0 0) -> 80 (0 1 1 0 0 0)
Hop 1: [41-49] 41 (0 0 2 1 0 1) -> 33 (0 0 2 0 0 1)
Hop 2: [249-57] 185 (1 0 3 1 0 1) -> 57 (0 0 3 1 0 1)
Hop 1: [193-249] 193 (1 1 0 0 0 1) -> 201 (1 1 0 1 0 1)
Hop 2: [131-67] 195 (1 1 0 0 0 3) -> 67 (0 1 0 0 0 3)
Hop 1: [44-52] 44 (0 0 2 1 1 0) -> 36 (0 0 2 0 1 0)
Hop 1: [79-87] 79 (0 1 0 1 1 3) -> 71 (0 1 0 0 1 3)
Hop 1: [216-24] 216 (1 1 1 1 0 0) -> 152 (1 0 1 1 0 0)
Hop 1: [163-99] 163 (1 0 2 0 0 3) -> 227 (1 1 2 0 0 3)
Hop 1: [126-70] 126 (0 1 3 1 1 2) -> 118 (0 1 3 0 1 2)
Hop 2: [206-214] 198 (1 1 0 0 1 2) -> 214 (1 1 1 0 1 2)
Hop 1: [159-95] 159 (1 0 1 1 1 3) -> 223 (1 1 1 1 1 3)
Hop 1: [34-98] 34 (0 0 2 0 0 2) -> 98 (0 1 2 0 0 2)
Hop 1: [212-220] 212 (1 1 1 0 1 0) -> 220 (1 1 1 1 1 0)
Hop 2: [253-61] 189 (1 0 3 1 1 1) -> 61 (0 0 3 1 1 1)
Hop 1: [140-76] 140 (1 0 0 1 1 0) -> 204 (1 1 0 1 1 0)
Hop 1: [147-83] 147 (1 0 1 0 0 3) -> 211 (1 1 1 0 0 3)
Hop 1: [117-53] 117 (0 1 3 0 1 1) -> 53 (0 0 3 0 1 1)
Hop 1: [139-75] 139 (1 0 0 1 0 3) -> 203 (1 1 0 1 0 3)
Hop 2: [236-44] 172 (1 0 2 1 1 0) -> 44 (0 0 2 1 1 0)
Hop 2: [195-3] 131 (1 0 0 0 0 3) -> 3 (0 0 0 0 0 3)
Hop 2: [200-8] 136 (1 0 0 1 0 0) -> 8 (0 0 0 1 0 0)
Hop 2: [46-54] 38 (0 0 2 0 1 2) -> 54 (0 0 3 0 1 2)
Hop 2: [148-84] 212 (1 1 1 0 1 0) -> 84 (0 1 1 0 1 0)
Hop 2: [218-26] 154 (1 0 1 1 0 2) -> 26 (0 0 1 1 0 2)
Hop 2: [163-99] 227 (1 1 2 0 0 3) -> 99 (0 1 2 0 0 3)
Hop 2: [127-71] 119 (0 1 3 0 1 3) -> 71 (0 1 0 0 1 3)
Hop 1: [207-215] 207 (1 1 0 1 1 3) -> 199 (1 1 0 0 1 3)
Hop 1: [156-92] 156 (1 0 1 1 1 0) -> 220 (1 1 1 1 1 0)
Hop 1: [32-96] 32 (0 0 2 0 0 0) -> 96 (0 1 2 0 0 0)
Hop 1: [210-218] 210 (1 1 1 0 0 2) -> 218 (1 1 1 1 0 2)
Hop 1: [233-41] 233 (1 1 2 1 0 1) -> 169 (1 0 2 1 0 1)
Hop 2: [88-96] 80 (0 1 1 0 0 0) -> 96 (0 1 2 0 0 0)
Hop 2: [141-77] 205 (1 1 0 1 1 1) -> 77 (0 1 0 1 1 1)
Hop 1: [102-94] 102 (0 1 2 0 1 2) -> 110 (0 1 2 1 1 2)
Hop 1: [196-4] 196 (1 1 0 0 1 0) -> 132 (1 0 0 0 1 0)
Hop 1: [152-88] 152 (1 0 1 1 0 0) -> 216 (1 1 1 1 0 0)
Hop 1: [192-248] 192 (1 1 0 0 0 0) -> 200 (1 1 0 1 0 0)
Hop 2: [233-41] 169 (1 0 2 1 0 1) -> 41 (0 0 2 1 0 1)
Hop 2: [79-87] 71 (0 1 0 0 1 3) -> 87 (0 1 1 0 1 3)
Hop 2: [128-64] 192 (1 1 0 0 0 0) -> 64 (0 1 0 0 0 0)
Hop 1: [113-49] 113 (0 1 3 0 0 1) -> 49 (0 0 3 0 0 1)
Hop 2: [47-55] 39 (0 0 2 0 1 3) -> 55 (0 0 3 0 1 3)
Hop 1: [110-46] 110 (0 1 2 1 1 2) -> 46 (0 0 2 1 1 2)
Hop 1: [124-68] 124 (0 1 3 1 1 0) -> 116 (0 1 3 0 1 0)
Hop 2: [63-7] 55 (0 0 3 0 1 3) -> 7 (0 0 0 0 1 3)
Hop 2: [159-95] 223 (1 1 1 1 1 3) -> 95 (0 1 1 1 1 3)
Hop 1: [38-46] 38 (0 0 2 0 1 2) -> 46 (0 0 2 1 1 2)
Hop 1: [143-79] 143 (1 0 0 1 1 3) -> 207 (1 1 0 1 1 3)
Hop 1: [103-96] 103 (0 1 2 0 1 3) -> 96 (0 1 2 0 0 0)
Hop 1: [199-7] 199 (1 1 0 0 1 3) -> 135 (1 0 0 0 1 3)
Hop 2: [136-72] 200 (1 1 0 1 0 0) -> 72 (0 1 0 1 0 0)
Hop 2: [40-48] 32 (0 0 2 0 0 0) -> 48 (0 0 3 0 0 0)
Hop 2: [194-250] 202 (1 1 0 1 0 2) -> 250 (1 1 3 1 0 2)
Hop 2: [203-211] 195 (1 1 0 0 0 3) -> 211 (1 1 1 0 0 3)
Hop 1: [45-53] 45 (0 0 2 1 1 1) -> 37 (0 0 2 0 1 1)
Hop 2: [125-69] 117 (0 1 3 0 1 1) -> 69 (0 1 0 0 1 1)
Hop 2: [207-215] 199 (1 1 0 0 1 3) -> 215 (1 1 1 0 1 3)
Hop 2: [157-93] 221 (1 1 1 1 1 1) -> 93 (0 1 1 1 1 1)
Hop 1: [213-221] 213 (1 1 1 0 1 1) -> 221 (1 1 1 1 1 1)
Hop 2: [140-76] 204 (1 1 0 1 1 0) -> 76 (0 1 0 1 1 0)
Hop 2: [147-83] 211 (1 1 1 0 0 3) -> 83 (0 1 1 0 0 3)
Hop 1: [198-6] 198 (1 1 0 0 1 2) -> 134 (1 0 0 0 1 2)
Hop 1: [137-73] 137 (1 0 0 1 0 1) -> 201 (1 1 0 1 0 1)
Hop 2: [75-83] 67 (0 1 0 0 0 3) -> 83 (0 1 1 0 0 3)
Hop 2: [41-49] 33 (0 0 2 0 0 1) -> 49 (0 0 3 0 0 1)
Hop 1: [155-91] 155 (1 0 1 1 0 3) -> 219 (1 1 1 1 0 3)
Hop 1: [129-65] 129 (1 0 0 0 0 1) -> 193 (1 1 0 0 0 1)
Hop 1: [219-27] 219 (1 1 1 1 0 3) -> 155 (1 0 1 1 0 3)
Hop 2: [126-70] 118 (0 1 3 0 1 2) -> 70 (0 1 0 0 1 2)
Hop 2: [205-213] 197 (1 1 0 0 1 1) -> 213 (1 1 1 0 1 1)
Hop 2: [158-94] 222 (1 1 1 1 1 2) -> 94 (0 1 1 1 1 2)
Hop 2: [142-78] 206 (1 1 0 1 1 2) -> 78 (0 1 0 1 1 2)
Hop 1: [100-99] 100 (0 1 2 0 1 0) -> 99 (0 1 2 0 0 3)
Hop 2: [199-7] 135 (1 0 0 0 1 3) -> 7 (0 0 0 0 1 3)
Hop 2: [152-88] 216 (1 1 1 1 0 0) -> 88 (0 1 1 1 0 0)
Hop 1: [239-47] 239 (1 1 2 1 1 3) -> 175 (1 0 2 1 1 3)
Hop 2: [192-248] 200 (1 1 0 1 0 0) -> 248 (1 1 3 1 0 0)
Hop 2: [150-86] 214 (1 1 1 0 1 2) -> 86 (0 1 1 0 1 2)
Hop 2: [216-24] 152 (1 0 1 1 0 0) -> 24 (0 0 1 1 0 0)
Hop 1: [204-212] 204 (1 1 0 1 1 0) -> 196 (1 1 0 0 1 0)
Hop 2: [215-23] 151 (1 0 1 0 1 3) -> 23 (0 0 1 0 1 3)
Hop 1: [59-60] 59 (0 0 3 1 0 3) -> 60 (0 0 3 1 1 0)
Hop 2: [143-79] 207 (1 1 0 1 1 3) -> 79 (0 1 0 1 1 3)
Hop 1: [50-58] 50 (0 0 3 0 0 2) -> 58 (0 0 3 1 0 2)
Hop 1: [144-80] 144 (1 0 1 0 0 0) -> 208 (1 1 1 0 0 0)
Hop 2: [102-94] 110 (0 1 2 1 1 2) -> 94 (0 1 1 1 1 2)
Hop 1: [42-50] 42 (0 0 2 1 0 2) -> 34 (0 0 2 0 0 2)
Hop 2: [153-89] 217 (1 1 1 1 0 1) -> 89 (0 1 1 1 0 1)
Hop 2: [129-65] 193 (1 1 0 0 0 1) -> 65 (0 1 0 0 0 1)
Hop 2: [44-52] 36 (0 0 2 0 1 0) -> 52 (0 0 3 0 1 0)
Hop 2: [139-75] 203 (1 1 0 1 0 3) -> 75 (0 1 0 1 0 3)
Hop 1: [74-82] 74 (0 1 0 1 0 2) -> 66 (0 1 0 0 0 2)
Hop 1: [237-45] 237 (1 1 2 1 1 1) -> 173 (1 0 2 1 1 1)
Hop 1: [106-98] 106 (0 1 2 1 0 2) -> 98 (0 1 2 0 0 2)
Hop 1: [53-61] 53 (0 0 3 0 1 1) -> 61 (0 0 3 1 1 1)
Hop 2: [130-66] 194 (1 1 0 0 0 2) -> 66 (0 1 0 0 0 2)
Hop 1: [202-210] 202 (1 1 0 1 0 2) -> 194 (1 1 0 0 0 2)
Hop 2: [219-27] 155 (1 0 1 1 0 3) -> 27 (0 0 1 1 0 3)
Hop 2: [144-80] 208 (1 1 1 0 0 0) -> 80 (0 1 1 0 0 0)
Hop 2: [196-4] 132 (1 0 0 0 1 0) -> 4 (0 0 0 0 1 0)
Hop 2: [42-50] 34 (0 0 2 0 0 2) -> 50 (0 0 3 0 0 2)
Hop 2: [239-47] 175 (1 0 2 1 1 3) -> 47 (0 0 2 1 1 3)
Hop 1: [133-69] 133 (1 0 0 0 1 1) -> 197 (1 1 0 0 1 1)
Hop 2: [193-249] 201 (1 1 0 1 0 1) -> 249 (1 1 3 1 0 1)
Hop 1: [111-47] 111 (0 1 2 1 1 3) -> 47 (0 0 2 1 1 3)
Hop 2: [156-92] 220 (1 1 1 1 1 0) -> 92 (0 1 1 1 1 0)
Hop 2: [145-81] 209 (1 1 1 0 0 1) -> 81 (0 1 1 0 0 1)
Hop 2: [198-6] 134 (1 0 0 0 1 2) -> 6 (0 0 0 0 1 2)
Hop 2: [155-91] 219 (1 1 1 1 0 3) -> 91 (0 1 1 1 0 3)
Hop 2: [237-45] 173 (1 0 2 1 1 1) -> 45 (0 0 2 1 1 1)
Hop 1: [132-68] 132 (1 0 0 0 1 0) -> 196 (1 1 0 0 1 0)
Hop 2: [45-53] 37 (0 0 2 0 1 1) -> 53 (0 0 3 0 1 1)
Hop 1: [211-219] 211 (1 1 1 0 0 3) -> 219 (1 1 1 1 0 3)
Hop 1: [151-87] 151 (1 0 1 0 1 3) -> 215 (1 1 1 0 1 3)
Hop 1: [118-54] 118 (0 1 3 0 1 2) -> 54 (0 0 3 0 1 2)
Hop 2: [74-82] 66 (0 1 0 0 0 2) -> 82 (0 1 1 0 0 2)
Hop 2: [132-68] 196 (1 1 0 0 1 0) -> 68 (0 1 0 0 1 0)
Hop 2: [202-210] 194 (1 1 0 0 0 2) -> 210 (1 1 1 0 0 2)
Hop 1: [39-47] 39 (0 0 2 0 1 3) -> 47 (0 0 2 1 1 3)
Hop 2: [137-73] 201 (1 1 0 1 0 1) -> 73 (0 1 0 1 0 1)
Hop 1: [114-50] 114 (0 1 3 0 0 2) -> 50 (0 0 3 0 0 2)
Hop 2: [124-68] 116 (0 1 3 0 1 0) -> 68 (0 1 0 0 1 0)
Hop 2: [151-87] 215 (1 1 1 0 1 3) -> 87 (0 1 1 0 1 3)
Hop 2: [133-69] 197 (1 1 0 0 1 1) -> 69 (0 1 0 0 1 1)
Hop 2: [204-212] 196 (1 1 0 0 1 0) -> 212 (1 1 1 0 1 0)
