Hop 1: [40-24] 40 (1 0 2 0 0 0) -> 56 (1 1 2 0 0 0)
Hop 1: [1-0] 1 (0 0 0 0 1 0) -> 0 (0 0 0 0 0 0)
Hop 2: [40-24] 56 (1 1 2 0 0 0) -> 24 (0 1 2 0 0 0)
Hop 1: [43-27] 43 (1 0 2 1 1 0) -> 59 (1 1 2 1 1 0)
Hop 1: [26-10] 26 (0 1 2 1 0 0) -> 10 (0 0 2 1 0 0)
Hop 1: [19-16] 19 (0 1 0 1 1 0) -> 17 (0 1 0 0 1 0)
Hop 1: [2-1] 2 (0 0 0 1 0 0) -> 0 (0 0 0 0 0 0)
Hop 1: [47-31] 47 (1 0 3 1 1 0) -> 63 (1 1 3 1 1 0)
Hop 1: [62-14] 62 (1 1 3 1 0 0) -> 46 (1 0 3 1 0 0)
Hop 1: [22-18] 22 (0 1 1 1 0 0) -> 18 (0 1 0 1 0 0)
Hop 2: [43-27] 59 (1 1 2 1 1 0) -> 27 (0 1 2 1 1 0)
Hop 1: [20-16] 20 (0 1 1 0 0 0) -> 16 (0 1 0 0 0 0)
Hop 1: [0-1] 0 (0 0 0 0 0 0) -> 1 (0 0 0 0 1 0)
Hop 1: [57-41] 57 (1 1 2 0 1 0) -> 41 (1 0 2 0 1 0)
Hop 1: [6-10] 6 (0 0 1 1 0 0) -> 10 (0 0 2 1 0 0)
Hop 2: [19-16] 17 (0 1 0 0 1 0) -> 16 (0 1 0 0 0 0)
Hop 1: [16-0] 16 (0 1 0 0 0 0) -> 0 (0 0 0 0 0 0)
Hop 2: [2-1] 0 (0 0 0 0 0 0) -> 1 (0 0 0 0 1 0)
Hop 2: [47-31] 63 (1 1 3 1 1 0) -> 31 (0 1 3 1 1 0)
Hop 1: [17-1] 17 (0 1 0 0 1 0) -> 1 (0 0 0 0 1 0)
Hop 1: [56-40] 56 (1 1 2 0 0 0) -> 40 (1 0 2 0 0 0)
Hop 1: [11-10] 11 (0 0 2 1 1 0) -> 10 (0 0 2 1 0 0)
Hop 1: [5-1] 5 (0 0 1 0 1 0) -> 1 (0 0 0 0 1 0)
Hop 2: [62-14] 46 (1 0 3 1 0 0) -> 14 (0 0 3 1 0 0)
Hop 1: [7-11] 7 (0 0 1 1 1 0) -> 11 (0 0 2 1 1 0)
Hop 1: [46-30] 46 (1 0 3 1 0 0) -> 62 (1 1 3 1 0 0)
Hop 1: [4-0] 4 (0 0 1 0 0 0) -> 0 (0 0 0 0 0 0)
Hop 1: [21-17] 21 (0 1 1 0 1 0) -> 17 (0 1 0 0 1 0)
Hop 1: [45-29] 45 (1 0 3 0 1 0) -> 61 (1 1 3 0 1 0)
Hop 1: [3-0] 3 (0 0 0 1 1 0) -> 1 (0 0 0 0 1 0)
Hop 1: [42-26] 42 (1 0 2 1 0 0) -> 58 (1 1 2 1 0 0)
Hop 1: [44-28] 44 (1 0 3 0 0 0) -> 60 (1 1 3 0 0 0)
Hop 1: [23-19] 23 (0 1 1 1 1 0) -> 19 (0 1 0 1 1 0)
Hop 1: [41-25] 41 (1 0 2 0 1 0) -> 57 (1 1 2 0 1 0)
Hop 1: [13-1] 13 (0 0 3 0 1 0) -> 1 (0 0 0 0 1 0)
Hop 1: [58-10] 58 (1 1 2 1 0 0) -> 42 (1 0 2 1 0 0)
Hop 1: [55-39] 55 (1 1 1 1 1 0) -> 39 (1 0 1 1 1 0)
Hop 1: [30-14] 30 (0 1 3 1 0 0) -> 14 (0 0 3 1 0 0)
Hop 1: [63-15] 63 (1 1 3 1 1 0) -> 47 (1 0 3 1 1 0)
Hop 1: [61-13] 61 (1 1 3 0 1 0) -> 45 (1 0 3 0 1 0)
Hop 1: [60-12] 60 (1 1 3 0 0 0) -> 44 (1 0 3 0 0 0)
Hop 1: [9-10] 9 (0 0 2 0 1 0) -> 11 (0 0 2 1 1 0)
Hop 1: [34-18] 34 (1 0 0 1 0 0) -> 50 (1 1 0 1 0 0)
Hop 2: [46-30] 62 (1 1 3 1 0 0) -> 30 (0 1 3 1 0 0)
Hop 1: [18-17] 18 (0 1 0 1 0 0) -> 16 (0 1 0 0 0 0)
Hop 2: [45-29] 61 (1 1 3 0 1 0) -> 29 (0 1 3 0 1 0)
Hop 2: [3-0] 1 (0 0 0 0 1 0) -> 0 (0 0 0 0 0 0)
Hop 2: [42-26] 58 (1 1 2 1 0 0) -> 26 (0 1 2 1 0 0)
Hop 2: [44-28] 60 (1 1 3 0 0 0) -> 28 (0 1 3 0 0 0)
Hop 2: [41-25] 57 (1 1 2 0 1 0) -> 25 (0 1 2 0 1 0)
Hop 2: [58-10] 42 (1 0 2 1 0 0) -> 10 (0 0 2 1 0 0)
Hop 1: [35-19] 35 (1 0 0 1 1 0) -> 51 (1 1 0 1 1 0)
Hop 1: [12-0] 12 (0 0 3 0 0 0) -> 0 (0 0 0 0 0 0)
Hop 2: [63-15] 47 (1 0 3 1 1 0) -> 15 (0 0 3 1 1 0)
Hop 2: [61-13] 45 (1 0 3 0 1 0) -> 13 (0 0 3 0 1 0)
Hop 2: [60-12] 44 (1 0 3 0 0 0) -> 12 (0 0 3 0 0 0)
Hop 1: [29-13] 29 (0 1 3 0 1 0) -> 13 (0 0 3 0 1 0)
Hop 1: [53-37] 53 (1 1 1 0 1 0) -> 37 (1 0 1 0 1 0)
Hop 1: [15-11] 15 (0 0 3 1 1 0) -> 11 (0 0 2 1 1 0)
Hop 1: [27-11] 27 (0 1 2 1 1 0) -> 11 (0 0 2 1 1 0)
Hop 2: [9-10] 11 (0 0 2 1 1 0) -> 10 (0 0 2 1 0 0)
Hop 2: [34-18] 50 (1 1 0 1 0 0) -> 18 (0 1 0 1 0 0)
Hop 2: [18-17] 16 (0 1 0 0 0 0) -> 17 (0 1 0 0 1 0)
Hop 1: [39-23] 39 (1 0 1 1 1 0) -> 55 (1 1 1 1 1 0)
Hop 1: [25-21] 25 (0 1 2 0 1 0) -> 21 (0 1 1 0 1 0)
Hop 2: [35-19] 51 (1 1 0 1 1 0) -> 19 (0 1 0 1 1 0)
Hop 1: [49-1] 49 (1 1 0 0 1 0) -> 33 (1 0 0 0 1 0)
Hop 1: [38-22] 38 (1 0 1 1 0 0) -> 54 (1 1 1 1 0 0)
Hop 1: [37-21] 37 (1 0 1 0 1 0) -> 53 (1 1 1 0 1 0)
Hop 1: [54-38] 54 (1 1 1 1 0 0) -> 38 (1 0 1 1 0 0)
Hop 1: [50-2] 50 (1 1 0 1 0 0) -> 34 (1 0 0 1 0 0)
Hop 1: [24-20] 24 (0 1 2 0 0 0) -> 20 (0 1 1 0 0 0)
Hop 1: [33-17] 33 (1 0 0 0 1 0) -> 49 (1 1 0 0 1 0)
Hop 1: [28-12] 28 (0 1 3 0 0 0) -> 12 (0 0 3 0 0 0)
Hop 1: [14-10] 14 (0 0 3 1 0 0) -> 10 (0 0 2 1 0 0)
Hop 1: [36-20] 36 (1 0 1 0 0 0) -> 52 (1 1 1 0 0 0)
Hop 1: [10-11] 10 (0 0 2 1 0 0) -> 11 (0 0 2 1 1 0)
Hop 1: [31-15] 31 (0 1 3 1 1 0) -> 15 (0 0 3 1 1 0)
Hop 1: [48-0] 48 (1 1 0 0 0 0) -> 32 (1 0 0 0 0 0)
Hop 1: [8-11] 8 (0 0 2 0 0 0) -> 10 (0 0 2 1 0 0)
Hop 1: [59-11] 59 (1 1 2 1 1 0) -> 43 (1 0 2 1 1 0)
Hop 1: [32-16] 32 (1 0 0 0 0 0) -> 48 (1 1 0 0 0 0)
Hop 2: [39-23] 55 (1 1 1 1 1 0) -> 23 (0 1 1 1 1 0)
Hop 1: [51-3] 51 (1 1 0 1 1 0) -> 35 (1 0 0 1 1 0)
Hop 1: [52-36] 52 (1 1 1 0 0 0) -> 36 (1 0 1 0 0 0)
Hop 2: [49-1] 33 (1 0 0 0 1 0) -> 1 (0 0 0 0 1 0)
Hop 2: [38-22] 54 (1 1 1 1 0 0) -> 22 (0 1 1 1 0 0)
Hop 2: [37-21] 53 (1 1 1 0 1 0) -> 21 (0 1 1 0 1 0)
Hop 2: [50-2] 34 (1 0 0 1 0 0) -> 2 (0 0 0 1 0 0)
Hop 2: [33-17] 49 (1 1 0 0 1 0) -> 17 (0 1 0 0 1 0)
Hop 2: [36-20] 52 (1 1 1 0 0 0) -> 20 (0 1 1 0 0 0)
Hop 2: [48-0] 32 (1 0 0 0 0 0) -> 0 (0 0 0 0 0 0)
Hop 2: [8-11] 10 (0 0 2 1 0 0) -> 11 (0 0 2 1 1 0)
Hop 2: [59-11] 43 (1 0 2 1 1 0) -> 11 (0 0 2 1 1 0)
Hop 2: [32-16] 48 (1 1 0 0 0 0) -> 16 (0 1 0 0 0 0)
Hop 2: [51-3] 35 (1 0 0 1 1 0) -> 3 (0 0 0 1 1 0)
Hop 1: [23-20] 23 (0 1 1 1 1 0) -> 21 (0 1 1 0 1 0)
Hop 1: [44-32] 44 (1 0 3 0 0 0) -> 32 (1 0 0 0 0 0)
Hop 1: [22-21] 22 (0 1 1 1 0 0) -> 20 (0 1 1 0 0 0)
Hop 1: [42-38] 42 (1 0 2 1 0 0) -> 38 (1 0 1 1 0 0)
Hop 1: [20-21] 20 (0 1 1 0 0 0) -> 21 (0 1 1 0 1 0)
Hop 1: [40-36] 40 (1 0 2 0 0 0) -> 36 (1 0 1 0 0 0)
Hop 1: [5-21] 5 (0 0 1 0 1 0) -> 21 (0 1 1 0 1 0)
Hop 1: [57-53] 57 (1 1 2 0 1 0) -> 53 (1 1 1 0 1 0)
Hop 1: [16-17] 16 (0 1 0 0 0 0) -> 17 (0 1 0 0 1 0)
Hop 1: [58-42] 58 (1 1 2 1 0 0) -> 42 (1 0 2 1 0 0)
Hop 1: [19-18] 19 (0 1 0 1 1 0) -> 18 (0 1 0 1 0 0)
Hop 1: [60-44] 60 (1 1 3 0 0 0) -> 44 (1 0 3 0 0 0)
Hop 1: [2-14] 2 (0 0 0 1 0 0) -> 14 (0 0 3 1 0 0)
Hop 1: [56-52] 56 (1 1 2 0 0 0) -> 52 (1 1 1 0 0 0)
Hop 1: [6-2] 6 (0 0 1 1 0 0) -> 2 (0 0 0 1 0 0)
Hop 1: [62-46] 62 (1 1 3 1 0 0) -> 46 (1 0 3 1 0 0)
Hop 1: [4-20] 4 (0 0 1 0 0 0) -> 20 (0 1 1 0 0 0)
Hop 1: [61-45] 61 (1 1 3 0 1 0) -> 45 (1 0 3 0 1 0)
Hop 1: [17-16] 17 (0 1 0 0 1 0) -> 16 (0 1 0 0 0 0)
Hop 1: [46-34] 46 (1 0 3 1 0 0) -> 34 (1 0 0 1 0 0)
Hop 1: [1-13] 1 (0 0 0 0 1 0) -> 13 (0 0 3 0 1 0)
Hop 1: [30-18] 30 (0 1 3 1 0 0) -> 18 (0 1 0 1 0 0)
Hop 1: [3-15] 3 (0 0 0 1 1 0) -> 15 (0 0 3 1 1 0)
Hop 1: [41-37] 41 (1 0 2 0 1 0) -> 37 (1 0 1 0 1 0)
Hop 1: [21-20] 21 (0 1 1 0 1 0) -> 20 (0 1 1 0 0 0)
Hop 1: [47-35] 47 (1 0 3 1 1 0) -> 35 (1 0 0 1 1 0)
Hop 1: [55-51] 55 (1 1 1 1 1 0) -> 51 (1 1 0 1 1 0)
Hop 1: [43-39] 43 (1 0 2 1 1 0) -> 39 (1 0 1 1 1 0)
Hop 1: [7-23] 7 (0 0 1 1 1 0) -> 23 (0 1 1 1 1 0)
Hop 1: [63-47] 63 (1 1 3 1 1 0) -> 47 (1 0 3 1 1 0)
Hop 1: [0-12] 0 (0 0 0 0 0 0) -> 12 (0 0 3 0 0 0)
Hop 1: [45-33] 45 (1 0 3 0 1 0) -> 33 (1 0 0 0 1 0)
Hop 2: [23-20] 21 (0 1 1 0 1 0) -> 20 (0 1 1 0 0 0)
Hop 2: [22-21] 20 (0 1 1 0 0 0) -> 21 (0 1 1 0 1 0)
Hop 1: [51-35] 51 (1 1 0 1 1 0) -> 35 (1 0 0 1 1 0)
Hop 1: [27-23] 27 (0 1 2 1 1 0) -> 23 (0 1 1 1 1 0)
Hop 1: [54-50] 54 (1 1 1 1 0 0) -> 50 (1 1 0 1 0 0)
Hop 1: [31-19] 31 (0 1 3 1 1 0) -> 19 (0 1 0 1 1 0)
Hop 1: [26-22] 26 (0 1 2 1 0 0) -> 22 (0 1 1 1 0 0)
Hop 1: [39-35] 39 (1 0 1 1 1 0) -> 35 (1 0 0 1 1 0)
Hop 1: [34-33] 34 (1 0 0 1 0 0) -> 32 (1 0 0 0 0 0)
Hop 1: [10-14] 10 (0 0 2 1 0 0) -> 14 (0 0 3 1 0 0)
Hop 1: [52-4] 52 (1 1 1 0 0 0) -> 36 (1 0 1 0 0 0)
Hop 1: [11-15] 11 (0 0 2 1 1 0) -> 15 (0 0 3 1 1 0)
Hop 1: [53-49] 53 (1 1 1 0 1 0) -> 49 (1 1 0 0 1 0)
Hop 1: [15-12] 15 (0 0 3 1 1 0) -> 13 (0 0 3 0 1 0)
Hop 1: [29-17] 29 (0 1 3 0 1 0) -> 17 (0 1 0 0 1 0)
Hop 1: [36-32] 36 (1 0 1 0 0 0) -> 32 (1 0 0 0 0 0)
Hop 1: [9-13] 9 (0 0 2 0 1 0) -> 13 (0 0 3 0 1 0)
Hop 1: [50-34] 50 (1 1 0 1 0 0) -> 34 (1 0 0 1 0 0)
Hop 1: [24-25] 24 (0 1 2 0 0 0) -> 25 (0 1 2 0 1 0)
Hop 1: [48-32] 48 (1 1 0 0 0 0) -> 32 (1 0 0 0 0 0)
Hop 1: [14-13] 14 (0 0 3 1 0 0) -> 12 (0 0 3 0 0 0)
Hop 1: [35-32] 35 (1 0 0 1 1 0) -> 33 (1 0 0 0 1 0)
Hop 1: [28-16] 28 (0 1 3 0 0 0) -> 16 (0 1 0 0 0 0)
Hop 1: [32-33] 32 (1 0 0 0 0 0) -> 33 (1 0 0 0 1 0)
Hop 1: [13-12] 13 (0 0 3 0 1 0) -> 12 (0 0 3 0 0 0)
Hop 1: [33-32] 33 (1 0 0 0 1 0) -> 32 (1 0 0 0 0 0)
Hop 1: [25-24] 25 (0 1 2 0 1 0) -> 24 (0 1 2 0 0 0)
Hop 1: [37-33] 37 (1 0 1 0 1 0) -> 33 (1 0 0 0 1 0)
Hop 1: [18-19] 18 (0 1 0 1 0 0) -> 19 (0 1 0 1 1 0)
Hop 1: [12-13] 12 (0 0 3 0 0 0) -> 13 (0 0 3 0 1 0)
Hop 1: [49-33] 49 (1 1 0 0 1 0) -> 33 (1 0 0 0 1 0)
Hop 1: [8-12] 8 (0 0 2 0 0 0) -> 12 (0 0 3 0 0 0)
Hop 1: [38-34] 38 (1 0 1 1 0 0) -> 34 (1 0 0 1 0 0)
Hop 1: [59-43] 59 (1 1 2 1 1 0) -> 43 (1 0 2 1 1 0)
Hop 2: [34-33] 32 (1 0 0 0 0 0) -> 33 (1 0 0 0 1 0)
Hop 2: [52-4] 36 (1 0 1 0 0 0) -> 4 (0 0 1 0 0 0)
Hop 2: [15-12] 13 (0 0 3 0 1 0) -> 12 (0 0 3 0 0 0)
Hop 2: [14-13] 12 (0 0 3 0 0 0) -> 13 (0 0 3 0 1 0)
Hop 2: [35-32] 33 (1 0 0 0 1 0) -> 32 (1 0 0 0 0 0)
Hop 1: [16-19] 16 (0 1 0 0 0 0) -> 18 (0 1 0 1 0 0)
Hop 1: [56-57] 56 (1 1 2 0 0 0) -> 57 (1 1 2 0 1 0)
Hop 1: [17-18] 17 (0 1 0 0 1 0) -> 19 (0 1 0 1 1 0)
Hop 1: [58-54] 58 (1 1 2 1 0 0) -> 54 (1 1 1 1 0 0)
Hop 1: [7-3] 7 (0 0 1 1 1 0) -> 3 (0 0 0 1 1 0)
Hop 1: [61-49] 61 (1 1 3 0 1 0) -> 49 (1 1 0 0 1 0)
Hop 1: [4-5] 4 (0 0 1 0 0 0) -> 5 (0 0 1 0 1 0)
Hop 1: [63-51] 63 (1 1 3 1 1 0) -> 51 (1 1 0 1 1 0)
Hop 1: [19-23] 19 (0 1 0 1 1 0) -> 23 (0 1 1 1 1 0)
Hop 1: [57-56] 57 (1 1 2 0 1 0) -> 56 (1 1 2 0 0 0)
Hop 1: [1-17] 1 (0 0 0 0 1 0) -> 17 (0 1 0 0 1 0)
Hop 1: [60-48] 60 (1 1 3 0 0 0) -> 48 (1 1 0 0 0 0)
Hop 1: [55-52] 55 (1 1 1 1 1 0) -> 53 (1 1 1 0 1 0)
Hop 1: [46-42] 46 (1 0 3 1 0 0) -> 42 (1 0 2 1 0 0)
Hop 1: [6-22] 6 (0 0 1 1 0 0) -> 22 (0 1 1 1 0 0)
Hop 1: [40-41] 40 (1 0 2 0 0 0) -> 41 (1 0 2 0 1 0)
Hop 1: [20-23] 20 (0 1 1 0 0 0) -> 22 (0 1 1 1 0 0)
Hop 1: [42-41] 42 (1 0 2 1 0 0) -> 40 (1 0 2 0 0 0)
Hop 1: [2-18] 2 (0 0 0 1 0 0) -> 18 (0 1 0 1 0 0)
Hop 1: [30-26] 30 (0 1 3 1 0 0) -> 26 (0 1 2 1 0 0)
Hop 1: [22-23] 22 (0 1 1 1 0 0) -> 23 (0 1 1 1 1 0)
Hop 1: [62-50] 62 (1 1 3 1 0 0) -> 50 (1 1 0 1 0 0)
Hop 1: [0-16] 0 (0 0 0 0 0 0) -> 16 (0 1 0 0 0 0)
Hop 1: [44-40] 44 (1 0 3 0 0 0) -> 40 (1 0 2 0 0 0)
Hop 1: [21-22] 21 (0 1 1 0 1 0) -> 23 (0 1 1 1 1 0)
Hop 1: [45-41] 45 (1 0 3 0 1 0) -> 41 (1 0 2 0 1 0)
Hop 1: [23-22] 23 (0 1 1 1 1 0) -> 22 (0 1 1 1 0 0)
Hop 1: [41-40] 41 (1 0 2 0 1 0) -> 40 (1 0 2 0 0 0)
Hop 1: [5-4] 5 (0 0 1 0 1 0) -> 4 (0 0 1 0 0 0)
Hop 1: [43-40] 43 (1 0 2 1 1 0) -> 41 (1 0 2 0 1 0)
Hop 1: [3-19] 3 (0 0 0 1 1 0) -> 19 (0 1 0 1 1 0)
Hop 1: [47-43] 47 (1 0 3 1 1 0) -> 43 (1 0 2 1 1 0)
Hop 2: [16-19] 18 (0 1 0 1 0 0) -> 19 (0 1 0 1 1 0)
Hop 2: [17-18] 19 (0 1 0 1 1 0) -> 18 (0 1 0 1 0 0)
Hop 2: [55-52] 53 (1 1 1 0 1 0) -> 52 (1 1 1 0 0 0)
Hop 2: [20-23] 22 (0 1 1 1 0 0) -> 23 (0 1 1 1 1 0)
Hop 2: [42-41] 40 (1 0 2 0 0 0) -> 41 (1 0 2 0 1 0)
Hop 2: [21-22] 23 (0 1 1 1 1 0) -> 22 (0 1 1 1 0 0)
Hop 2: [43-40] 41 (1 0 2 0 1 0) -> 40 (1 0 2 0 0 0)
Hop 1: [35-34] 35 (1 0 0 1 1 0) -> 34 (1 0 0 1 0 0)
Hop 1: [27-24] 27 (0 1 2 1 1 0) -> 25 (0 1 2 0 1 0)
Hop 1: [38-37] 38 (1 0 1 1 0 0) -> 36 (1 0 1 0 0 0)
Hop 1: [29-25] 29 (0 1 3 0 1 0) -> 25 (0 1 2 0 1 0)
Hop 1: [34-35] 34 (1 0 0 1 0 0) -> 35 (1 0 0 1 1 0)
Hop 1: [31-27] 31 (0 1 3 1 1 0) -> 27 (0 1 2 1 1 0)
Hop 1: [37-36] 37 (1 0 1 0 1 0) -> 36 (1 0 1 0 0 0)
Hop 1: [10-26] 10 (0 0 2 1 0 0) -> 26 (0 1 2 1 0 0)
Hop 1: [50-49] 50 (1 1 0 1 0 0) -> 48 (1 1 0 0 0 0)
Hop 1: [15-14] 15 (0 0 3 1 1 0) -> 14 (0 0 3 1 0 0)
Hop 1: [54-53] 54 (1 1 1 1 0 0) -> 52 (1 1 1 0 0 0)
Hop 1: [14-15] 14 (0 0 3 1 0 0) -> 15 (0 0 3 1 1 0)
Hop 1: [18-2] 18 (0 1 0 1 0 0) -> 2 (0 0 0 1 0 0)
Hop 1: [13-14] 13 (0 0 3 0 1 0) -> 15 (0 0 3 1 1 0)
Hop 1: [26-25] 26 (0 1 2 1 0 0) -> 24 (0 1 2 0 0 0)
Hop 1: [52-48] 52 (1 1 1 0 0 0) -> 48 (1 1 0 0 0 0)
Hop 1: [24-27] 24 (0 1 2 0 0 0) -> 26 (0 1 2 1 0 0)
Hop 1: [36-37] 36 (1 0 1 0 0 0) -> 37 (1 0 1 0 1 0)
Hop 1: [33-34] 33 (1 0 0 0 1 0) -> 35 (1 0 0 1 1 0)
Hop 1: [28-24] 28 (0 1 3 0 0 0) -> 24 (0 1 2 0 0 0)
Hop 1: [39-36] 39 (1 0 1 1 1 0) -> 37 (1 0 1 0 1 0)
Hop 1: [8-24] 8 (0 0 2 0 0 0) -> 24 (0 1 2 0 0 0)
Hop 1: [59-55] 59 (1 1 2 1 1 0) -> 55 (1 1 1 1 1 0)
Hop 1: [32-35] 32 (1 0 0 0 0 0) -> 34 (1 0 0 1 0 0)
Hop 1: [12-15] 12 (0 0 3 0 0 0) -> 14 (0 0 3 1 0 0)
Hop 1: [53-5] 53 (1 1 1 0 1 0) -> 37 (1 0 1 0 1 0)
Hop 1: [9-25] 9 (0 0 2 0 1 0) -> 25 (0 1 2 0 1 0)
Hop 1: [51-48] 51 (1 1 0 1 1 0) -> 49 (1 1 0 0 1 0)
Hop 1: [25-26] 25 (0 1 2 0 1 0) -> 27 (0 1 2 1 1 0)
Hop 1: [48-49] 48 (1 1 0 0 0 0) -> 49 (1 1 0 0 1 0)
Hop 1: [11-27] 11 (0 0 2 1 1 0) -> 27 (0 1 2 1 1 0)
Hop 1: [49-48] 49 (1 1 0 0 1 0) -> 48 (1 1 0 0 0 0)
Hop 2: [27-24] 25 (0 1 2 0 1 0) -> 24 (0 1 2 0 0 0)
Hop 2: [38-37] 36 (1 0 1 0 0 0) -> 37 (1 0 1 0 1 0)
Hop 2: [50-49] 48 (1 1 0 0 0 0) -> 49 (1 1 0 0 1 0)
Hop 2: [54-53] 52 (1 1 1 0 0 0) -> 53 (1 1 1 0 1 0)
Hop 2: [13-14] 15 (0 0 3 1 1 0) -> 14 (0 0 3 1 0 0)
Hop 2: [26-25] 24 (0 1 2 0 0 0) -> 25 (0 1 2 0 1 0)
Hop 2: [24-27] 26 (0 1 2 1 0 0) -> 27 (0 1 2 1 1 0)
Hop 2: [33-34] 35 (1 0 0 1 1 0) -> 34 (1 0 0 1 0 0)
Hop 2: [39-36] 37 (1 0 1 0 1 0) -> 36 (1 0 1 0 0 0)
Hop 2: [32-35] 34 (1 0 0 1 0 0) -> 35 (1 0 0 1 1 0)
Hop 2: [12-15] 14 (0 0 3 1 0 0) -> 15 (0 0 3 1 1 0)
Hop 2: [53-5] 37 (1 0 1 0 1 0) -> 5 (0 0 1 0 1 0)
Hop 2: [51-48] 49 (1 1 0 0 1 0) -> 48 (1 1 0 0 0 0)
Hop 2: [25-26] 27 (0 1 2 1 1 0) -> 26 (0 1 2 1 0 0)
Hop 1: [20-24] 20 (0 1 1 0 0 0) -> 24 (0 1 2 0 0 0)
Hop 1: [47-44] 47 (1 0 3 1 1 0) -> 45 (1 0 3 0 1 0)
Hop 1: [16-20] 16 (0 1 0 0 0 0) -> 20 (0 1 1 0 0 0)
Hop 1: [58-57] 58 (1 1 2 1 0 0) -> 56 (1 1 2 0 0 0)
Hop 1: [23-27] 23 (0 1 1 1 1 0) -> 27 (0 1 2 1 1 0)
Hop 1: [62-58] 62 (1 1 3 1 0 0) -> 58 (1 1 2 1 0 0)
Hop 1: [19-3] 19 (0 1 0 1 1 0) -> 3 (0 0 0 1 1 0)
Hop 1: [46-45] 46 (1 0 3 1 0 0) -> 44 (1 0 3 0 0 0)
Hop 1: [2-3] 2 (0 0 0 1 0 0) -> 3 (0 0 0 1 1 0)
Hop 1: [45-44] 45 (1 0 3 0 1 0) -> 44 (1 0 3 0 0 0)
Hop 1: [21-25] 21 (0 1 1 0 1 0) -> 25 (0 1 2 0 1 0)
Hop 1: [44-45] 44 (1 0 3 0 0 0) -> 45 (1 0 3 0 1 0)
Hop 1: [55-54] 55 (1 1 1 1 1 0) -> 54 (1 1 1 1 0 0)
Hop 1: [60-56] 60 (1 1 3 0 0 0) -> 56 (1 1 2 0 0 0)
Hop 1: [4-52] 4 (0 0 1 0 0 0) -> 20 (0 1 1 0 0 0)
Hop 1: [61-57] 61 (1 1 3 0 1 0) -> 57 (1 1 2 0 1 0)
Hop 1: [22-26] 22 (0 1 1 1 0 0) -> 26 (0 1 2 1 0 0)
Hop 1: [41-42] 41 (1 0 2 0 1 0) -> 43 (1 0 2 1 1 0)
Hop 1: [3-2] 3 (0 0 0 1 1 0) -> 2 (0 0 0 1 0 0)
Hop 1: [40-43] 40 (1 0 2 0 0 0) -> 42 (1 0 2 1 0 0)
Hop 1: [17-21] 17 (0 1 0 0 1 0) -> 21 (0 1 1 0 1 0)
Hop 1: [57-58] 57 (1 1 2 0 1 0) -> 59 (1 1 2 1 1 0)
Hop 1: [6-5] 6 (0 0 1 1 0 0) -> 4 (0 0 1 0 0 0)
Hop 1: [63-59] 63 (1 1 3 1 1 0) -> 59 (1 1 2 1 1 0)
Hop 1: [7-4] 7 (0 0 1 1 1 0) -> 5 (0 0 1 0 1 0)
Hop 1: [42-43] 42 (1 0 2 1 0 0) -> 43 (1 0 2 1 1 0)
Hop 1: [1-2] 1 (0 0 0 0 1 0) -> 3 (0 0 0 1 1 0)
Hop 1: [43-42] 43 (1 0 2 1 1 0) -> 42 (1 0 2 1 0 0)
Hop 1: [5-53] 5 (0 0 1 0 1 0) -> 21 (0 1 1 0 1 0)
Hop 1: [30-29] 30 (0 1 3 1 0 0) -> 28 (0 1 3 0 0 0)
Hop 1: [0-3] 0 (0 0 0 0 0 0) -> 2 (0 0 0 1 0 0)
Hop 1: [56-59] 56 (1 1 2 0 0 0) -> 58 (1 1 2 1 0 0)
Hop 2: [47-44] 45 (1 0 3 0 1 0) -> 44 (1 0 3 0 0 0)
Hop 2: [58-57] 56 (1 1 2 0 0 0) -> 57 (1 1 2 0 1 0)
Hop 2: [46-45] 44 (1 0 3 0 0 0) -> 45 (1 0 3 0 1 0)
Hop 2: [4-52] 20 (0 1 1 0 0 0) -> 52 (1 1 1 0 0 0)
Hop 2: [41-42] 43 (1 0 2 1 1 0) -> 42 (1 0 2 1 0 0)
Hop 2: [40-43] 42 (1 0 2 1 0 0) -> 43 (1 0 2 1 1 0)
Hop 2: [57-58] 59 (1 1 2 1 1 0) -> 58 (1 1 2 1 0 0)
Hop 2: [6-5] 4 (0 0 1 0 0 0) -> 5 (0 0 1 0 1 0)
Hop 2: [7-4] 5 (0 0 1 0 1 0) -> 4 (0 0 1 0 0 0)
Hop 2: [1-2] 3 (0 0 0 1 1 0) -> 2 (0 0 0 1 0 0)
Hop 2: [5-53] 21 (0 1 1 0 1 0) -> 53 (1 1 1 0 1 0)
Hop 2: [30-29] 28 (0 1 3 0 0 0) -> 29 (0 1 3 0 1 0)
Hop 2: [0-3] 2 (0 0 0 1 0 0) -> 3 (0 0 0 1 1 0)
Hop 2: [56-59] 58 (1 1 2 1 0 0) -> 59 (1 1 2 1 1 0)
Hop 1: [25-29] 25 (0 1 2 0 1 0) -> 29 (0 1 3 0 1 0)
Hop 1: [54-55] 54 (1 1 1 1 0 0) -> 55 (1 1 1 1 1 0)
Hop 1: [51-50] 51 (1 1 0 1 1 0) -> 50 (1 1 0 1 0 0)
Hop 1: [27-26] 27 (0 1 2 1 1 0) -> 26 (0 1 2 1 0 0)
Hop 1: [52-53] 52 (1 1 1 0 0 0) -> 53 (1 1 1 0 1 0)
Hop 1: [9-5] 9 (0 0 2 0 1 0) -> 5 (0 0 1 0 1 0)
Hop 1: [48-51] 48 (1 1 0 0 0 0) -> 50 (1 1 0 1 0 0)
Hop 1: [29-28] 29 (0 1 3 0 1 0) -> 28 (0 1 3 0 0 0)
Hop 1: [38-39] 38 (1 0 1 1 0 0) -> 39 (1 0 1 1 1 0)
Hop 1: [26-27] 26 (0 1 2 1 0 0) -> 27 (0 1 2 1 1 0)
Hop 1: [36-39] 36 (1 0 1 0 0 0) -> 38 (1 0 1 1 0 0)
Hop 1: [11-59] 11 (0 0 2 1 1 0) -> 27 (0 1 2 1 1 0)
Hop 1: [33-37] 33 (1 0 0 0 1 0) -> 37 (1 0 1 0 1 0)
Hop 1: [10-58] 10 (0 0 2 1 0 0) -> 26 (0 1 2 1 0 0)
Hop 1: [8-4] 8 (0 0 2 0 0 0) -> 4 (0 0 1 0 0 0)
Hop 1: [34-38] 34 (1 0 0 1 0 0) -> 38 (1 0 1 1 0 0)
Hop 1: [24-28] 24 (0 1 2 0 0 0) -> 28 (0 1 3 0 0 0)
Hop 1: [35-39] 35 (1 0 0 1 1 0) -> 39 (1 0 1 1 1 0)
Hop 1: [14-2] 14 (0 0 3 1 0 0) -> 2 (0 0 0 1 0 0)
Hop 1: [32-36] 32 (1 0 0 0 0 0) -> 36 (1 0 1 0 0 0)
Hop 1: [12-28] 12 (0 0 3 0 0 0) -> 28 (0 1 3 0 0 0)
Hop 1: [50-51] 50 (1 1 0 1 0 0) -> 51 (1 1 0 1 1 0)
Hop 1: [28-29] 28 (0 1 3 0 0 0) -> 29 (0 1 3 0 1 0)
Hop 1: [39-38] 39 (1 0 1 1 1 0) -> 38 (1 0 1 1 0 0)
Hop 1: [13-29] 13 (0 0 3 0 1 0) -> 29 (0 1 3 0 1 0)
Hop 1: [53-52] 53 (1 1 1 0 1 0) -> 52 (1 1 1 0 0 0)
Hop 1: [15-3] 15 (0 0 3 1 1 0) -> 3 (0 0 0 1 1 0)
Hop 1: [49-50] 49 (1 1 0 0 1 0) -> 51 (1 1 0 1 1 0)
Hop 1: [59-56] 59 (1 1 2 1 1 0) -> 57 (1 1 2 0 1 0)
Hop 1: [37-38] 37 (1 0 1 0 1 0) -> 39 (1 0 1 1 1 0)
Hop 1: [31-28] 31 (0 1 3 1 1 0) -> 29 (0 1 3 0 1 0)
Hop 1: [18-22] 18 (0 1 0 1 0 0) -> 22 (0 1 1 1 0 0)
Hop 2: [48-51] 50 (1 1 0 1 0 0) -> 51 (1 1 0 1 1 0)
Hop 2: [36-39] 38 (1 0 1 1 0 0) -> 39 (1 0 1 1 1 0)
Hop 2: [11-59] 27 (0 1 2 1 1 0) -> 59 (1 1 2 1 1 0)
Hop 2: [10-58] 26 (0 1 2 1 0 0) -> 58 (1 1 2 1 0 0)
Hop 2: [49-50] 51 (1 1 0 1 1 0) -> 50 (1 1 0 1 0 0)
Hop 2: [59-56] 57 (1 1 2 0 1 0) -> 56 (1 1 2 0 0 0)
Hop 2: [37-38] 39 (1 0 1 1 1 0) -> 38 (1 0 1 1 0 0)
Hop 2: [31-28] 29 (0 1 3 0 1 0) -> 28 (0 1 3 0 0 0)
Hop 1: [47-46] 47 (1 0 3 1 1 0) -> 46 (1 0 3 1 0 0)
Hop 1: [55-59] 55 (1 1 1 1 1 0) -> 59 (1 1 2 1 1 0)
Hop 1: [45-46] 45 (1 0 3 0 1 0) -> 47 (1 0 3 1 1 0)
Hop 1: [6-54] 6 (0 0 1 1 0 0) -> 22 (0 1 1 1 0 0)
Hop 1: [30-31] 30 (0 1 3 1 0 0) -> 31 (0 1 3 1 1 0)
Hop 1: [21-37] 21 (0 1 1 0 1 0) -> 5 (0 0 1 0 1 0)
Hop 1: [44-47] 44 (1 0 3 0 0 0) -> 46 (1 0 3 1 0 0)
Hop 1: [5-6] 5 (0 0 1 0 1 0) -> 7 (0 0 1 1 1 0)
Hop 1: [43-47] 43 (1 0 2 1 1 0) -> 47 (1 0 3 1 1 0)
Hop 1: [0-4] 0 (0 0 0 0 0 0) -> 4 (0 0 1 0 0 0)
Hop 1: [58-59] 58 (1 1 2 1 0 0) -> 59 (1 1 2 1 1 0)
Hop 1: [23-39] 23 (0 1 1 1 1 0) -> 7 (0 0 1 1 1 0)
Hop 1: [60-61] 60 (1 1 3 0 0 0) -> 61 (1 1 3 0 1 0)
Hop 1: [16-28] 16 (0 1 0 0 0 0) -> 28 (0 1 3 0 0 0)
Hop 1: [42-46] 42 (1 0 2 1 0 0) -> 46 (1 0 3 1 0 0)
Hop 1: [1-49] 1 (0 0 0 0 1 0) -> 17 (0 1 0 0 1 0)
Hop 1: [40-44] 40 (1 0 2 0 0 0) -> 44 (1 0 3 0 0 0)
Hop 1: [22-38] 22 (0 1 1 1 0 0) -> 6 (0 0 1 1 0 0)
Hop 1: [56-60] 56 (1 1 2 0 0 0) -> 60 (1 1 3 0 0 0)
Hop 1: [20-36] 20 (0 1 1 0 0 0) -> 4 (0 0 1 0 0 0)
Hop 1: [61-60] 61 (1 1 3 0 1 0) -> 60 (1 1 3 0 0 0)
Hop 1: [4-7] 4 (0 0 1 0 0 0) -> 6 (0 0 1 1 0 0)
Hop 1: [46-47] 46 (1 0 3 1 0 0) -> 47 (1 0 3 1 1 0)
Hop 1: [2-50] 2 (0 0 0 1 0 0) -> 18 (0 1 0 1 0 0)
Hop 1: [62-61] 62 (1 1 3 1 0 0) -> 60 (1 1 3 0 0 0)
Hop 1: [7-55] 7 (0 0 1 1 1 0) -> 23 (0 1 1 1 1 0)
Hop 1: [57-61] 57 (1 1 2 0 1 0) -> 61 (1 1 3 0 1 0)
Hop 1: [19-31] 19 (0 1 0 1 1 0) -> 31 (0 1 3 1 1 0)
Hop 1: [41-45] 41 (1 0 2 0 1 0) -> 45 (1 0 3 0 1 0)
Hop 1: [3-51] 3 (0 0 0 1 1 0) -> 19 (0 1 0 1 1 0)
Hop 1: [63-60] 63 (1 1 3 1 1 0) -> 61 (1 1 3 0 1 0)
Hop 1: [17-29] 17 (0 1 0 0 1 0) -> 29 (0 1 3 0 1 0)
Hop 2: [45-46] 47 (1 0 3 1 1 0) -> 46 (1 0 3 1 0 0)
Hop 2: [6-54] 22 (0 1 1 1 0 0) -> 54 (1 1 1 1 0 0)
Hop 2: [21-37] 5 (0 0 1 0 1 0) -> 37 (1 0 1 0 1 0)
Hop 2: [44-47] 46 (1 0 3 1 0 0) -> 47 (1 0 3 1 1 0)
Hop 2: [5-6] 7 (0 0 1 1 1 0) -> 6 (0 0 1 1 0 0)
Hop 2: [23-39] 7 (0 0 1 1 1 0) -> 39 (1 0 1 1 1 0)
Hop 2: [1-49] 17 (0 1 0 0 1 0) -> 49 (1 1 0 0 1 0)
Hop 2: [22-38] 6 (0 0 1 1 0 0) -> 38 (1 0 1 1 0 0)
Hop 2: [20-36] 4 (0 0 1 0 0 0) -> 36 (1 0 1 0 0 0)
Hop 2: [4-7] 6 (0 0 1 1 0 0) -> 7 (0 0 1 1 1 0)
Hop 2: [2-50] 18 (0 1 0 1 0 0) -> 50 (1 1 0 1 0 0)
Hop 2: [62-61] 60 (1 1 3 0 0 0) -> 61 (1 1 3 0 1 0)
Hop 2: [7-55] 23 (0 1 1 1 1 0) -> 55 (1 1 1 1 1 0)
Hop 2: [3-51] 19 (0 1 0 1 1 0) -> 51 (1 1 0 1 1 0)
Hop 2: [63-60] 61 (1 1 3 0 1 0) -> 60 (1 1 3 0 0 0)
Hop 1: [48-52] 48 (1 1 0 0 0 0) -> 52 (1 1 1 0 0 0)
Hop 1: [31-30] 31 (0 1 3 1 1 0) -> 30 (0 1 3 1 0 0)
Hop 1: [50-54] 50 (1 1 0 1 0 0) -> 54 (1 1 1 1 0 0)
Hop 1: [24-40] 24 (0 1 2 0 0 0) -> 8 (0 0 2 0 0 0)
Hop 1: [33-45] 33 (1 0 0 0 1 0) -> 45 (1 0 3 0 1 0)
Hop 1: [25-41] 25 (0 1 2 0 1 0) -> 9 (0 0 2 0 1 0)
Hop 1: [32-44] 32 (1 0 0 0 0 0) -> 44 (1 0 3 0 0 0)
Hop 1: [8-56] 8 (0 0 2 0 0 0) -> 24 (0 1 2 0 0 0)
Hop 1: [36-40] 36 (1 0 1 0 0 0) -> 40 (1 0 2 0 0 0)
Hop 1: [26-30] 26 (0 1 2 1 0 0) -> 30 (0 1 3 1 0 0)
Hop 1: [35-47] 35 (1 0 0 1 1 0) -> 47 (1 0 3 1 1 0)
Hop 1: [13-61] 13 (0 0 3 0 1 0) -> 29 (0 1 3 0 1 0)
Hop 1: [54-58] 54 (1 1 1 1 0 0) -> 58 (1 1 2 1 0 0)
Hop 1: [10-6] 10 (0 0 2 1 0 0) -> 6 (0 0 1 1 0 0)
Hop 1: [38-42] 38 (1 0 1 1 0 0) -> 42 (1 0 2 1 0 0)
Hop 1: [12-60] 12 (0 0 3 0 0 0) -> 28 (0 1 3 0 0 0)
Hop 1: [51-55] 51 (1 1 0 1 1 0) -> 55 (1 1 1 1 1 0)
Hop 1: [28-31] 28 (0 1 3 0 0 0) -> 30 (0 1 3 1 0 0)
Hop 1: [52-55] 52 (1 1 1 0 0 0) -> 54 (1 1 1 1 0 0)
Hop 1: [59-58] 59 (1 1 2 1 1 0) -> 58 (1 1 2 1 0 0)
Hop 1: [49-53] 49 (1 1 0 0 1 0) -> 53 (1 1 1 0 1 0)
Hop 1: [27-31] 27 (0 1 2 1 1 0) -> 31 (0 1 3 1 1 0)
Hop 1: [14-30] 14 (0 0 3 1 0 0) -> 30 (0 1 3 1 0 0)
Hop 1: [34-46] 34 (1 0 0 1 0 0) -> 46 (1 0 3 1 0 0)
Hop 1: [9-57] 9 (0 0 2 0 1 0) -> 25 (0 1 2 0 1 0)
Hop 1: [37-41] 37 (1 0 1 0 1 0) -> 41 (1 0 2 0 1 0)
Hop 1: [11-7] 11 (0 0 2 1 1 0) -> 7 (0 0 1 1 1 0)
Hop 1: [53-54] 53 (1 1 1 0 1 0) -> 55 (1 1 1 1 1 0)
Hop 1: [15-31] 15 (0 0 3 1 1 0) -> 31 (0 1 3 1 1 0)
Hop 1: [18-30] 18 (0 1 0 1 0 0) -> 30 (0 1 3 1 0 0)
Hop 1: [29-30] 29 (0 1 3 0 1 0) -> 31 (0 1 3 1 1 0)
Hop 1: [39-43] 39 (1 0 1 1 1 0) -> 43 (1 0 2 1 1 0)
Hop 2: [24-40] 8 (0 0 2 0 0 0) -> 40 (1 0 2 0 0 0)
Hop 2: [25-41] 9 (0 0 2 0 1 0) -> 41 (1 0 2 0 1 0)
Hop 2: [8-56] 24 (0 1 2 0 0 0) -> 56 (1 1 2 0 0 0)
Hop 2: [13-61] 29 (0 1 3 0 1 0) -> 61 (1 1 3 0 1 0)
Hop 2: [12-60] 28 (0 1 3 0 0 0) -> 60 (1 1 3 0 0 0)
Hop 2: [28-31] 30 (0 1 3 1 0 0) -> 31 (0 1 3 1 1 0)
Hop 2: [52-55] 54 (1 1 1 1 0 0) -> 55 (1 1 1 1 1 0)
Hop 2: [9-57] 25 (0 1 2 0 1 0) -> 57 (1 1 2 0 1 0)
Hop 2: [53-54] 55 (1 1 1 1 1 0) -> 54 (1 1 1 1 0 0)
Hop 2: [29-30] 31 (0 1 3 1 1 0) -> 30 (0 1 3 1 0 0)
Hop 1: [55-7] 55 (1 1 1 1 1 0) -> 39 (1 0 1 1 1 0)
Hop 1: [60-63] 60 (1 1 3 0 0 0) -> 62 (1 1 3 1 0 0)
Hop 1: [5-9] 5 (0 0 1 0 1 0) -> 9 (0 0 2 0 1 0)
Hop 1: [30-46] 30 (0 1 3 1 0 0) -> 14 (0 0 3 1 0 0)
Hop 1: [21-5] 21 (0 1 1 0 1 0) -> 5 (0 0 1 0 1 0)
Hop 1: [42-58] 42 (1 0 2 1 0 0) -> 58 (1 1 2 1 0 0)
Hop 1: [4-8] 4 (0 0 1 0 0 0) -> 8 (0 0 2 0 0 0)
Hop 1: [46-62] 46 (1 0 3 1 0 0) -> 62 (1 1 3 1 0 0)
Hop 1: [2-6] 2 (0 0 0 1 0 0) -> 6 (0 0 1 1 0 0)
Hop 1: [40-56] 40 (1 0 2 0 0 0) -> 56 (1 1 2 0 0 0)
Hop 1: [17-33] 17 (0 1 0 0 1 0) -> 1 (0 0 0 0 1 0)
Hop 1: [45-61] 45 (1 0 3 0 1 0) -> 61 (1 1 3 0 1 0)
Hop 1: [19-35] 19 (0 1 0 1 1 0) -> 3 (0 0 0 1 1 0)
Hop 1: [43-59] 43 (1 0 2 1 1 0) -> 59 (1 1 2 1 1 0)
Hop 1: [6-7] 6 (0 0 1 1 0 0) -> 7 (0 0 1 1 1 0)
Hop 1: [47-63] 47 (1 0 3 1 1 0) -> 63 (1 1 3 1 1 0)
Hop 1: [20-4] 20 (0 1 1 0 0 0) -> 4 (0 0 1 0 0 0)
Hop 1: [61-62] 61 (1 1 3 0 1 0) -> 63 (1 1 3 1 1 0)
Hop 1: [16-32] 16 (0 1 0 0 0 0) -> 0 (0 0 0 0 0 0)
Hop 1: [44-60] 44 (1 0 3 0 0 0) -> 60 (1 1 3 0 0 0)
Hop 1: [3-7] 3 (0 0 0 1 1 0) -> 7 (0 0 1 1 1 0)
Hop 1: [62-63] 62 (1 1 3 1 0 0) -> 63 (1 1 3 1 1 0)
Hop 1: [23-7] 23 (0 1 1 1 1 0) -> 7 (0 0 1 1 1 0)
Hop 1: [56-8] 56 (1 1 2 0 0 0) -> 40 (1 0 2 0 0 0)
Hop 1: [22-6] 22 (0 1 1 1 0 0) -> 6 (0 0 1 1 0 0)
Hop 1: [58-62] 58 (1 1 2 1 0 0) -> 62 (1 1 3 1 0 0)
Hop 1: [0-48] 0 (0 0 0 0 0 0) -> 16 (0 1 0 0 0 0)
Hop 1: [41-57] 41 (1 0 2 0 1 0) -> 57 (1 1 2 0 1 0)
Hop 1: [7-6] 7 (0 0 1 1 1 0) -> 6 (0 0 1 1 0 0)
Hop 1: [57-9] 57 (1 1 2 0 1 0) -> 41 (1 0 2 0 1 0)
Hop 1: [1-5] 1 (0 0 0 0 1 0) -> 5 (0 0 1 0 1 0)
Hop 1: [63-62] 63 (1 1 3 1 1 0) -> 62 (1 1 3 1 0 0)
Hop 2: [55-7] 39 (1 0 1 1 1 0) -> 7 (0 0 1 1 1 0)
Hop 2: [60-63] 62 (1 1 3 1 0 0) -> 63 (1 1 3 1 1 0)
Hop 2: [30-46] 14 (0 0 3 1 0 0) -> 46 (1 0 3 1 0 0)
Hop 2: [17-33] 1 (0 0 0 0 1 0) -> 33 (1 0 0 0 1 0)
Hop 2: [19-35] 3 (0 0 0 1 1 0) -> 35 (1 0 0 1 1 0)
Hop 2: [61-62] 63 (1 1 3 1 1 0) -> 62 (1 1 3 1 0 0)
Hop 2: [16-32] 0 (0 0 0 0 0 0) -> 32 (1 0 0 0 0 0)
Hop 2: [56-8] 40 (1 0 2 0 0 0) -> 8 (0 0 2 0 0 0)
Hop 2: [0-48] 16 (0 1 0 0 0 0) -> 48 (1 1 0 0 0 0)
Hop 2: [57-9] 41 (1 0 2 0 1 0) -> 9 (0 0 2 0 1 0)
Hop 1: [29-45] 29 (0 1 3 0 1 0) -> 13 (0 0 3 0 1 0)
Hop 1: [38-54] 38 (1 0 1 1 0 0) -> 54 (1 1 1 1 0 0)
Hop 1: [24-8] 24 (0 1 2 0 0 0) -> 8 (0 0 2 0 0 0)
Hop 1: [53-57] 53 (1 1 1 0 1 0) -> 57 (1 1 2 0 1 0)
Hop 1: [8-9] 8 (0 0 2 0 0 0) -> 9 (0 0 2 0 1 0)
Hop 1: [35-51] 35 (1 0 0 1 1 0) -> 51 (1 1 0 1 1 0)
Hop 1: [14-62] 14 (0 0 3 1 0 0) -> 30 (0 1 3 1 0 0)
Hop 1: [39-55] 39 (1 0 1 1 1 0) -> 55 (1 1 1 1 1 0)
Hop 1: [26-42] 26 (0 1 2 1 0 0) -> 10 (0 0 2 1 0 0)
Hop 1: [36-52] 36 (1 0 1 0 0 0) -> 52 (1 1 1 0 0 0)
Hop 1: [9-8] 9 (0 0 2 0 1 0) -> 8 (0 0 2 0 0 0)
Hop 1: [32-48] 32 (1 0 0 0 0 0) -> 48 (1 1 0 0 0 0)
Hop 1: [10-9] 10 (0 0 2 1 0 0) -> 8 (0 0 2 0 0 0)
Hop 1: [54-6] 54 (1 1 1 1 0 0) -> 38 (1 0 1 1 0 0)
Hop 1: [12-8] 12 (0 0 3 0 0 0) -> 8 (0 0 2 0 0 0)
Hop 1: [48-60] 48 (1 1 0 0 0 0) -> 60 (1 1 3 0 0 0)
Hop 1: [31-47] 31 (0 1 3 1 1 0) -> 15 (0 0 3 1 1 0)
Hop 1: [18-34] 18 (0 1 0 1 0 0) -> 2 (0 0 0 1 0 0)
Hop 1: [28-44] 28 (0 1 3 0 0 0) -> 12 (0 0 3 0 0 0)
Hop 1: [52-56] 52 (1 1 1 0 0 0) -> 56 (1 1 2 0 0 0)
Hop 1: [27-43] 27 (0 1 2 1 1 0) -> 11 (0 0 2 1 1 0)
Hop 1: [49-61] 49 (1 1 0 0 1 0) -> 61 (1 1 3 0 1 0)
Hop 1: [11-8] 11 (0 0 2 1 1 0) -> 9 (0 0 2 0 1 0)
Hop 1: [50-62] 50 (1 1 0 1 0 0) -> 62 (1 1 3 1 0 0)
Hop 1: [59-63] 59 (1 1 2 1 1 0) -> 63 (1 1 3 1 1 0)
Hop 1: [34-50] 34 (1 0 0 1 0 0) -> 50 (1 1 0 1 0 0)
Hop 1: [15-63] 15 (0 0 3 1 1 0) -> 31 (0 1 3 1 1 0)
Hop 1: [37-53] 37 (1 0 1 0 1 0) -> 53 (1 1 1 0 1 0)
Hop 1: [25-9] 25 (0 1 2 0 1 0) -> 9 (0 0 2 0 1 0)
Hop 1: [33-49] 33 (1 0 0 0 1 0) -> 49 (1 1 0 0 1 0)
Hop 1: [51-63] 51 (1 1 0 1 1 0) -> 63 (1 1 3 1 1 0)
Hop 1: [13-9] 13 (0 0 3 0 1 0) -> 9 (0 0 2 0 1 0)
Hop 2: [29-45] 13 (0 0 3 0 1 0) -> 45 (1 0 3 0 1 0)
Hop 2: [14-62] 30 (0 1 3 1 0 0) -> 62 (1 1 3 1 0 0)
Hop 2: [26-42] 10 (0 0 2 1 0 0) -> 42 (1 0 2 1 0 0)
Hop 2: [10-9] 8 (0 0 2 0 0 0) -> 9 (0 0 2 0 1 0)
Hop 2: [54-6] 38 (1 0 1 1 0 0) -> 6 (0 0 1 1 0 0)
Hop 2: [31-47] 15 (0 0 3 1 1 0) -> 47 (1 0 3 1 1 0)
Hop 2: [18-34] 2 (0 0 0 1 0 0) -> 34 (1 0 0 1 0 0)
Hop 2: [28-44] 12 (0 0 3 0 0 0) -> 44 (1 0 3 0 0 0)
Hop 2: [27-43] 11 (0 0 2 1 1 0) -> 43 (1 0 2 1 1 0)
Hop 2: [11-8] 9 (0 0 2 0 1 0) -> 8 (0 0 2 0 0 0)
Hop 2: [15-63] 31 (0 1 3 1 1 0) -> 63 (1 1 3 1 1 0)
