Hop 1: [56-24] 56 (0 1 3 0 0 0) -> 24 (0 0 3 0 0 0)
Hop 1: [30-126] 30 (0 0 3 3 0 0) -> 62 (0 1 3 3 0 0)
Hop 1: [35-3] 35 (0 1 0 1 1 0) -> 3 (0 0 0 1 1 0)
Hop 1: [80-112] 80 (1 0 2 0 0 0) -> 112 (1 1 2 0 0 0)
Hop 2: [30-126] 62 (0 1 3 3 0 0) -> 126 (1 1 3 3 0 0)
Hop 1: [1-0] 1 (0 0 0 0 1 0) -> 0 (0 0 0 0 0 0)
Hop 1: [58-26] 58 (0 1 3 1 0 0) -> 26 (0 0 3 1 0 0)
Hop 1: [88-120] 88 (1 0 3 0 0 0) -> 120 (1 1 3 0 0 0)
Hop 1: [9-1] 9 (0 0 1 0 1 0) -> 1 (0 0 0 0 1 0)
Hop 1: [102-101] 102 (1 1 0 3 0 0) -> 100 (1 1 0 2 0 0)
Hop 1: [27-123] 27 (0 0 3 1 1 0) -> 59 (0 1 3 1 1 0)
Hop 1: [19-11] 19 (0 0 2 1 1 0) -> 11 (0 0 1 1 1 0)
Hop 1: [83-115] 83 (1 0 2 1 1 0) -> 115 (1 1 2 1 1 0)
Hop 1: [10-106] 10 (0 0 1 1 0 0) -> 42 (0 1 1 1 0 0)
Hop 1: [23-119] 23 (0 0 2 3 1 0) -> 55 (0 1 2 3 1 0)
Hop 1: [76-108] 76 (1 0 1 2 0 0) -> 108 (1 1 1 2 0 0)
Hop 1: [79-111] 79 (1 0 1 3 1 0) -> 111 (1 1 1 3 1 0)
Hop 1: [73-105] 73 (1 0 1 0 1 0) -> 105 (1 1 1 0 1 0)
Hop 1: [107-106] 107 (1 1 1 1 1 0) -> 106 (1 1 1 1 0 0)
Hop 1: [119-111] 119 (1 1 2 3 1 0) -> 111 (1 1 1 3 1 0)
Hop 1: [36-35] 36 (0 1 0 2 0 0) -> 34 (0 1 0 1 0 0)
Hop 1: [62-30] 62 (0 1 3 3 0 0) -> 30 (0 0 3 3 0 0)
Hop 1: [45-13] 45 (0 1 1 2 1 0) -> 13 (0 0 1 2 1 0)
Hop 1: [105-104] 105 (1 1 1 0 1 0) -> 104 (1 1 1 0 0 0)
Hop 2: [102-101] 100 (1 1 0 2 0 0) -> 101 (1 1 0 2 1 0)
Hop 1: [3-11] 3 (0 0 0 1 1 0) -> 11 (0 0 1 1 1 0)
Hop 1: [44-12] 44 (0 1 1 2 0 0) -> 12 (0 0 1 2 0 0)
Hop 1: [66-34] 66 (1 0 0 1 0 0) -> 98 (1 1 0 1 0 0)
Hop 1: [55-23] 55 (0 1 2 3 1 0) -> 23 (0 0 2 3 1 0)
Hop 2: [27-123] 59 (0 1 3 1 1 0) -> 123 (1 1 3 1 1 0)
Hop 1: [50-18] 50 (0 1 2 1 0 0) -> 18 (0 0 2 1 0 0)
Hop 1: [112-104] 112 (1 1 2 0 0 0) -> 104 (1 1 1 0 0 0)
Hop 1: [108-100] 108 (1 1 1 2 0 0) -> 100 (1 1 0 2 0 0)
Hop 1: [4-100] 4 (0 0 0 2 0 0) -> 36 (0 1 0 2 0 0)
Hop 1: [63-31] 63 (0 1 3 3 1 0) -> 31 (0 0 3 3 1 0)
Hop 2: [10-106] 42 (0 1 1 1 0 0) -> 106 (1 1 1 1 0 0)
Hop 1: [26-122] 26 (0 0 3 1 0 0) -> 58 (0 1 3 1 0 0)
Hop 1: [39-32] 39 (0 1 0 3 1 0) -> 33 (0 1 0 0 1 0)
Hop 2: [23-119] 55 (0 1 2 3 1 0) -> 119 (1 1 2 3 1 0)
Hop 1: [118-110] 118 (1 1 2 3 0 0) -> 110 (1 1 1 3 0 0)
Hop 1: [101-100] 101 (1 1 0 2 1 0) -> 100 (1 1 0 2 0 0)
Hop 1: [72-104] 72 (1 0 1 0 0 0) -> 104 (1 1 1 0 0 0)
Hop 1: [120-112] 120 (1 1 3 0 0 0) -> 112 (1 1 2 0 0 0)
Hop 1: [125-101] 125 (1 1 3 2 1 0) -> 101 (1 1 0 2 1 0)
Hop 1: [22-118] 22 (0 0 2 3 0 0) -> 54 (0 1 2 3 0 0)
Hop 1: [14-110] 14 (0 0 1 3 0 0) -> 46 (0 1 1 3 0 0)
Hop 1: [95-127] 95 (1 0 3 3 1 0) -> 127 (1 1 3 3 1 0)
Hop 1: [65-33] 65 (1 0 0 0 1 0) -> 97 (1 1 0 0 1 0)
Hop 1: [7-0] 7 (0 0 0 3 1 0) -> 1 (0 0 0 0 1 0)
Hop 1: [93-125] 93 (1 0 3 2 1 0) -> 125 (1 1 3 2 1 0)
Hop 1: [110-102] 110 (1 1 1 3 0 0) -> 102 (1 1 0 3 0 0)
Hop 1: [2-1] 2 (0 0 0 1 0 0) -> 0 (0 0 0 0 0 0)
Hop 1: [99-100] 99 (1 1 0 1 1 0) -> 101 (1 1 0 2 1 0)
Hop 1: [77-109] 77 (1 0 1 2 1 0) -> 109 (1 1 1 2 1 0)
Hop 1: [59-27] 59 (0 1 3 1 1 0) -> 27 (0 0 3 1 1 0)
Hop 1: [106-10] 106 (1 1 1 1 0 0) -> 74 (1 0 1 1 0 0)
Hop 2: [36-35] 34 (0 1 0 1 0 0) -> 35 (0 1 0 1 1 0)
Hop 1: [68-100] 68 (1 0 0 2 0 0) -> 100 (1 1 0 2 0 0)
Hop 1: [25-1] 25 (0 0 3 0 1 0) -> 1 (0 0 0 0 1 0)
Hop 1: [115-107] 115 (1 1 2 1 1 0) -> 107 (1 1 1 1 1 0)
Hop 1: [96-0] 96 (1 1 0 0 0 0) -> 64 (1 0 0 0 0 0)
Hop 1: [16-112] 16 (0 0 2 0 0 0) -> 48 (0 1 2 0 0 0)
Hop 1: [6-102] 6 (0 0 0 3 0 0) -> 38 (0 1 0 3 0 0)
Hop 1: [121-113] 121 (1 1 3 0 1 0) -> 113 (1 1 2 0 1 0)
Hop 1: [43-11] 43 (0 1 1 1 1 0) -> 11 (0 0 1 1 1 0)
Hop 1: [69-101] 69 (1 0 0 2 1 0) -> 101 (1 1 0 2 1 0)
Hop 1: [64-32] 64 (1 0 0 0 0 0) -> 96 (1 1 0 0 0 0)
Hop 1: [40-32] 40 (0 1 1 0 0 0) -> 32 (0 1 0 0 0 0)
Hop 1: [54-22] 54 (0 1 2 3 0 0) -> 22 (0 0 2 3 0 0)
Hop 1: [24-0] 24 (0 0 3 0 0 0) -> 0 (0 0 0 0 0 0)
Hop 1: [0-1] 0 (0 0 0 0 0 0) -> 1 (0 0 0 0 1 0)
Hop 1: [114-106] 114 (1 1 2 1 0 0) -> 106 (1 1 1 1 0 0)
Hop 1: [18-10] 18 (0 0 2 1 0 0) -> 10 (0 0 1 1 0 0)
Hop 1: [42-10] 42 (0 1 1 1 0 0) -> 10 (0 0 1 1 0 0)
Hop 1: [122-114] 122 (1 1 3 1 0 0) -> 114 (1 1 2 1 0 0)
Hop 1: [67-35] 67 (1 0 0 1 1 0) -> 99 (1 1 0 1 1 0)
Hop 1: [53-21] 53 (0 1 2 2 1 0) -> 21 (0 0 2 2 1 0)
Hop 2: [66-34] 98 (1 1 0 1 0 0) -> 34 (0 1 0 1 0 0)
Hop 1: [33-1] 33 (0 1 0 0 1 0) -> 1 (0 0 0 0 1 0)
Hop 1: [116-108] 116 (1 1 2 2 0 0) -> 108 (1 1 1 2 0 0)
Hop 1: [51-19] 51 (0 1 2 1 1 0) -> 19 (0 0 2 1 1 0)
Hop 1: [28-124] 28 (0 0 3 2 0 0) -> 60 (0 1 3 2 0 0)
Hop 1: [13-109] 13 (0 0 1 2 1 0) -> 45 (0 1 1 2 1 0)
Hop 1: [5-101] 5 (0 0 0 2 1 0) -> 37 (0 1 0 2 1 0)
Hop 1: [82-114] 82 (1 0 2 1 0 0) -> 114 (1 1 2 1 0 0)
Hop 1: [47-15] 47 (0 1 1 3 1 0) -> 15 (0 0 1 3 1 0)
Hop 1: [117-109] 117 (1 1 2 2 1 0) -> 109 (1 1 1 2 1 0)
Hop 1: [15-111] 15 (0 0 1 3 1 0) -> 47 (0 1 1 3 1 0)
Hop 1: [97-1] 97 (1 1 0 0 1 0) -> 65 (1 0 0 0 1 0)
Hop 2: [4-100] 36 (0 1 0 2 0 0) -> 100 (1 1 0 2 0 0)
Hop 1: [113-105] 113 (1 1 2 0 1 0) -> 105 (1 1 1 0 1 0)
Hop 1: [17-113] 17 (0 0 2 0 1 0) -> 49 (0 1 2 0 1 0)
Hop 1: [31-127] 31 (0 0 3 3 1 0) -> 63 (0 1 3 3 1 0)
Hop 1: [98-106] 98 (1 1 0 1 0 0) -> 106 (1 1 1 1 0 0)
Hop 1: [38-37] 38 (0 1 0 3 0 0) -> 36 (0 1 0 2 0 0)
Hop 1: [123-115] 123 (1 1 3 1 1 0) -> 115 (1 1 2 1 1 0)
Hop 1: [21-117] 21 (0 0 2 2 1 0) -> 53 (0 1 2 2 1 0)
Hop 2: [26-122] 58 (0 1 3 1 0 0) -> 122 (1 1 3 1 0 0)
Hop 2: [39-32] 33 (0 1 0 0 1 0) -> 32 (0 1 0 0 0 0)
Hop 1: [29-125] 29 (0 0 3 2 1 0) -> 61 (0 1 3 2 1 0)
Hop 1: [103-102] 103 (1 1 0 3 1 0) -> 102 (1 1 0 3 0 0)
Hop 1: [57-25] 57 (0 1 3 0 1 0) -> 25 (0 0 3 0 1 0)
Hop 1: [37-36] 37 (0 1 0 2 1 0) -> 36 (0 1 0 2 0 0)
Hop 1: [91-123] 91 (1 0 3 1 1 0) -> 123 (1 1 3 1 1 0)
Hop 1: [104-105] 104 (1 1 1 0 0 0) -> 105 (1 1 1 0 1 0)
Hop 1: [11-10] 11 (0 0 1 1 1 0) -> 10 (0 0 1 1 0 0)
Hop 1: [48-16] 48 (0 1 2 0 0 0) -> 16 (0 0 2 0 0 0)
Hop 1: [94-126] 94 (1 0 3 3 0 0) -> 126 (1 1 3 3 0 0)
Hop 1: [20-116] 20 (0 0 2 2 0 0) -> 52 (0 1 2 2 0 0)
Hop 1: [41-33] 41 (0 1 1 0 1 0) -> 33 (0 1 0 0 1 0)
Hop 1: [60-28] 60 (0 1 3 2 0 0) -> 28 (0 0 3 2 0 0)
Hop 1: [49-17] 49 (0 1 2 0 1 0) -> 17 (0 0 2 0 1 0)
Hop 1: [12-108] 12 (0 0 1 2 0 0) -> 44 (0 1 1 2 0 0)
Hop 2: [22-118] 54 (0 1 2 3 0 0) -> 118 (1 1 2 3 0 0)
Hop 1: [75-107] 75 (1 0 1 1 1 0) -> 107 (1 1 1 1 1 0)
Hop 2: [14-110] 46 (0 1 1 3 0 0) -> 110 (1 1 1 3 0 0)
Hop 1: [86-118] 86 (1 0 2 3 0 0) -> 118 (1 1 2 3 0 0)
Hop 1: [8-0] 8 (0 0 1 0 0 0) -> 0 (0 0 0 0 0 0)
Hop 1: [111-103] 111 (1 1 1 3 1 0) -> 103 (1 1 0 3 1 0)
Hop 2: [65-33] 97 (1 1 0 0 1 0) -> 33 (0 1 0 0 1 0)
Hop 2: [7-0] 1 (0 0 0 0 1 0) -> 0 (0 0 0 0 0 0)
Hop 2: [2-1] 0 (0 0 0 0 0 0) -> 1 (0 0 0 0 1 0)
Hop 1: [126-102] 126 (1 1 3 3 0 0) -> 102 (1 1 0 3 0 0)
Hop 1: [78-110] 78 (1 0 1 3 0 0) -> 110 (1 1 1 3 0 0)
Hop 1: [34-2] 34 (0 1 0 1 0 0) -> 2 (0 0 0 1 0 0)
Hop 1: [92-124] 92 (1 0 3 2 0 0) -> 124 (1 1 3 2 0 0)
Hop 1: [71-103] 71 (1 0 0 3 1 0) -> 103 (1 1 0 3 1 0)
Hop 2: [99-100] 101 (1 1 0 2 1 0) -> 100 (1 1 0 2 0 0)
Hop 1: [32-0] 32 (0 1 0 0 0 0) -> 0 (0 0 0 0 0 0)
Hop 1: [74-106] 74 (1 0 1 1 0 0) -> 106 (1 1 1 1 0 0)
Hop 1: [87-119] 87 (1 0 2 3 1 0) -> 119 (1 1 2 3 1 0)
Hop 1: [52-20] 52 (0 1 2 2 0 0) -> 20 (0 0 2 2 0 0)
Hop 2: [106-10] 74 (1 0 1 1 0 0) -> 10 (0 0 1 1 0 0)
Hop 1: [90-122] 90 (1 0 3 1 0 0) -> 122 (1 1 3 1 0 0)
Hop 1: [46-14] 46 (0 1 1 3 0 0) -> 14 (0 0 1 3 0 0)
Hop 1: [70-102] 70 (1 0 0 3 0 0) -> 102 (1 1 0 3 0 0)
Hop 2: [96-0] 64 (1 0 0 0 0 0) -> 0 (0 0 0 0 0 0)
Hop 1: [81-113] 81 (1 0 2 0 1 0) -> 113 (1 1 2 0 1 0)
Hop 2: [16-112] 48 (0 1 2 0 0 0) -> 112 (1 1 2 0 0 0)
Hop 2: [6-102] 38 (0 1 0 3 0 0) -> 102 (1 1 0 3 0 0)
Hop 1: [61-29] 61 (0 1 3 2 1 0) -> 29 (0 0 3 2 1 0)
Hop 1: [85-117] 85 (1 0 2 2 1 0) -> 117 (1 1 2 2 1 0)
Hop 2: [64-32] 96 (1 1 0 0 0 0) -> 32 (0 1 0 0 0 0)
Hop 1: [84-116] 84 (1 0 2 2 0 0) -> 116 (1 1 2 2 0 0)
Hop 1: [89-121] 89 (1 0 3 0 1 0) -> 121 (1 1 3 0 1 0)
Hop 1: [100-101] 100 (1 1 0 2 0 0) -> 101 (1 1 0 2 1 0)
Hop 1: [109-101] 109 (1 1 1 2 1 0) -> 101 (1 1 0 2 1 0)
Hop 2: [67-35] 99 (1 1 0 1 1 0) -> 35 (0 1 0 1 1 0)
Hop 1: [127-103] 127 (1 1 3 3 1 0) -> 103 (1 1 0 3 1 0)
Hop 1: [124-100] 124 (1 1 3 2 0 0) -> 100 (1 1 0 2 0 0)
Hop 2: [28-124] 60 (0 1 3 2 0 0) -> 124 (1 1 3 2 0 0)
Hop 2: [13-109] 45 (0 1 1 2 1 0) -> 109 (1 1 1 2 1 0)
Hop 2: [5-101] 37 (0 1 0 2 1 0) -> 101 (1 1 0 2 1 0)
Hop 2: [15-111] 47 (0 1 1 3 1 0) -> 111 (1 1 1 3 1 0)
Hop 2: [97-1] 65 (1 0 0 0 1 0) -> 1 (0 0 0 0 1 0)
Hop 2: [17-113] 49 (0 1 2 0 1 0) -> 113 (1 1 2 0 1 0)
Hop 2: [31-127] 63 (0 1 3 3 1 0) -> 127 (1 1 3 3 1 0)
Hop 2: [38-37] 36 (0 1 0 2 0 0) -> 37 (0 1 0 2 1 0)
Hop 2: [29-125] 61 (0 1 3 2 1 0) -> 125 (1 1 3 2 1 0)
Hop 2: [21-117] 53 (0 1 2 2 1 0) -> 117 (1 1 2 2 1 0)
Hop 2: [20-116] 52 (0 1 2 2 0 0) -> 116 (1 1 2 2 0 0)
Hop 2: [12-108] 44 (0 1 1 2 0 0) -> 108 (1 1 1 2 0 0)
Hop 1: [48-40] 48 (0 1 2 0 0 0) -> 40 (0 1 1 0 0 0)
Hop 1: [125-117] 125 (1 1 3 2 1 0) -> 117 (1 1 2 2 1 0)
Hop 1: [99-107] 99 (1 1 0 1 1 0) -> 107 (1 1 1 1 1 0)
Hop 1: [114-113] 114 (1 1 2 1 0 0) -> 112 (1 1 2 0 0 0)
Hop 1: [107-108] 107 (1 1 1 1 1 0) -> 109 (1 1 1 2 1 0)
Hop 1: [92-60] 92 (1 0 3 2 0 0) -> 124 (1 1 3 2 0 0)
Hop 1: [56-32] 56 (0 1 3 0 0 0) -> 32 (0 1 0 0 0 0)
Hop 1: [81-49] 81 (1 0 2 0 1 0) -> 113 (1 1 2 0 1 0)
Hop 1: [67-66] 67 (1 0 0 1 1 0) -> 66 (1 0 0 1 0 0)
Hop 1: [36-37] 36 (0 1 0 2 0 0) -> 37 (0 1 0 2 1 0)
Hop 1: [93-61] 93 (1 0 3 2 1 0) -> 125 (1 1 3 2 1 0)
Hop 1: [51-43] 51 (0 1 2 1 1 0) -> 43 (0 1 1 1 1 0)
Hop 1: [35-34] 35 (0 1 0 1 1 0) -> 34 (0 1 0 1 0 0)
Hop 1: [89-57] 89 (1 0 3 0 1 0) -> 121 (1 1 3 0 1 0)
Hop 1: [73-41] 73 (1 0 1 0 1 0) -> 105 (1 1 1 0 1 0)
Hop 1: [47-39] 47 (0 1 1 3 1 0) -> 39 (0 1 0 3 1 0)
Hop 1: [87-55] 87 (1 0 2 3 1 0) -> 119 (1 1 2 3 1 0)
Hop 1: [20-12] 20 (0 0 2 2 0 0) -> 12 (0 0 1 2 0 0)
Hop 1: [19-115] 19 (0 0 2 1 1 0) -> 51 (0 1 2 1 1 0)
Hop 1: [41-40] 41 (0 1 1 0 1 0) -> 40 (0 1 1 0 0 0)
Hop 1: [90-58] 90 (1 0 3 1 0 0) -> 122 (1 1 3 1 0 0)
Hop 1: [69-37] 69 (1 0 0 2 1 0) -> 101 (1 1 0 2 1 0)
Hop 1: [105-106] 105 (1 1 1 0 1 0) -> 107 (1 1 1 1 1 0)
Hop 1: [14-13] 14 (0 0 1 3 0 0) -> 12 (0 0 1 2 0 0)
Hop 1: [116-115] 116 (1 1 2 2 0 0) -> 114 (1 1 2 1 0 0)
Hop 1: [31-23] 31 (0 0 3 3 1 0) -> 23 (0 0 2 3 1 0)
Hop 1: [50-42] 50 (0 1 2 1 0 0) -> 42 (0 1 1 1 0 0)
Hop 1: [33-32] 33 (0 1 0 0 1 0) -> 32 (0 1 0 0 0 0)
Hop 1: [91-59] 91 (1 0 3 1 1 0) -> 123 (1 1 3 1 1 0)
Hop 1: [103-111] 103 (1 1 0 3 1 0) -> 111 (1 1 1 3 1 0)
Hop 1: [64-65] 64 (1 0 0 0 0 0) -> 65 (1 0 0 0 1 0)
Hop 1: [39-38] 39 (0 1 0 3 1 0) -> 38 (0 1 0 3 0 0)
Hop 1: [119-112] 119 (1 1 2 3 1 0) -> 113 (1 1 2 0 1 0)
Hop 1: [52-44] 52 (0 1 2 2 0 0) -> 44 (0 1 1 2 0 0)
Hop 1: [59-35] 59 (0 1 3 1 1 0) -> 35 (0 1 0 1 1 0)
Hop 1: [74-42] 74 (1 0 1 1 0 0) -> 106 (1 1 1 1 0 0)
Hop 1: [113-112] 113 (1 1 2 0 1 0) -> 112 (1 1 2 0 0 0)
Hop 1: [71-39] 71 (1 0 0 3 1 0) -> 103 (1 1 0 3 1 0)
Hop 1: [104-111] 104 (1 1 1 0 0 0) -> 110 (1 1 1 3 0 0)
Hop 1: [12-11] 12 (0 0 1 2 0 0) -> 10 (0 0 1 1 0 0)
Hop 1: [126-118] 126 (1 1 3 3 0 0) -> 118 (1 1 2 3 0 0)
Hop 1: [53-45] 53 (0 1 2 2 1 0) -> 45 (0 1 1 2 1 0)
Hop 1: [49-41] 49 (0 1 2 0 1 0) -> 41 (0 1 1 0 1 0)
Hop 1: [42-34] 42 (0 1 1 1 0 0) -> 34 (0 1 0 1 0 0)
Hop 1: [120-121] 120 (1 1 3 0 0 0) -> 121 (1 1 3 0 1 0)
Hop 1: [102-103] 102 (1 1 0 3 0 0) -> 103 (1 1 0 3 1 0)
Hop 1: [75-43] 75 (1 0 1 1 1 0) -> 107 (1 1 1 1 1 0)
Hop 1: [45-37] 45 (0 1 1 2 1 0) -> 37 (0 1 0 2 1 0)
Hop 1: [29-21] 29 (0 0 3 2 1 0) -> 21 (0 0 2 2 1 0)
Hop 1: [110-109] 110 (1 1 1 3 0 0) -> 108 (1 1 1 2 0 0)
Hop 1: [18-114] 18 (0 0 2 1 0 0) -> 50 (0 1 2 1 0 0)
Hop 1: [11-107] 11 (0 0 1 1 1 0) -> 43 (0 1 1 1 1 0)
Hop 1: [27-19] 27 (0 0 3 1 1 0) -> 19 (0 0 2 1 1 0)
Hop 1: [55-47] 55 (0 1 2 3 1 0) -> 47 (0 1 1 3 1 0)
Hop 1: [3-2] 3 (0 0 0 1 1 0) -> 2 (0 0 0 1 0 0)
Hop 1: [38-39] 38 (0 1 0 3 0 0) -> 39 (0 1 0 3 1 0)
Hop 1: [94-62] 94 (1 0 3 3 0 0) -> 126 (1 1 3 3 0 0)
Hop 1: [78-46] 78 (1 0 1 3 0 0) -> 110 (1 1 1 3 0 0)
Hop 1: [25-121] 25 (0 0 3 0 1 0) -> 57 (0 1 3 0 1 0)
Hop 1: [2-10] 2 (0 0 0 1 0 0) -> 10 (0 0 1 1 0 0)
Hop 1: [122-121] 122 (1 1 3 1 0 0) -> 120 (1 1 3 0 0 0)
Hop 1: [61-37] 61 (0 1 3 2 1 0) -> 37 (0 1 0 2 1 0)
Hop 1: [97-105] 97 (1 1 0 0 1 0) -> 105 (1 1 1 0 1 0)
Hop 1: [7-103] 7 (0 0 0 3 1 0) -> 39 (0 1 0 3 1 0)
Hop 1: [95-63] 95 (1 0 3 3 1 0) -> 127 (1 1 3 3 1 0)
Hop 1: [70-38] 70 (1 0 0 3 0 0) -> 102 (1 1 0 3 0 0)
Hop 1: [24-120] 24 (0 0 3 0 0 0) -> 56 (0 1 3 0 0 0)
Hop 1: [40-41] 40 (0 1 1 0 0 0) -> 41 (0 1 1 0 1 0)
Hop 1: [123-122] 123 (1 1 3 1 1 0) -> 122 (1 1 3 1 0 0)
Hop 1: [54-46] 54 (0 1 2 3 0 0) -> 46 (0 1 1 3 0 0)
Hop 1: [98-122] 98 (1 1 0 1 0 0) -> 122 (1 1 3 1 0 0)
Hop 1: [6-14] 6 (0 0 0 3 0 0) -> 14 (0 0 1 3 0 0)
Hop 1: [117-116] 117 (1 1 2 2 1 0) -> 116 (1 1 2 2 0 0)
Hop 1: [79-47] 79 (1 0 1 3 1 0) -> 111 (1 1 1 3 1 0)
Hop 1: [17-16] 17 (0 0 2 0 1 0) -> 16 (0 0 2 0 0 0)
Hop 1: [43-35] 43 (0 1 1 1 1 0) -> 35 (0 1 0 1 1 0)
Hop 1: [83-51] 83 (1 0 2 1 1 0) -> 115 (1 1 2 1 1 0)
Hop 1: [62-38] 62 (0 1 3 3 0 0) -> 38 (0 1 0 3 0 0)
Hop 1: [65-64] 65 (1 0 0 0 1 0) -> 64 (1 0 0 0 0 0)
Hop 1: [13-12] 13 (0 0 1 2 1 0) -> 12 (0 0 1 2 0 0)
Hop 1: [85-53] 85 (1 0 2 2 1 0) -> 117 (1 1 2 2 1 0)
Hop 1: [100-108] 100 (1 1 0 2 0 0) -> 108 (1 1 1 2 0 0)
Hop 1: [57-33] 57 (0 1 3 0 1 0) -> 33 (0 1 0 0 1 0)
Hop 1: [32-33] 32 (0 1 0 0 0 0) -> 33 (0 1 0 0 1 0)
Hop 1: [115-114] 115 (1 1 2 1 1 0) -> 114 (1 1 2 1 0 0)
Hop 1: [21-13] 21 (0 0 2 2 1 0) -> 13 (0 0 1 2 1 0)
Hop 1: [66-65] 66 (1 0 0 1 0 0) -> 64 (1 0 0 0 0 0)
Hop 1: [4-12] 4 (0 0 0 2 0 0) -> 12 (0 0 1 2 0 0)
Hop 1: [127-119] 127 (1 1 3 3 1 0) -> 119 (1 1 2 3 1 0)
Hop 1: [5-13] 5 (0 0 0 2 1 0) -> 13 (0 0 1 2 1 0)
Hop 1: [16-17] 16 (0 0 2 0 0 0) -> 17 (0 0 2 0 1 0)
Hop 1: [9-10] 9 (0 0 1 0 1 0) -> 11 (0 0 1 1 1 0)
Hop 1: [121-120] 121 (1 1 3 0 1 0) -> 120 (1 1 3 0 0 0)
Hop 1: [28-20] 28 (0 0 3 2 0 0) -> 20 (0 0 2 2 0 0)
Hop 1: [72-40] 72 (1 0 1 0 0 0) -> 104 (1 1 1 0 0 0)
Hop 1: [37-38] 37 (0 1 0 2 1 0) -> 39 (0 1 0 3 1 0)
Hop 1: [118-117] 118 (1 1 2 3 0 0) -> 116 (1 1 2 2 0 0)
Hop 1: [77-45] 77 (1 0 1 2 1 0) -> 109 (1 1 1 2 1 0)
Hop 1: [26-18] 26 (0 0 3 1 0 0) -> 18 (0 0 2 1 0 0)
Hop 1: [10-11] 10 (0 0 1 1 0 0) -> 11 (0 0 1 1 1 0)
Hop 1: [88-56] 88 (1 0 3 0 0 0) -> 120 (1 1 3 0 0 0)
Hop 1: [23-15] 23 (0 0 2 3 1 0) -> 15 (0 0 1 3 1 0)
Hop 1: [96-103] 96 (1 1 0 0 0 0) -> 102 (1 1 0 3 0 0)
Hop 1: [46-38] 46 (0 1 1 3 0 0) -> 38 (0 1 0 3 0 0)
Hop 1: [124-116] 124 (1 1 3 2 0 0) -> 116 (1 1 2 2 0 0)
Hop 1: [111-104] 111 (1 1 1 3 1 0) -> 105 (1 1 1 0 1 0)
Hop 1: [58-34] 58 (0 1 3 1 0 0) -> 34 (0 1 0 1 0 0)
Hop 1: [1-2] 1 (0 0 0 0 1 0) -> 3 (0 0 0 1 1 0)
Hop 1: [112-113] 112 (1 1 2 0 0 0) -> 113 (1 1 2 0 1 0)
Hop 1: [63-39] 63 (0 1 3 3 1 0) -> 39 (0 1 0 3 1 0)
Hop 1: [106-105] 106 (1 1 1 1 0 0) -> 104 (1 1 1 0 0 0)
Hop 1: [44-36] 44 (0 1 1 2 0 0) -> 36 (0 1 0 2 0 0)
Hop 1: [86-54] 86 (1 0 2 3 0 0) -> 118 (1 1 2 3 0 0)
Hop 1: [68-36] 68 (1 0 0 2 0 0) -> 100 (1 1 0 2 0 0)
Hop 1: [82-50] 82 (1 0 2 1 0 0) -> 114 (1 1 2 1 0 0)
Hop 1: [34-33] 34 (0 1 0 1 0 0) -> 32 (0 1 0 0 0 0)
Hop 1: [80-48] 80 (1 0 2 0 0 0) -> 112 (1 1 2 0 0 0)
Hop 1: [30-22] 30 (0 0 3 3 0 0) -> 22 (0 0 2 3 0 0)
Hop 1: [15-14] 15 (0 0 1 3 1 0) -> 14 (0 0 1 3 0 0)
Hop 1: [108-107] 108 (1 1 1 2 0 0) -> 106 (1 1 1 1 0 0)
Hop 1: [0-24] 0 (0 0 0 0 0 0) -> 24 (0 0 3 0 0 0)
Hop 2: [114-113] 112 (1 1 2 0 0 0) -> 113 (1 1 2 0 1 0)
Hop 1: [84-52] 84 (1 0 2 2 0 0) -> 116 (1 1 2 2 0 0)
Hop 2: [107-108] 109 (1 1 1 2 1 0) -> 108 (1 1 1 2 0 0)
Hop 1: [76-44] 76 (1 0 1 2 0 0) -> 108 (1 1 1 2 0 0)
Hop 2: [92-60] 124 (1 1 3 2 0 0) -> 60 (0 1 3 2 0 0)
Hop 1: [101-102] 101 (1 1 0 2 1 0) -> 103 (1 1 0 3 1 0)
Hop 1: [8-104] 8 (0 0 1 0 0 0) -> 40 (0 1 1 0 0 0)
Hop 2: [81-49] 113 (1 1 2 0 1 0) -> 49 (0 1 2 0 1 0)
Hop 1: [60-36] 60 (0 1 3 2 0 0) -> 36 (0 1 0 2 0 0)
Hop 2: [93-61] 125 (1 1 3 2 1 0) -> 61 (0 1 3 2 1 0)
Hop 1: [22-14] 22 (0 0 2 3 0 0) -> 14 (0 0 1 3 0 0)
Hop 2: [89-57] 121 (1 1 3 0 1 0) -> 57 (0 1 3 0 1 0)
Hop 1: [109-108] 109 (1 1 1 2 1 0) -> 108 (1 1 1 2 0 0)
Hop 2: [73-41] 105 (1 1 1 0 1 0) -> 41 (0 1 1 0 1 0)
Hop 2: [87-55] 119 (1 1 2 3 1 0) -> 55 (0 1 2 3 1 0)
Hop 2: [19-115] 51 (0 1 2 1 1 0) -> 115 (1 1 2 1 1 0)
Hop 2: [90-58] 122 (1 1 3 1 0 0) -> 58 (0 1 3 1 0 0)
Hop 2: [69-37] 101 (1 1 0 2 1 0) -> 37 (0 1 0 2 1 0)
Hop 2: [105-106] 107 (1 1 1 1 1 0) -> 106 (1 1 1 1 0 0)
Hop 2: [14-13] 12 (0 0 1 2 0 0) -> 13 (0 0 1 2 1 0)
Hop 2: [116-115] 114 (1 1 2 1 0 0) -> 115 (1 1 2 1 1 0)
Hop 2: [91-59] 123 (1 1 3 1 1 0) -> 59 (0 1 3 1 1 0)
Hop 2: [119-112] 113 (1 1 2 0 1 0) -> 112 (1 1 2 0 0 0)
Hop 2: [74-42] 106 (1 1 1 1 0 0) -> 42 (0 1 1 1 0 0)
Hop 2: [71-39] 103 (1 1 0 3 1 0) -> 39 (0 1 0 3 1 0)
Hop 2: [104-111] 110 (1 1 1 3 0 0) -> 111 (1 1 1 3 1 0)
Hop 2: [12-11] 10 (0 0 1 1 0 0) -> 11 (0 0 1 1 1 0)
Hop 2: [75-43] 107 (1 1 1 1 1 0) -> 43 (0 1 1 1 1 0)
Hop 2: [110-109] 108 (1 1 1 2 0 0) -> 109 (1 1 1 2 1 0)
Hop 2: [18-114] 50 (0 1 2 1 0 0) -> 114 (1 1 2 1 0 0)
Hop 2: [11-107] 43 (0 1 1 1 1 0) -> 107 (1 1 1 1 1 0)
Hop 2: [94-62] 126 (1 1 3 3 0 0) -> 62 (0 1 3 3 0 0)
Hop 2: [78-46] 110 (1 1 1 3 0 0) -> 46 (0 1 1 3 0 0)
Hop 2: [25-121] 57 (0 1 3 0 1 0) -> 121 (1 1 3 0 1 0)
Hop 2: [122-121] 120 (1 1 3 0 0 0) -> 121 (1 1 3 0 1 0)
Hop 2: [7-103] 39 (0 1 0 3 1 0) -> 103 (1 1 0 3 1 0)
Hop 2: [95-63] 127 (1 1 3 3 1 0) -> 63 (0 1 3 3 1 0)
Hop 2: [70-38] 102 (1 1 0 3 0 0) -> 38 (0 1 0 3 0 0)
Hop 2: [24-120] 56 (0 1 3 0 0 0) -> 120 (1 1 3 0 0 0)
Hop 2: [79-47] 111 (1 1 1 3 1 0) -> 47 (0 1 1 3 1 0)
Hop 2: [83-51] 115 (1 1 2 1 1 0) -> 51 (0 1 2 1 1 0)
Hop 2: [85-53] 117 (1 1 2 2 1 0) -> 53 (0 1 2 2 1 0)
Hop 2: [66-65] 64 (1 0 0 0 0 0) -> 65 (1 0 0 0 1 0)
Hop 2: [9-10] 11 (0 0 1 1 1 0) -> 10 (0 0 1 1 0 0)
Hop 2: [72-40] 104 (1 1 1 0 0 0) -> 40 (0 1 1 0 0 0)
Hop 2: [37-38] 39 (0 1 0 3 1 0) -> 38 (0 1 0 3 0 0)
Hop 2: [118-117] 116 (1 1 2 2 0 0) -> 117 (1 1 2 2 1 0)
Hop 2: [77-45] 109 (1 1 1 2 1 0) -> 45 (0 1 1 2 1 0)
Hop 2: [88-56] 120 (1 1 3 0 0 0) -> 56 (0 1 3 0 0 0)
Hop 2: [96-103] 102 (1 1 0 3 0 0) -> 103 (1 1 0 3 1 0)
Hop 2: [111-104] 105 (1 1 1 0 1 0) -> 104 (1 1 1 0 0 0)
Hop 2: [1-2] 3 (0 0 0 1 1 0) -> 2 (0 0 0 1 0 0)
Hop 2: [106-105] 104 (1 1 1 0 0 0) -> 105 (1 1 1 0 1 0)
Hop 2: [86-54] 118 (1 1 2 3 0 0) -> 54 (0 1 2 3 0 0)
Hop 2: [68-36] 100 (1 1 0 2 0 0) -> 36 (0 1 0 2 0 0)
Hop 2: [82-50] 114 (1 1 2 1 0 0) -> 50 (0 1 2 1 0 0)
Hop 2: [34-33] 32 (0 1 0 0 0 0) -> 33 (0 1 0 0 1 0)
Hop 2: [80-48] 112 (1 1 2 0 0 0) -> 48 (0 1 2 0 0 0)
Hop 2: [108-107] 106 (1 1 1 1 0 0) -> 107 (1 1 1 1 1 0)
Hop 2: [84-52] 116 (1 1 2 2 0 0) -> 52 (0 1 2 2 0 0)
Hop 2: [76-44] 108 (1 1 1 2 0 0) -> 44 (0 1 1 2 0 0)
Hop 2: [101-102] 103 (1 1 0 3 1 0) -> 102 (1 1 0 3 0 0)
Hop 2: [8-104] 40 (0 1 1 0 0 0) -> 104 (1 1 1 0 0 0)
Hop 1: [16-23] 16 (0 0 2 0 0 0) -> 22 (0 0 2 3 0 0)
Hop 1: [67-68] 67 (1 0 0 1 1 0) -> 69 (1 0 0 2 1 0)
Hop 1: [32-39] 32 (0 1 0 0 0 0) -> 38 (0 1 0 3 0 0)
Hop 1: [17-18] 17 (0 0 2 0 1 0) -> 19 (0 0 2 1 1 0)
Hop 1: [14-15] 14 (0 0 1 3 0 0) -> 15 (0 0 1 3 1 0)
Hop 1: [96-104] 96 (1 1 0 0 0 0) -> 104 (1 1 1 0 0 0)
Hop 1: [13-14] 13 (0 0 1 2 1 0) -> 15 (0 0 1 3 1 0)
Hop 1: [49-48] 49 (0 1 2 0 1 0) -> 48 (0 1 2 0 0 0)
Hop 1: [74-66] 74 (1 0 1 1 0 0) -> 66 (1 0 0 1 0 0)
Hop 1: [63-55] 63 (0 1 3 3 1 0) -> 55 (0 1 2 3 1 0)
Hop 1: [97-121] 97 (1 1 0 0 1 0) -> 121 (1 1 3 0 1 0)
Hop 1: [15-23] 15 (0 0 1 3 1 0) -> 23 (0 0 2 3 1 0)
Hop 1: [80-72] 80 (1 0 2 0 0 0) -> 72 (1 0 1 0 0 0)
Hop 1: [79-71] 79 (1 0 1 3 1 0) -> 71 (1 0 0 3 1 0)
Hop 1: [19-18] 19 (0 0 2 1 1 0) -> 18 (0 0 2 1 0 0)
Hop 1: [10-18] 10 (0 0 1 1 0 0) -> 18 (0 0 2 1 0 0)
Hop 1: [29-28] 29 (0 0 3 2 1 0) -> 28 (0 0 3 2 0 0)
Hop 1: [111-110] 111 (1 1 1 3 1 0) -> 110 (1 1 1 3 0 0)
Hop 1: [105-113] 105 (1 1 1 0 1 0) -> 113 (1 1 2 0 1 0)
Hop 1: [7-15] 7 (0 0 0 3 1 0) -> 15 (0 0 1 3 1 0)
Hop 1: [87-79] 87 (1 0 2 3 1 0) -> 79 (1 0 1 3 1 0)
Hop 1: [30-29] 30 (0 0 3 3 0 0) -> 28 (0 0 3 2 0 0)
Hop 1: [50-49] 50 (0 1 2 1 0 0) -> 48 (0 1 2 0 0 0)
Hop 1: [40-47] 40 (0 1 1 0 0 0) -> 46 (0 1 1 3 0 0)
Hop 1: [27-26] 27 (0 0 3 1 1 0) -> 26 (0 0 3 1 0 0)
Hop 1: [5-29] 5 (0 0 0 2 1 0) -> 29 (0 0 3 2 1 0)
Hop 1: [75-67] 75 (1 0 1 1 1 0) -> 67 (1 0 0 1 1 0)
Hop 1: [44-43] 44 (0 1 1 2 0 0) -> 42 (0 1 1 1 0 0)
Hop 1: [125-124] 125 (1 1 3 2 1 0) -> 124 (1 1 3 2 0 0)
Hop 1: [55-48] 55 (0 1 2 3 1 0) -> 49 (0 1 2 0 1 0)
Hop 1: [51-50] 51 (0 1 2 1 1 0) -> 50 (0 1 2 1 0 0)
Hop 1: [1-25] 1 (0 0 0 0 1 0) -> 25 (0 0 3 0 1 0)
Hop 1: [90-66] 90 (1 0 3 1 0 0) -> 66 (1 0 0 1 0 0)
Hop 1: [71-64] 71 (1 0 0 3 1 0) -> 65 (1 0 0 0 1 0)
Hop 1: [99-123] 99 (1 1 0 1 1 0) -> 123 (1 1 3 1 1 0)
Hop 1: [37-45] 37 (0 1 0 2 1 0) -> 45 (0 1 1 2 1 0)
Hop 1: [118-119] 118 (1 1 2 3 0 0) -> 119 (1 1 2 3 1 0)
Hop 1: [23-16] 23 (0 0 2 3 1 0) -> 17 (0 0 2 0 1 0)
Hop 1: [26-2] 26 (0 0 3 1 0 0) -> 2 (0 0 0 1 0 0)
Hop 1: [35-36] 35 (0 1 0 1 1 0) -> 37 (0 1 0 2 1 0)
Hop 1: [83-75] 83 (1 0 2 1 1 0) -> 75 (1 0 1 1 1 0)
Hop 1: [109-110] 109 (1 1 1 2 1 0) -> 111 (1 1 1 3 1 0)
Hop 1: [65-66] 65 (1 0 0 0 1 0) -> 67 (1 0 0 1 1 0)
Hop 1: [46-45] 46 (0 1 1 3 0 0) -> 44 (0 1 1 2 0 0)
Hop 1: [95-71] 95 (1 0 3 3 1 0) -> 71 (1 0 0 3 1 0)
Hop 1: [31-24] 31 (0 0 3 3 1 0) -> 25 (0 0 3 0 1 0)
Hop 1: [58-50] 58 (0 1 3 1 0 0) -> 50 (0 1 2 1 0 0)
Hop 1: [43-42] 43 (0 1 1 1 1 0) -> 42 (0 1 1 1 0 0)
Hop 1: [91-67] 91 (1 0 3 1 1 0) -> 67 (1 0 0 1 1 0)
Hop 1: [77-69] 77 (1 0 1 2 1 0) -> 69 (1 0 0 2 1 0)
Hop 1: [98-2] 98 (1 1 0 1 0 0) -> 66 (1 0 0 1 0 0)
Hop 1: [39-47] 39 (0 1 0 3 1 0) -> 47 (0 1 1 3 1 0)
Hop 1: [117-118] 117 (1 1 2 2 1 0) -> 119 (1 1 2 3 1 0)
Hop 1: [53-52] 53 (0 1 2 2 1 0) -> 52 (0 1 2 2 0 0)
Hop 1: [48-49] 48 (0 1 2 0 0 0) -> 49 (0 1 2 0 1 0)
Hop 1: [41-42] 41 (0 1 1 0 1 0) -> 43 (0 1 1 1 1 0)
Hop 1: [81-73] 81 (1 0 2 0 1 0) -> 73 (1 0 1 0 1 0)
Hop 1: [101-109] 101 (1 1 0 2 1 0) -> 109 (1 1 1 2 1 0)
Hop 1: [107-11] 107 (1 1 1 1 1 0) -> 75 (1 0 1 1 1 0)
Hop 1: [47-40] 47 (0 1 1 3 1 0) -> 41 (0 1 1 0 1 0)
Hop 1: [93-69] 93 (1 0 3 2 1 0) -> 69 (1 0 0 2 1 0)
Hop 1: [54-53] 54 (0 1 2 3 0 0) -> 52 (0 1 2 2 0 0)
Hop 1: [59-51] 59 (0 1 3 1 1 0) -> 51 (0 1 2 1 1 0)
Hop 1: [11-12] 11 (0 0 1 1 1 0) -> 13 (0 0 1 2 1 0)
Hop 1: [122-123] 122 (1 1 3 1 0 0) -> 123 (1 1 3 1 1 0)
Hop 1: [78-70] 78 (1 0 1 3 0 0) -> 70 (1 0 0 3 0 0)
Hop 1: [66-67] 66 (1 0 0 1 0 0) -> 67 (1 0 0 1 1 0)
Hop 1: [45-44] 45 (0 1 1 2 1 0) -> 44 (0 1 1 2 0 0)
Hop 1: [85-77] 85 (1 0 2 2 1 0) -> 77 (1 0 1 2 1 0)
Hop 1: [60-52] 60 (0 1 3 2 0 0) -> 52 (0 1 2 2 0 0)
Hop 1: [57-49] 57 (0 1 3 0 1 0) -> 49 (0 1 2 0 1 0)
Hop 1: [0-32] 0 (0 0 0 0 0 0) -> 32 (0 1 0 0 0 0)
Hop 1: [121-122] 121 (1 1 3 0 1 0) -> 123 (1 1 3 1 1 0)
Hop 1: [103-127] 103 (1 1 0 3 1 0) -> 127 (1 1 3 3 1 0)
Hop 1: [3-27] 3 (0 0 0 1 1 0) -> 27 (0 0 3 1 1 0)
Hop 1: [36-4] 36 (0 1 0 2 0 0) -> 4 (0 0 0 2 0 0)
Hop 1: [124-123] 124 (1 1 3 2 0 0) -> 122 (1 1 3 1 0 0)
Hop 1: [20-19] 20 (0 0 2 2 0 0) -> 18 (0 0 2 1 0 0)
Hop 1: [25-17] 25 (0 0 3 0 1 0) -> 17 (0 0 2 0 1 0)
Hop 1: [42-41] 42 (0 1 1 1 0 0) -> 40 (0 1 1 0 0 0)
Hop 1: [115-116] 115 (1 1 2 1 1 0) -> 117 (1 1 2 2 1 0)
Hop 1: [69-68] 69 (1 0 0 2 1 0) -> 68 (1 0 0 2 0 0)
Hop 1: [104-112] 104 (1 1 1 0 0 0) -> 112 (1 1 2 0 0 0)
Hop 1: [12-13] 12 (0 0 1 2 0 0) -> 13 (0 0 1 2 1 0)
Hop 1: [119-118] 119 (1 1 2 3 1 0) -> 118 (1 1 2 3 0 0)
Hop 1: [21-20] 21 (0 0 2 2 1 0) -> 20 (0 0 2 2 0 0)
Hop 1: [18-17] 18 (0 0 2 1 0 0) -> 16 (0 0 2 0 0 0)
Hop 1: [34-35] 34 (0 1 0 1 0 0) -> 35 (0 1 0 1 1 0)
Hop 1: [114-115] 114 (1 1 2 1 0 0) -> 115 (1 1 2 1 1 0)
Hop 1: [72-64] 72 (1 0 1 0 0 0) -> 64 (1 0 0 0 0 0)
Hop 1: [70-69] 70 (1 0 0 3 0 0) -> 68 (1 0 0 2 0 0)
Hop 1: [76-68] 76 (1 0 1 2 0 0) -> 68 (1 0 0 2 0 0)
Hop 1: [127-120] 127 (1 1 3 3 1 0) -> 121 (1 1 3 0 1 0)
Hop 1: [56-48] 56 (0 1 3 0 0 0) -> 48 (0 1 2 0 0 0)
Hop 1: [61-53] 61 (0 1 3 2 1 0) -> 53 (0 1 2 2 1 0)
Hop 1: [33-34] 33 (0 1 0 0 1 0) -> 35 (0 1 0 1 1 0)
Hop 1: [89-65] 89 (1 0 3 0 1 0) -> 65 (1 0 0 0 1 0)
Hop 1: [64-71] 64 (1 0 0 0 0 0) -> 70 (1 0 0 3 0 0)
Hop 1: [100-124] 100 (1 1 0 2 0 0) -> 124 (1 1 3 2 0 0)
Hop 1: [38-46] 38 (0 1 0 3 0 0) -> 46 (0 1 1 3 0 0)
Hop 1: [92-68] 92 (1 0 3 2 0 0) -> 68 (1 0 0 2 0 0)
Hop 1: [24-16] 24 (0 0 3 0 0 0) -> 16 (0 0 2 0 0 0)
Hop 1: [84-76] 84 (1 0 2 2 0 0) -> 76 (1 0 1 2 0 0)
Hop 1: [2-26] 2 (0 0 0 1 0 0) -> 26 (0 0 3 1 0 0)
Hop 1: [113-114] 113 (1 1 2 0 1 0) -> 115 (1 1 2 1 1 0)
Hop 1: [106-107] 106 (1 1 1 1 0 0) -> 107 (1 1 1 1 1 0)
Hop 1: [22-21] 22 (0 0 2 3 0 0) -> 20 (0 0 2 2 0 0)
Hop 1: [4-28] 4 (0 0 0 2 0 0) -> 28 (0 0 3 2 0 0)
Hop 1: [94-70] 94 (1 0 3 3 0 0) -> 70 (1 0 0 3 0 0)
Hop 1: [82-74] 82 (1 0 2 1 0 0) -> 74 (1 0 1 1 0 0)
Hop 1: [110-111] 110 (1 1 1 3 0 0) -> 111 (1 1 1 3 1 0)
Hop 1: [8-15] 8 (0 0 1 0 0 0) -> 14 (0 0 1 3 0 0)
Hop 1: [112-119] 112 (1 1 2 0 0 0) -> 118 (1 1 2 3 0 0)
Hop 1: [73-65] 73 (1 0 1 0 1 0) -> 65 (1 0 0 0 1 0)
Hop 1: [52-51] 52 (0 1 2 2 0 0) -> 50 (0 1 2 1 0 0)
Hop 1: [6-30] 6 (0 0 0 3 0 0) -> 30 (0 0 3 3 0 0)
Hop 1: [86-78] 86 (1 0 2 3 0 0) -> 78 (1 0 1 3 0 0)
Hop 2: [16-23] 22 (0 0 2 3 0 0) -> 23 (0 0 2 3 1 0)
Hop 1: [108-109] 108 (1 1 1 2 0 0) -> 109 (1 1 1 2 1 0)
Hop 1: [9-105] 9 (0 0 1 0 1 0) -> 41 (0 1 1 0 1 0)
Hop 1: [123-124] 123 (1 1 3 1 1 0) -> 125 (1 1 3 2 1 0)
Hop 2: [67-68] 69 (1 0 0 2 1 0) -> 68 (1 0 0 2 0 0)
Hop 1: [62-54] 62 (0 1 3 3 0 0) -> 54 (0 1 2 3 0 0)
Hop 2: [32-39] 38 (0 1 0 3 0 0) -> 39 (0 1 0 3 1 0)
Hop 1: [116-117] 116 (1 1 2 2 0 0) -> 117 (1 1 2 2 1 0)
Hop 2: [17-18] 19 (0 0 2 1 1 0) -> 18 (0 0 2 1 0 0)
Hop 1: [102-110] 102 (1 1 0 3 0 0) -> 110 (1 1 1 3 0 0)
Hop 1: [88-64] 88 (1 0 3 0 0 0) -> 64 (1 0 0 0 0 0)
Hop 1: [28-27] 28 (0 0 3 2 0 0) -> 26 (0 0 3 1 0 0)
Hop 2: [13-14] 15 (0 0 1 3 1 0) -> 14 (0 0 1 3 0 0)
Hop 1: [126-125] 126 (1 1 3 3 0 0) -> 124 (1 1 3 2 0 0)
Hop 1: [68-67] 68 (1 0 0 2 0 0) -> 66 (1 0 0 1 0 0)
Hop 1: [120-127] 120 (1 1 3 0 0 0) -> 126 (1 1 3 3 0 0)
Hop 2: [50-49] 48 (0 1 2 0 0 0) -> 49 (0 1 2 0 1 0)
Hop 2: [30-29] 28 (0 0 3 2 0 0) -> 29 (0 0 3 2 1 0)
Hop 2: [40-47] 46 (0 1 1 3 0 0) -> 47 (0 1 1 3 1 0)
Hop 2: [44-43] 42 (0 1 1 1 0 0) -> 43 (0 1 1 1 1 0)
Hop 2: [55-48] 49 (0 1 2 0 1 0) -> 48 (0 1 2 0 0 0)
Hop 2: [71-64] 65 (1 0 0 0 1 0) -> 64 (1 0 0 0 0 0)
Hop 2: [23-16] 17 (0 0 2 0 1 0) -> 16 (0 0 2 0 0 0)
Hop 2: [35-36] 37 (0 1 0 2 1 0) -> 36 (0 1 0 2 0 0)
Hop 2: [65-66] 67 (1 0 0 1 1 0) -> 66 (1 0 0 1 0 0)
Hop 2: [109-110] 111 (1 1 1 3 1 0) -> 110 (1 1 1 3 0 0)
Hop 2: [46-45] 44 (0 1 1 2 0 0) -> 45 (0 1 1 2 1 0)
Hop 2: [31-24] 25 (0 0 3 0 1 0) -> 24 (0 0 3 0 0 0)
Hop 2: [98-2] 66 (1 0 0 1 0 0) -> 2 (0 0 0 1 0 0)
Hop 2: [117-118] 119 (1 1 2 3 1 0) -> 118 (1 1 2 3 0 0)
Hop 2: [41-42] 43 (0 1 1 1 1 0) -> 42 (0 1 1 1 0 0)
Hop 2: [107-11] 75 (1 0 1 1 1 0) -> 11 (0 0 1 1 1 0)
Hop 2: [47-40] 41 (0 1 1 0 1 0) -> 40 (0 1 1 0 0 0)
Hop 2: [54-53] 52 (0 1 2 2 0 0) -> 53 (0 1 2 2 1 0)
Hop 2: [11-12] 13 (0 0 1 2 1 0) -> 12 (0 0 1 2 0 0)
Hop 2: [121-122] 123 (1 1 3 1 1 0) -> 122 (1 1 3 1 0 0)
Hop 2: [124-123] 122 (1 1 3 1 0 0) -> 123 (1 1 3 1 1 0)
Hop 2: [20-19] 18 (0 0 2 1 0 0) -> 19 (0 0 2 1 1 0)
Hop 2: [42-41] 40 (0 1 1 0 0 0) -> 41 (0 1 1 0 1 0)
Hop 2: [115-116] 117 (1 1 2 2 1 0) -> 116 (1 1 2 2 0 0)
Hop 2: [18-17] 16 (0 0 2 0 0 0) -> 17 (0 0 2 0 1 0)
Hop 2: [70-69] 68 (1 0 0 2 0 0) -> 69 (1 0 0 2 1 0)
Hop 2: [127-120] 121 (1 1 3 0 1 0) -> 120 (1 1 3 0 0 0)
Hop 2: [33-34] 35 (0 1 0 1 1 0) -> 34 (0 1 0 1 0 0)
Hop 2: [64-71] 70 (1 0 0 3 0 0) -> 71 (1 0 0 3 1 0)
Hop 2: [113-114] 115 (1 1 2 1 1 0) -> 114 (1 1 2 1 0 0)
Hop 2: [22-21] 20 (0 0 2 2 0 0) -> 21 (0 0 2 2 1 0)
Hop 2: [8-15] 14 (0 0 1 3 0 0) -> 15 (0 0 1 3 1 0)
Hop 2: [112-119] 118 (1 1 2 3 0 0) -> 119 (1 1 2 3 1 0)
Hop 2: [52-51] 50 (0 1 2 1 0 0) -> 51 (0 1 2 1 1 0)
Hop 2: [9-105] 41 (0 1 1 0 1 0) -> 105 (1 1 1 0 1 0)
Hop 2: [123-124] 125 (1 1 3 2 1 0) -> 124 (1 1 3 2 0 0)
Hop 2: [28-27] 26 (0 0 3 1 0 0) -> 27 (0 0 3 1 1 0)
Hop 2: [126-125] 124 (1 1 3 2 0 0) -> 125 (1 1 3 2 1 0)
Hop 2: [68-67] 66 (1 0 0 1 0 0) -> 67 (1 0 0 1 1 0)
Hop 2: [120-127] 126 (1 1 3 3 0 0) -> 127 (1 1 3 3 1 0)
Hop 1: [18-19] 18 (0 0 2 1 0 0) -> 19 (0 0 2 1 1 0)
Hop 1: [65-73] 65 (1 0 0 0 1 0) -> 73 (1 0 1 0 1 0)
Hop 1: [17-25] 17 (0 0 2 0 1 0) -> 25 (0 0 3 0 1 0)
Hop 1: [107-115] 107 (1 1 1 1 1 0) -> 115 (1 1 2 1 1 0)
Hop 1: [57-56] 57 (0 1 3 0 1 0) -> 56 (0 1 3 0 0 0)
Hop 1: [72-73] 72 (1 0 1 0 0 0) -> 73 (1 0 1 0 1 0)
Hop 1: [74-73] 74 (1 0 1 1 0 0) -> 72 (1 0 1 0 0 0)
Hop 1: [19-20] 19 (0 0 2 1 1 0) -> 21 (0 0 2 2 1 0)
Hop 1: [36-44] 36 (0 1 0 2 0 0) -> 44 (0 1 1 2 0 0)
Hop 1: [87-80] 87 (1 0 2 3 1 0) -> 81 (1 0 2 0 1 0)
Hop 1: [3-35] 3 (0 0 0 1 1 0) -> 35 (0 1 0 1 1 0)
Hop 1: [9-17] 9 (0 0 1 0 1 0) -> 17 (0 0 2 0 1 0)
Hop 1: [83-82] 83 (1 0 2 1 1 0) -> 82 (1 0 2 1 0 0)
Hop 1: [16-24] 16 (0 0 2 0 0 0) -> 24 (0 0 3 0 0 0)
Hop 1: [37-5] 37 (0 1 0 2 1 0) -> 5 (0 0 0 2 1 0)
Hop 1: [127-126] 127 (1 1 3 3 1 0) -> 126 (1 1 3 3 0 0)
Hop 1: [106-114] 106 (1 1 1 1 0 0) -> 114 (1 1 2 1 0 0)
Hop 1: [68-69] 68 (1 0 0 2 0 0) -> 69 (1 0 0 2 1 0)
Hop 1: [32-40] 32 (0 1 0 0 0 0) -> 40 (0 1 1 0 0 0)
Hop 1: [122-26] 122 (1 1 3 1 0 0) -> 90 (1 0 3 1 0 0)
Hop 1: [49-50] 49 (0 1 2 0 1 0) -> 51 (0 1 2 1 1 0)
Hop 1: [23-22] 23 (0 0 2 3 1 0) -> 22 (0 0 2 3 0 0)
Hop 1: [47-46] 47 (0 1 1 3 1 0) -> 46 (0 1 1 3 0 0)
Hop 1: [116-124] 116 (1 1 2 2 0 0) -> 124 (1 1 3 2 0 0)
Hop 1: [64-72] 64 (1 0 0 0 0 0) -> 72 (1 0 1 0 0 0)
Hop 1: [100-4] 100 (1 1 0 2 0 0) -> 68 (1 0 0 2 0 0)
Hop 1: [1-33] 1 (0 0 0 0 1 0) -> 33 (0 1 0 0 1 0)
Hop 1: [114-122] 114 (1 1 2 1 0 0) -> 122 (1 1 3 1 0 0)
Hop 1: [59-58] 59 (0 1 3 1 1 0) -> 58 (0 1 3 1 0 0)
Hop 1: [55-54] 55 (0 1 2 3 1 0) -> 54 (0 1 2 3 0 0)
Hop 1: [44-45] 44 (0 1 1 2 0 0) -> 45 (0 1 1 2 1 0)
Hop 1: [92-84] 92 (1 0 3 2 0 0) -> 84 (1 0 2 2 0 0)
Hop 1: [67-75] 67 (1 0 0 1 1 0) -> 75 (1 0 1 1 1 0)
Hop 1: [69-70] 69 (1 0 0 2 1 0) -> 71 (1 0 0 3 1 0)
Hop 1: [11-19] 11 (0 0 1 1 1 0) -> 19 (0 0 2 1 1 0)
Hop 1: [91-83] 91 (1 0 3 1 1 0) -> 83 (1 0 2 1 1 0)
Hop 1: [51-52] 51 (0 1 2 1 1 0) -> 53 (0 1 2 2 1 0)
Hop 1: [61-60] 61 (0 1 3 2 1 0) -> 60 (0 1 3 2 0 0)
Hop 1: [76-75] 76 (1 0 1 2 0 0) -> 74 (1 0 1 1 0 0)
Hop 1: [86-85] 86 (1 0 2 3 0 0) -> 84 (1 0 2 2 0 0)
Hop 1: [99-3] 99 (1 1 0 1 1 0) -> 67 (1 0 0 1 1 0)
Hop 1: [5-37] 5 (0 0 0 2 1 0) -> 37 (0 1 0 2 1 0)
Hop 1: [41-49] 41 (0 1 1 0 1 0) -> 49 (0 1 2 0 1 0)
Hop 1: [27-28] 27 (0 0 3 1 1 0) -> 29 (0 0 3 2 1 0)
Hop 1: [25-24] 25 (0 0 3 0 1 0) -> 24 (0 0 3 0 0 0)
Hop 1: [22-23] 22 (0 0 2 3 0 0) -> 23 (0 0 2 3 1 0)
Hop 1: [6-38] 6 (0 0 0 3 0 0) -> 38 (0 1 0 3 0 0)
Hop 1: [93-85] 93 (1 0 3 2 1 0) -> 85 (1 0 2 2 1 0)
Hop 1: [73-72] 73 (1 0 1 0 1 0) -> 72 (1 0 1 0 0 0)
Hop 1: [109-117] 109 (1 1 1 2 1 0) -> 117 (1 1 2 2 1 0)
Hop 1: [35-43] 35 (0 1 0 1 1 0) -> 43 (0 1 1 1 1 0)
Hop 1: [81-80] 81 (1 0 2 0 1 0) -> 80 (1 0 2 0 0 0)
Hop 1: [26-25] 26 (0 0 3 1 0 0) -> 24 (0 0 3 0 0 0)
Hop 1: [20-21] 20 (0 0 2 2 0 0) -> 21 (0 0 2 2 1 0)
Hop 1: [14-22] 14 (0 0 1 3 0 0) -> 22 (0 0 2 3 0 0)
Hop 1: [85-84] 85 (1 0 2 2 1 0) -> 84 (1 0 2 2 0 0)
Hop 1: [105-73] 105 (1 1 1 0 1 0) -> 73 (1 0 1 0 1 0)
Hop 1: [103-7] 103 (1 1 0 3 1 0) -> 71 (1 0 0 3 1 0)
Hop 1: [43-44] 43 (0 1 1 1 1 0) -> 45 (0 1 1 2 1 0)
Hop 1: [123-27] 123 (1 1 3 1 1 0) -> 91 (1 0 3 1 1 0)
Hop 1: [82-81] 82 (1 0 2 1 0 0) -> 80 (1 0 2 0 0 0)
Hop 1: [53-54] 53 (0 1 2 2 1 0) -> 55 (0 1 2 3 1 0)
Hop 1: [39-63] 39 (0 1 0 3 1 0) -> 63 (0 1 3 3 1 0)
Hop 1: [95-87] 95 (1 0 3 3 1 0) -> 87 (1 0 2 3 1 0)
Hop 1: [98-66] 98 (1 1 0 1 0 0) -> 66 (1 0 0 1 0 0)
Hop 1: [77-76] 77 (1 0 1 2 1 0) -> 76 (1 0 1 2 0 0)
Hop 1: [33-41] 33 (0 1 0 0 1 0) -> 41 (0 1 1 0 1 0)
Hop 1: [90-82] 90 (1 0 3 1 0 0) -> 82 (1 0 2 1 0 0)
Hop 1: [56-57] 56 (0 1 3 0 0 0) -> 57 (0 1 3 0 1 0)
Hop 1: [30-31] 30 (0 0 3 3 0 0) -> 31 (0 0 3 3 1 0)
Hop 1: [13-21] 13 (0 0 1 2 1 0) -> 21 (0 0 2 2 1 0)
Hop 1: [94-86] 94 (1 0 3 3 0 0) -> 86 (1 0 2 3 0 0)
Hop 1: [75-74] 75 (1 0 1 1 1 0) -> 74 (1 0 1 1 0 0)
Hop 1: [78-77] 78 (1 0 1 3 0 0) -> 76 (1 0 1 2 0 0)
Hop 1: [2-3] 2 (0 0 0 1 0 0) -> 3 (0 0 0 1 1 0)
Hop 1: [115-123] 115 (1 1 2 1 1 0) -> 123 (1 1 3 1 1 0)
Hop 1: [48-55] 48 (0 1 2 0 0 0) -> 54 (0 1 2 3 0 0)
Hop 1: [54-55] 54 (0 1 2 3 0 0) -> 55 (0 1 2 3 1 0)
Hop 1: [45-46] 45 (0 1 1 2 1 0) -> 47 (0 1 1 3 1 0)
Hop 1: [117-125] 117 (1 1 2 2 1 0) -> 125 (1 1 3 2 1 0)
Hop 1: [104-72] 104 (1 1 1 0 0 0) -> 72 (1 0 1 0 0 0)
Hop 1: [101-125] 101 (1 1 0 2 1 0) -> 125 (1 1 3 2 1 0)
Hop 1: [42-43] 42 (0 1 1 1 0 0) -> 43 (0 1 1 1 1 0)
Hop 1: [113-121] 113 (1 1 2 0 1 0) -> 121 (1 1 3 0 1 0)
Hop 1: [50-51] 50 (0 1 2 1 0 0) -> 51 (0 1 2 1 1 0)
Hop 1: [21-22] 21 (0 0 2 2 1 0) -> 23 (0 0 2 3 1 0)
Hop 1: [15-47] 15 (0 0 1 3 1 0) -> 47 (0 1 1 3 1 0)
Hop 1: [29-30] 29 (0 0 3 2 1 0) -> 31 (0 0 3 3 1 0)
Hop 1: [97-65] 97 (1 1 0 0 1 0) -> 65 (1 0 0 0 1 0)
Hop 1: [108-116] 108 (1 1 1 2 0 0) -> 116 (1 1 2 2 0 0)
Hop 1: [40-48] 40 (0 1 1 0 0 0) -> 48 (0 1 2 0 0 0)
Hop 1: [89-81] 89 (1 0 3 0 1 0) -> 81 (1 0 2 0 1 0)
Hop 1: [24-25] 24 (0 0 3 0 0 0) -> 25 (0 0 3 0 1 0)
Hop 1: [63-56] 63 (0 1 3 3 1 0) -> 57 (0 1 3 0 1 0)
Hop 1: [7-31] 7 (0 0 0 3 1 0) -> 31 (0 0 3 3 1 0)
Hop 1: [125-126] 125 (1 1 3 2 1 0) -> 127 (1 1 3 3 1 0)
Hop 1: [96-120] 96 (1 1 0 0 0 0) -> 120 (1 1 3 0 0 0)
Hop 1: [111-119] 111 (1 1 1 3 1 0) -> 119 (1 1 2 3 1 0)
Hop 1: [10-2] 10 (0 0 1 1 0 0) -> 2 (0 0 0 1 0 0)
Hop 1: [112-120] 112 (1 1 2 0 0 0) -> 120 (1 1 3 0 0 0)
Hop 1: [58-57] 58 (0 1 3 1 0 0) -> 56 (0 1 3 0 0 0)
Hop 1: [52-53] 52 (0 1 2 2 0 0) -> 53 (0 1 2 2 1 0)
Hop 1: [4-3] 4 (0 0 0 2 0 0) -> 2 (0 0 0 1 0 0)
Hop 1: [118-126] 118 (1 1 2 3 0 0) -> 126 (1 1 3 3 0 0)
Hop 1: [66-74] 66 (1 0 0 1 0 0) -> 74 (1 0 1 1 0 0)
Hop 1: [79-72] 79 (1 0 1 3 1 0) -> 73 (1 0 1 0 1 0)
Hop 1: [8-16] 8 (0 0 1 0 0 0) -> 16 (0 0 2 0 0 0)
Hop 1: [124-125] 124 (1 1 3 2 0 0) -> 125 (1 1 3 2 1 0)
Hop 1: [31-30] 31 (0 0 3 3 1 0) -> 30 (0 0 3 3 0 0)
Hop 1: [38-6] 38 (0 1 0 3 0 0) -> 6 (0 0 0 3 0 0)
Hop 1: [88-80] 88 (1 0 3 0 0 0) -> 80 (1 0 2 0 0 0)
Hop 1: [71-70] 71 (1 0 0 3 1 0) -> 70 (1 0 0 3 0 0)
Hop 1: [34-42] 34 (0 1 0 1 0 0) -> 42 (0 1 1 1 0 0)
Hop 1: [126-127] 126 (1 1 3 3 0 0) -> 127 (1 1 3 3 1 0)
Hop 1: [62-61] 62 (0 1 3 3 0 0) -> 60 (0 1 3 2 0 0)
Hop 1: [46-47] 46 (0 1 1 3 0 0) -> 47 (0 1 1 3 1 0)
Hop 1: [121-25] 121 (1 1 3 0 1 0) -> 89 (1 0 3 0 1 0)
Hop 1: [102-126] 102 (1 1 0 3 0 0) -> 126 (1 1 3 3 0 0)
Hop 1: [0-7] 0 (0 0 0 0 0 0) -> 6 (0 0 0 3 0 0)
Hop 1: [119-127] 119 (1 1 2 3 1 0) -> 127 (1 1 3 3 1 0)
Hop 1: [60-59] 60 (0 1 3 2 0 0) -> 58 (0 1 3 1 0 0)
Hop 1: [12-20] 12 (0 0 1 2 0 0) -> 20 (0 0 2 2 0 0)
Hop 1: [80-81] 80 (1 0 2 0 0 0) -> 81 (1 0 2 0 1 0)
Hop 1: [70-71] 70 (1 0 0 3 0 0) -> 71 (1 0 0 3 1 0)
Hop 2: [74-73] 72 (1 0 1 0 0 0) -> 73 (1 0 1 0 1 0)
Hop 1: [120-24] 120 (1 1 3 0 0 0) -> 88 (1 0 3 0 0 0)
Hop 2: [19-20] 21 (0 0 2 2 1 0) -> 20 (0 0 2 2 0 0)
Hop 1: [84-83] 84 (1 0 2 2 0 0) -> 82 (1 0 2 1 0 0)
Hop 2: [87-80] 81 (1 0 2 0 1 0) -> 80 (1 0 2 0 0 0)
Hop 1: [110-118] 110 (1 1 1 3 0 0) -> 118 (1 1 2 3 0 0)
Hop 1: [28-29] 28 (0 0 3 2 0 0) -> 29 (0 0 3 2 1 0)
Hop 2: [122-26] 90 (1 0 3 1 0 0) -> 26 (0 0 3 1 0 0)
Hop 2: [49-50] 51 (0 1 2 1 1 0) -> 50 (0 1 2 1 0 0)
Hop 2: [100-4] 68 (1 0 0 2 0 0) -> 4 (0 0 0 2 0 0)
Hop 2: [69-70] 71 (1 0 0 3 1 0) -> 70 (1 0 0 3 0 0)
Hop 2: [51-52] 53 (0 1 2 2 1 0) -> 52 (0 1 2 2 0 0)
Hop 2: [76-75] 74 (1 0 1 1 0 0) -> 75 (1 0 1 1 1 0)
Hop 2: [86-85] 84 (1 0 2 2 0 0) -> 85 (1 0 2 2 1 0)
Hop 2: [99-3] 67 (1 0 0 1 1 0) -> 3 (0 0 0 1 1 0)
Hop 2: [27-28] 29 (0 0 3 2 1 0) -> 28 (0 0 3 2 0 0)
Hop 2: [26-25] 24 (0 0 3 0 0 0) -> 25 (0 0 3 0 1 0)
Hop 2: [103-7] 71 (1 0 0 3 1 0) -> 7 (0 0 0 3 1 0)
Hop 2: [43-44] 45 (0 1 1 2 1 0) -> 44 (0 1 1 2 0 0)
Hop 2: [123-27] 91 (1 0 3 1 1 0) -> 27 (0 0 3 1 1 0)
Hop 2: [82-81] 80 (1 0 2 0 0 0) -> 81 (1 0 2 0 1 0)
Hop 2: [53-54] 55 (0 1 2 3 1 0) -> 54 (0 1 2 3 0 0)
Hop 2: [78-77] 76 (1 0 1 2 0 0) -> 77 (1 0 1 2 1 0)
Hop 2: [48-55] 54 (0 1 2 3 0 0) -> 55 (0 1 2 3 1 0)
Hop 2: [45-46] 47 (0 1 1 3 1 0) -> 46 (0 1 1 3 0 0)
Hop 2: [21-22] 23 (0 0 2 3 1 0) -> 22 (0 0 2 3 0 0)
Hop 2: [29-30] 31 (0 0 3 3 1 0) -> 30 (0 0 3 3 0 0)
Hop 2: [63-56] 57 (0 1 3 0 1 0) -> 56 (0 1 3 0 0 0)
Hop 2: [125-126] 127 (1 1 3 3 1 0) -> 126 (1 1 3 3 0 0)
Hop 2: [58-57] 56 (0 1 3 0 0 0) -> 57 (0 1 3 0 1 0)
Hop 2: [4-3] 2 (0 0 0 1 0 0) -> 3 (0 0 0 1 1 0)
Hop 2: [79-72] 73 (1 0 1 0 1 0) -> 72 (1 0 1 0 0 0)
Hop 2: [62-61] 60 (0 1 3 2 0 0) -> 61 (0 1 3 2 1 0)
Hop 2: [121-25] 89 (1 0 3 0 1 0) -> 25 (0 0 3 0 1 0)
Hop 2: [0-7] 6 (0 0 0 3 0 0) -> 7 (0 0 0 3 1 0)
Hop 2: [60-59] 58 (0 1 3 1 0 0) -> 59 (0 1 3 1 1 0)
Hop 2: [120-24] 88 (1 0 3 0 0 0) -> 24 (0 0 3 0 0 0)
Hop 2: [84-83] 82 (1 0 2 1 0 0) -> 83 (1 0 2 1 1 0)
Hop 1: [18-26] 18 (0 0 2 1 0 0) -> 26 (0 0 3 1 0 0)
Hop 1: [67-91] 67 (1 0 0 1 1 0) -> 91 (1 0 3 1 1 0)
Hop 1: [82-83] 82 (1 0 2 1 0 0) -> 83 (1 0 2 1 1 0)
Hop 1: [104-8] 104 (1 1 1 0 0 0) -> 72 (1 0 1 0 0 0)
Hop 1: [41-73] 41 (0 1 1 0 1 0) -> 9 (0 0 1 0 1 0)
Hop 1: [17-49] 17 (0 0 2 0 1 0) -> 49 (0 1 2 0 1 0)
Hop 1: [37-61] 37 (0 1 0 2 1 0) -> 61 (0 1 3 2 1 0)
Hop 1: [105-9] 105 (1 1 1 0 1 0) -> 73 (1 0 1 0 1 0)
Hop 1: [33-57] 33 (0 1 0 0 1 0) -> 57 (0 1 3 0 1 0)
Hop 1: [19-27] 19 (0 0 2 1 1 0) -> 27 (0 0 3 1 1 0)
Hop 1: [76-77] 76 (1 0 1 2 0 0) -> 77 (1 0 1 2 1 0)
Hop 1: [96-64] 96 (1 1 0 0 0 0) -> 64 (1 0 0 0 0 0)
Hop 1: [43-51] 43 (0 1 1 1 1 0) -> 51 (0 1 2 1 1 0)
Hop 1: [114-18] 114 (1 1 2 1 0 0) -> 82 (1 0 2 1 0 0)
Hop 1: [49-57] 49 (0 1 2 0 1 0) -> 57 (0 1 3 0 1 0)
Hop 1: [38-62] 38 (0 1 0 3 0 0) -> 62 (0 1 3 3 0 0)
Hop 1: [117-21] 117 (1 1 2 2 1 0) -> 85 (1 0 2 2 1 0)
Hop 1: [75-76] 75 (1 0 1 1 1 0) -> 77 (1 0 1 2 1 0)
Hop 1: [10-42] 10 (0 0 1 1 0 0) -> 42 (0 1 1 1 0 0)
Hop 1: [83-84] 83 (1 0 2 1 1 0) -> 85 (1 0 2 2 1 0)
Hop 1: [57-58] 57 (0 1 3 0 1 0) -> 59 (0 1 3 1 1 0)
Hop 1: [7-39] 7 (0 0 0 3 1 0) -> 39 (0 1 0 3 1 0)
Hop 1: [86-87] 86 (1 0 2 3 0 0) -> 87 (1 0 2 3 1 0)
Hop 1: [65-89] 65 (1 0 0 0 1 0) -> 89 (1 0 3 0 1 0)
Hop 1: [8-40] 8 (0 0 1 0 0 0) -> 40 (0 1 1 0 0 0)
Hop 1: [123-91] 123 (1 1 3 1 1 0) -> 91 (1 0 3 1 1 0)
Hop 1: [48-56] 48 (0 1 2 0 0 0) -> 56 (0 1 3 0 0 0)
Hop 1: [84-85] 84 (1 0 2 2 0 0) -> 85 (1 0 2 2 1 0)
Hop 1: [45-53] 45 (0 1 1 2 1 0) -> 53 (0 1 2 2 1 0)
Hop 1: [93-92] 93 (1 0 3 2 1 0) -> 92 (1 0 3 2 0 0)
Hop 1: [99-67] 99 (1 1 0 1 1 0) -> 67 (1 0 0 1 1 0)
Hop 1: [108-12] 108 (1 1 1 2 0 0) -> 76 (1 0 1 2 0 0)
Hop 1: [34-58] 34 (0 1 0 1 0 0) -> 58 (0 1 3 1 0 0)
Hop 1: [113-17] 113 (1 1 2 0 1 0) -> 81 (1 0 2 0 1 0)
Hop 1: [51-59] 51 (0 1 2 1 1 0) -> 59 (0 1 3 1 1 0)
Hop 1: [53-61] 53 (0 1 2 2 1 0) -> 61 (0 1 3 2 1 0)
Hop 1: [15-7] 15 (0 0 1 3 1 0) -> 7 (0 0 0 3 1 0)
Hop 1: [118-22] 118 (1 1 2 3 0 0) -> 86 (1 0 2 3 0 0)
Hop 1: [98-97] 98 (1 1 0 1 0 0) -> 96 (1 1 0 0 0 0)
Hop 1: [77-78] 77 (1 0 1 2 1 0) -> 79 (1 0 1 3 1 0)
Hop 1: [35-59] 35 (0 1 0 1 1 0) -> 59 (0 1 3 1 1 0)
Hop 1: [115-19] 115 (1 1 2 1 1 0) -> 83 (1 0 2 1 1 0)
Hop 1: [25-26] 25 (0 0 3 0 1 0) -> 27 (0 0 3 1 1 0)
Hop 1: [54-62] 54 (0 1 2 3 0 0) -> 62 (0 1 3 3 0 0)
Hop 1: [13-45] 13 (0 0 1 2 1 0) -> 45 (0 1 1 2 1 0)
Hop 1: [85-86] 85 (1 0 2 2 1 0) -> 87 (1 0 2 3 1 0)
Hop 1: [66-90] 66 (1 0 0 1 0 0) -> 90 (1 0 3 1 0 0)
Hop 1: [79-78] 79 (1 0 1 3 1 0) -> 78 (1 0 1 3 0 0)
Hop 1: [40-72] 40 (0 1 1 0 0 0) -> 8 (0 0 1 0 0 0)
Hop 1: [81-82] 81 (1 0 2 0 1 0) -> 83 (1 0 2 1 1 0)
Hop 1: [26-27] 26 (0 0 3 1 0 0) -> 27 (0 0 3 1 1 0)
Hop 1: [63-62] 63 (0 1 3 3 1 0) -> 62 (0 1 3 3 0 0)
Hop 1: [6-5] 6 (0 0 0 3 0 0) -> 4 (0 0 0 2 0 0)
Hop 1: [92-91] 92 (1 0 3 2 0 0) -> 90 (1 0 3 1 0 0)
Hop 1: [3-4] 3 (0 0 0 1 1 0) -> 5 (0 0 0 2 1 0)
Hop 1: [70-78] 70 (1 0 0 3 0 0) -> 78 (1 0 1 3 0 0)
Hop 1: [42-50] 42 (0 1 1 1 0 0) -> 50 (0 1 2 1 0 0)
Hop 1: [121-89] 121 (1 1 3 0 1 0) -> 89 (1 0 3 0 1 0)
Hop 1: [59-60] 59 (0 1 3 1 1 0) -> 61 (0 1 3 2 1 0)
Hop 1: [55-63] 55 (0 1 2 3 1 0) -> 63 (0 1 3 3 1 0)
Hop 1: [12-4] 12 (0 0 1 2 0 0) -> 4 (0 0 0 2 0 0)
Hop 1: [126-30] 126 (1 1 3 3 0 0) -> 94 (1 0 3 3 0 0)
Hop 1: [106-74] 106 (1 1 1 1 0 0) -> 74 (1 0 1 1 0 0)
Hop 1: [103-71] 103 (1 1 0 3 1 0) -> 71 (1 0 0 3 1 0)
Hop 1: [9-41] 9 (0 0 1 0 1 0) -> 41 (0 1 1 0 1 0)
Hop 1: [27-3] 27 (0 0 3 1 1 0) -> 3 (0 0 0 1 1 0)
Hop 1: [24-31] 24 (0 0 3 0 0 0) -> 30 (0 0 3 3 0 0)
Hop 1: [31-63] 31 (0 0 3 3 1 0) -> 63 (0 1 3 3 1 0)
Hop 1: [39-7] 39 (0 1 0 3 1 0) -> 7 (0 0 0 3 1 0)
Hop 1: [95-88] 95 (1 0 3 3 1 0) -> 89 (1 0 3 0 1 0)
Hop 1: [73-74] 73 (1 0 1 0 1 0) -> 75 (1 0 1 1 1 0)
Hop 1: [111-15] 111 (1 1 1 3 1 0) -> 79 (1 0 1 3 1 0)
Hop 1: [1-9] 1 (0 0 0 0 1 0) -> 9 (0 0 1 0 1 0)
Hop 1: [89-88] 89 (1 0 3 0 1 0) -> 88 (1 0 3 0 0 0)
Hop 1: [58-59] 58 (0 1 3 1 0 0) -> 59 (0 1 3 1 1 0)
Hop 1: [23-31] 23 (0 0 2 3 1 0) -> 31 (0 0 3 3 1 0)
Hop 1: [47-55] 47 (0 1 1 3 1 0) -> 55 (0 1 2 3 1 0)
Hop 1: [29-5] 29 (0 0 3 2 1 0) -> 5 (0 0 0 2 1 0)
Hop 1: [97-96] 97 (1 1 0 0 1 0) -> 96 (1 1 0 0 0 0)
Hop 1: [101-5] 101 (1 1 0 2 1 0) -> 69 (1 0 0 2 1 0)
Hop 1: [2-34] 2 (0 0 0 1 0 0) -> 34 (0 1 0 1 0 0)
Hop 1: [80-87] 80 (1 0 2 0 0 0) -> 86 (1 0 2 3 0 0)
Hop 1: [50-58] 50 (0 1 2 1 0 0) -> 58 (0 1 3 1 0 0)
Hop 1: [21-29] 21 (0 0 2 2 1 0) -> 29 (0 0 3 2 1 0)
Hop 1: [14-46] 14 (0 0 1 3 0 0) -> 46 (0 1 1 3 0 0)
Hop 1: [87-86] 87 (1 0 2 3 1 0) -> 86 (1 0 2 3 0 0)
Hop 1: [107-75] 107 (1 1 1 1 1 0) -> 75 (1 0 1 1 1 0)
Hop 1: [5-4] 5 (0 0 0 2 1 0) -> 4 (0 0 0 2 0 0)
Hop 1: [74-75] 74 (1 0 1 1 0 0) -> 75 (1 0 1 1 1 0)
Hop 1: [91-90] 91 (1 0 3 1 1 0) -> 90 (1 0 3 1 0 0)
Hop 1: [56-63] 56 (0 1 3 0 0 0) -> 62 (0 1 3 3 0 0)
Hop 1: [52-60] 52 (0 1 2 2 0 0) -> 60 (0 1 3 2 0 0)
Hop 1: [46-54] 46 (0 1 1 3 0 0) -> 54 (0 1 2 3 0 0)
Hop 1: [119-23] 119 (1 1 2 3 1 0) -> 87 (1 0 2 3 1 0)
Hop 1: [64-88] 64 (1 0 0 0 0 0) -> 88 (1 0 3 0 0 0)
Hop 1: [71-79] 71 (1 0 0 3 1 0) -> 79 (1 0 1 3 1 0)
Hop 1: [11-3] 11 (0 0 1 1 1 0) -> 3 (0 0 0 1 1 0)
Hop 1: [112-16] 112 (1 1 2 0 0 0) -> 80 (1 0 2 0 0 0)
Hop 1: [16-48] 16 (0 0 2 0 0 0) -> 48 (0 1 2 0 0 0)
Hop 1: [20-28] 20 (0 0 2 2 0 0) -> 28 (0 0 3 2 0 0)
Hop 1: [36-60] 36 (0 1 0 2 0 0) -> 60 (0 1 3 2 0 0)
Hop 1: [94-93] 94 (1 0 3 3 0 0) -> 92 (1 0 3 2 0 0)
Hop 1: [72-79] 72 (1 0 1 0 0 0) -> 78 (1 0 1 3 0 0)
Hop 1: [109-13] 109 (1 1 1 2 1 0) -> 77 (1 0 1 2 1 0)
Hop 1: [32-56] 32 (0 1 0 0 0 0) -> 56 (0 1 3 0 0 0)
Hop 1: [120-88] 120 (1 1 3 0 0 0) -> 88 (1 0 3 0 0 0)
Hop 1: [62-63] 62 (0 1 3 3 0 0) -> 63 (0 1 3 3 1 0)
Hop 1: [44-52] 44 (0 1 1 2 0 0) -> 52 (0 1 2 2 0 0)
Hop 1: [125-29] 125 (1 1 3 2 1 0) -> 93 (1 0 3 2 1 0)
Hop 1: [100-68] 100 (1 1 0 2 0 0) -> 68 (1 0 0 2 0 0)
Hop 1: [0-8] 0 (0 0 0 0 0 0) -> 8 (0 0 1 0 0 0)
Hop 1: [88-89] 88 (1 0 3 0 0 0) -> 89 (1 0 3 0 1 0)
Hop 1: [61-62] 61 (0 1 3 2 1 0) -> 63 (0 1 3 3 1 0)
Hop 1: [4-36] 4 (0 0 0 2 0 0) -> 36 (0 1 0 2 0 0)
Hop 1: [124-28] 124 (1 1 3 2 0 0) -> 92 (1 0 3 2 0 0)
Hop 2: [104-8] 72 (1 0 1 0 0 0) -> 8 (0 0 1 0 0 0)
Hop 1: [69-77] 69 (1 0 0 2 1 0) -> 77 (1 0 1 2 1 0)
Hop 2: [41-73] 9 (0 0 1 0 1 0) -> 73 (1 0 1 0 1 0)
Hop 1: [122-90] 122 (1 1 3 1 0 0) -> 90 (1 0 3 1 0 0)
Hop 1: [60-61] 60 (0 1 3 2 0 0) -> 61 (0 1 3 2 1 0)
Hop 1: [116-20] 116 (1 1 2 2 0 0) -> 84 (1 0 2 2 0 0)
Hop 2: [105-9] 73 (1 0 1 0 1 0) -> 9 (0 0 1 0 1 0)
Hop 1: [68-76] 68 (1 0 0 2 0 0) -> 76 (1 0 1 2 0 0)
Hop 1: [90-89] 90 (1 0 3 1 0 0) -> 88 (1 0 3 0 0 0)
Hop 1: [30-6] 30 (0 0 3 3 0 0) -> 6 (0 0 0 3 0 0)
Hop 1: [127-31] 127 (1 1 3 3 1 0) -> 95 (1 0 3 3 1 0)
Hop 1: [110-14] 110 (1 1 1 3 0 0) -> 78 (1 0 1 3 0 0)
Hop 2: [114-18] 82 (1 0 2 1 0 0) -> 18 (0 0 2 1 0 0)
Hop 1: [28-4] 28 (0 0 3 2 0 0) -> 4 (0 0 0 2 0 0)
Hop 2: [117-21] 85 (1 0 2 2 1 0) -> 21 (0 0 2 2 1 0)
Hop 2: [75-76] 77 (1 0 1 2 1 0) -> 76 (1 0 1 2 0 0)
Hop 1: [102-6] 102 (1 1 0 3 0 0) -> 70 (1 0 0 3 0 0)
Hop 2: [83-84] 85 (1 0 2 2 1 0) -> 84 (1 0 2 2 0 0)
Hop 2: [57-58] 59 (0 1 3 1 1 0) -> 58 (0 1 3 1 0 0)
Hop 1: [22-30] 22 (0 0 2 3 0 0) -> 30 (0 0 3 3 0 0)
Hop 1: [78-79] 78 (1 0 1 3 0 0) -> 79 (1 0 1 3 1 0)
Hop 2: [108-12] 76 (1 0 1 2 0 0) -> 12 (0 0 1 2 0 0)
Hop 2: [113-17] 81 (1 0 2 0 1 0) -> 17 (0 0 2 0 1 0)
Hop 2: [118-22] 86 (1 0 2 3 0 0) -> 22 (0 0 2 3 0 0)
Hop 2: [98-97] 96 (1 1 0 0 0 0) -> 97 (1 1 0 0 1 0)
Hop 2: [77-78] 79 (1 0 1 3 1 0) -> 78 (1 0 1 3 0 0)
Hop 2: [115-19] 83 (1 0 2 1 1 0) -> 19 (0 0 2 1 1 0)
Hop 2: [25-26] 27 (0 0 3 1 1 0) -> 26 (0 0 3 1 0 0)
Hop 2: [85-86] 87 (1 0 2 3 1 0) -> 86 (1 0 2 3 0 0)
Hop 2: [40-72] 8 (0 0 1 0 0 0) -> 72 (1 0 1 0 0 0)
Hop 2: [81-82] 83 (1 0 2 1 1 0) -> 82 (1 0 2 1 0 0)
Hop 2: [6-5] 4 (0 0 0 2 0 0) -> 5 (0 0 0 2 1 0)
Hop 2: [92-91] 90 (1 0 3 1 0 0) -> 91 (1 0 3 1 1 0)
Hop 2: [3-4] 5 (0 0 0 2 1 0) -> 4 (0 0 0 2 0 0)
Hop 2: [59-60] 61 (0 1 3 2 1 0) -> 60 (0 1 3 2 0 0)
Hop 2: [126-30] 94 (1 0 3 3 0 0) -> 30 (0 0 3 3 0 0)
Hop 2: [24-31] 30 (0 0 3 3 0 0) -> 31 (0 0 3 3 1 0)
Hop 2: [95-88] 89 (1 0 3 0 1 0) -> 88 (1 0 3 0 0 0)
Hop 2: [73-74] 75 (1 0 1 1 1 0) -> 74 (1 0 1 1 0 0)
Hop 2: [111-15] 79 (1 0 1 3 1 0) -> 15 (0 0 1 3 1 0)
Hop 2: [101-5] 69 (1 0 0 2 1 0) -> 5 (0 0 0 2 1 0)
Hop 2: [80-87] 86 (1 0 2 3 0 0) -> 87 (1 0 2 3 1 0)
Hop 2: [56-63] 62 (0 1 3 3 0 0) -> 63 (0 1 3 3 1 0)
Hop 2: [119-23] 87 (1 0 2 3 1 0) -> 23 (0 0 2 3 1 0)
Hop 2: [112-16] 80 (1 0 2 0 0 0) -> 16 (0 0 2 0 0 0)
Hop 2: [94-93] 92 (1 0 3 2 0 0) -> 93 (1 0 3 2 1 0)
Hop 2: [72-79] 78 (1 0 1 3 0 0) -> 79 (1 0 1 3 1 0)
Hop 2: [109-13] 77 (1 0 1 2 1 0) -> 13 (0 0 1 2 1 0)
Hop 2: [125-29] 93 (1 0 3 2 1 0) -> 29 (0 0 3 2 1 0)
Hop 2: [61-62] 63 (0 1 3 3 1 0) -> 62 (0 1 3 3 0 0)
Hop 2: [124-28] 92 (1 0 3 2 0 0) -> 28 (0 0 3 2 0 0)
Hop 2: [116-20] 84 (1 0 2 2 0 0) -> 20 (0 0 2 2 0 0)
Hop 2: [90-89] 88 (1 0 3 0 0 0) -> 89 (1 0 3 0 1 0)
Hop 2: [127-31] 95 (1 0 3 3 1 0) -> 31 (0 0 3 3 1 0)
Hop 2: [110-14] 78 (1 0 1 3 0 0) -> 14 (0 0 1 3 0 0)
Hop 2: [102-6] 70 (1 0 0 3 0 0) -> 6 (0 0 0 3 0 0)
Hop 1: [41-9] 41 (0 1 1 0 1 0) -> 9 (0 0 1 0 1 0)
Hop 1: [46-78] 46 (0 1 1 3 0 0) -> 14 (0 0 1 3 0 0)
Hop 1: [40-8] 40 (0 1 1 0 0 0) -> 8 (0 0 1 0 0 0)
Hop 1: [13-5] 13 (0 0 1 2 1 0) -> 5 (0 0 0 2 1 0)
Hop 1: [10-9] 10 (0 0 1 1 0 0) -> 8 (0 0 1 0 0 0)
Hop 1: [36-68] 36 (0 1 0 2 0 0) -> 4 (0 0 0 2 0 0)
Hop 1: [16-8] 16 (0 0 2 0 0 0) -> 8 (0 0 1 0 0 0)
Hop 1: [11-43] 11 (0 0 1 1 1 0) -> 43 (0 1 1 1 1 0)
Hop 1: [75-83] 75 (1 0 1 1 1 0) -> 83 (1 0 2 1 1 0)
Hop 1: [76-84] 76 (1 0 1 2 0 0) -> 84 (1 0 2 2 0 0)
Hop 1: [17-9] 17 (0 0 2 0 1 0) -> 9 (0 0 1 0 1 0)
Hop 1: [8-9] 8 (0 0 1 0 0 0) -> 9 (0 0 1 0 1 0)
Hop 1: [107-99] 107 (1 1 1 1 1 0) -> 99 (1 1 0 1 1 0)
Hop 1: [45-77] 45 (0 1 1 2 1 0) -> 13 (0 0 1 2 1 0)
Hop 1: [25-57] 25 (0 0 3 0 1 0) -> 57 (0 1 3 0 1 0)
Hop 1: [9-8] 9 (0 0 1 0 1 0) -> 8 (0 0 1 0 0 0)
Hop 1: [96-97] 96 (1 1 0 0 0 0) -> 97 (1 1 0 0 1 0)
Hop 1: [37-69] 37 (0 1 0 2 1 0) -> 5 (0 0 0 2 1 0)
Hop 1: [50-82] 50 (0 1 2 1 0 0) -> 18 (0 0 2 1 0 0)
Hop 1: [42-74] 42 (0 1 1 1 0 0) -> 10 (0 0 1 1 0 0)
Hop 1: [3-99] 3 (0 0 0 1 1 0) -> 35 (0 1 0 1 1 0)
Hop 1: [6-7] 6 (0 0 0 3 0 0) -> 7 (0 0 0 3 1 0)
Hop 1: [97-98] 97 (1 1 0 0 1 0) -> 99 (1 1 0 1 1 0)
Hop 1: [111-79] 111 (1 1 1 3 1 0) -> 79 (1 0 1 3 1 0)
Hop 1: [1-97] 1 (0 0 0 0 1 0) -> 33 (0 1 0 0 1 0)
Hop 1: [19-51] 19 (0 0 2 1 1 0) -> 51 (0 1 2 1 1 0)
Hop 1: [84-92] 84 (1 0 2 2 0 0) -> 92 (1 0 3 2 0 0)
Hop 1: [7-6] 7 (0 0 0 3 1 0) -> 6 (0 0 0 3 0 0)
Hop 1: [99-98] 99 (1 1 0 1 1 0) -> 98 (1 1 0 1 0 0)
Hop 1: [69-93] 69 (1 0 0 2 1 0) -> 93 (1 0 3 2 1 0)
Hop 1: [34-66] 34 (0 1 0 1 0 0) -> 2 (0 0 0 1 0 0)
Hop 1: [57-89] 57 (0 1 3 0 1 0) -> 25 (0 0 3 0 1 0)
Hop 1: [22-54] 22 (0 0 2 3 0 0) -> 54 (0 1 2 3 0 0)
Hop 1: [15-8] 15 (0 0 1 3 1 0) -> 9 (0 0 1 0 1 0)
Hop 1: [67-99] 67 (1 0 0 1 1 0) -> 99 (1 1 0 1 1 0)
Hop 1: [78-86] 78 (1 0 1 3 0 0) -> 86 (1 0 2 3 0 0)
Hop 1: [43-75] 43 (0 1 1 1 1 0) -> 11 (0 0 1 1 1 0)
Hop 1: [26-58] 26 (0 0 3 1 0 0) -> 58 (0 1 3 1 0 0)
Hop 1: [31-7] 31 (0 0 3 3 1 0) -> 7 (0 0 0 3 1 0)
Hop 1: [12-44] 12 (0 0 1 2 0 0) -> 44 (0 1 1 2 0 0)
Hop 1: [105-97] 105 (1 1 1 0 1 0) -> 97 (1 1 0 0 1 0)
Hop 1: [79-87] 79 (1 0 1 3 1 0) -> 87 (1 0 2 3 1 0)
Hop 1: [35-67] 35 (0 1 0 1 1 0) -> 3 (0 0 0 1 1 0)
Hop 1: [48-80] 48 (0 1 2 0 0 0) -> 16 (0 0 2 0 0 0)
Hop 1: [30-62] 30 (0 0 3 3 0 0) -> 62 (0 1 3 3 0 0)
Hop 1: [47-79] 47 (0 1 1 3 1 0) -> 15 (0 0 1 3 1 0)
Hop 1: [127-95] 127 (1 1 3 3 1 0) -> 95 (1 0 3 3 1 0)
Hop 1: [65-97] 65 (1 0 0 0 1 0) -> 97 (1 1 0 0 1 0)
Hop 1: [109-77] 109 (1 1 1 2 1 0) -> 77 (1 0 1 2 1 0)
Hop 1: [33-65] 33 (0 1 0 0 1 0) -> 1 (0 0 0 0 1 0)
Hop 1: [90-91] 90 (1 0 3 1 0 0) -> 91 (1 0 3 1 1 0)
Hop 1: [49-81] 49 (0 1 2 0 1 0) -> 17 (0 0 2 0 1 0)
Hop 1: [55-87] 55 (0 1 2 3 1 0) -> 23 (0 0 2 3 1 0)
Hop 1: [14-6] 14 (0 0 1 3 0 0) -> 6 (0 0 0 3 0 0)
Hop 1: [29-61] 29 (0 0 3 2 1 0) -> 61 (0 1 3 2 1 0)
Hop 1: [104-96] 104 (1 1 1 0 0 0) -> 96 (1 1 0 0 0 0)
Hop 1: [100-99] 100 (1 1 0 2 0 0) -> 98 (1 1 0 1 0 0)
Hop 1: [74-82] 74 (1 0 1 1 0 0) -> 82 (1 0 2 1 0 0)
Hop 1: [114-82] 114 (1 1 2 1 0 0) -> 82 (1 0 2 1 0 0)
Hop 1: [82-90] 82 (1 0 2 1 0 0) -> 90 (1 0 3 1 0 0)
Hop 1: [28-60] 28 (0 0 3 2 0 0) -> 60 (0 1 3 2 0 0)
Hop 1: [38-70] 38 (0 1 0 3 0 0) -> 6 (0 0 0 3 0 0)
Hop 1: [85-93] 85 (1 0 2 2 1 0) -> 93 (1 0 3 2 1 0)
Hop 1: [98-99] 98 (1 1 0 1 0 0) -> 99 (1 1 0 1 1 0)
Hop 1: [77-85] 77 (1 0 1 2 1 0) -> 85 (1 0 2 2 1 0)
Hop 1: [2-98] 2 (0 0 0 1 0 0) -> 34 (0 1 0 1 0 0)
Hop 1: [27-59] 27 (0 0 3 1 1 0) -> 59 (0 1 3 1 1 0)
Hop 1: [51-83] 51 (0 1 2 1 1 0) -> 19 (0 0 2 1 1 0)
Hop 1: [62-94] 62 (0 1 3 3 0 0) -> 30 (0 0 3 3 0 0)
Hop 1: [4-5] 4 (0 0 0 2 0 0) -> 5 (0 0 0 2 1 0)
Hop 1: [95-94] 95 (1 0 3 3 1 0) -> 94 (1 0 3 3 0 0)
Hop 1: [66-98] 66 (1 0 0 1 0 0) -> 98 (1 1 0 1 0 0)
Hop 1: [71-95] 71 (1 0 0 3 1 0) -> 95 (1 0 3 3 1 0)
Hop 1: [0-96] 0 (0 0 0 0 0 0) -> 32 (0 1 0 0 0 0)
Hop 1: [83-91] 83 (1 0 2 1 1 0) -> 91 (1 0 3 1 1 0)
Hop 1: [59-91] 59 (0 1 3 1 1 0) -> 27 (0 0 3 1 1 0)
Hop 1: [23-55] 23 (0 0 2 3 1 0) -> 55 (0 1 2 3 1 0)
Hop 1: [39-71] 39 (0 1 0 3 1 0) -> 7 (0 0 0 3 1 0)
Hop 1: [117-85] 117 (1 1 2 2 1 0) -> 85 (1 0 2 2 1 0)
Hop 1: [64-96] 64 (1 0 0 0 0 0) -> 96 (1 1 0 0 0 0)
Hop 1: [5-6] 5 (0 0 0 2 1 0) -> 7 (0 0 0 3 1 0)
Hop 1: [32-64] 32 (0 1 0 0 0 0) -> 0 (0 0 0 0 0 0)
Hop 1: [113-81] 113 (1 1 2 0 1 0) -> 81 (1 0 2 0 1 0)
Hop 1: [18-50] 18 (0 0 2 1 0 0) -> 50 (0 1 2 1 0 0)
Hop 1: [53-85] 53 (0 1 2 2 1 0) -> 21 (0 0 2 2 1 0)
Hop 1: [44-76] 44 (0 1 1 2 0 0) -> 12 (0 0 1 2 0 0)
Hop 1: [87-95] 87 (1 0 2 3 1 0) -> 95 (1 0 3 3 1 0)
Hop 1: [73-81] 73 (1 0 1 0 1 0) -> 81 (1 0 2 0 1 0)
Hop 1: [70-94] 70 (1 0 0 3 0 0) -> 94 (1 0 3 3 0 0)
Hop 1: [122-98] 122 (1 1 3 1 0 0) -> 98 (1 1 0 1 0 0)
Hop 1: [56-88] 56 (0 1 3 0 0 0) -> 24 (0 0 3 0 0 0)
Hop 1: [21-53] 21 (0 0 2 2 1 0) -> 53 (0 1 2 2 1 0)
Hop 2: [46-78] 14 (0 0 1 3 0 0) -> 78 (1 0 1 3 0 0)
Hop 1: [119-87] 119 (1 1 2 3 1 0) -> 87 (1 0 2 3 1 0)
Hop 1: [106-98] 106 (1 1 1 1 0 0) -> 98 (1 1 0 1 0 0)
Hop 1: [108-76] 108 (1 1 1 2 0 0) -> 76 (1 0 1 2 0 0)
Hop 1: [81-89] 81 (1 0 2 0 1 0) -> 89 (1 0 3 0 1 0)
Hop 1: [58-90] 58 (0 1 3 1 0 0) -> 26 (0 0 3 1 0 0)
Hop 1: [63-95] 63 (0 1 3 3 1 0) -> 31 (0 0 3 3 1 0)
Hop 1: [94-95] 94 (1 0 3 3 0 0) -> 95 (1 0 3 3 1 0)
Hop 1: [72-80] 72 (1 0 1 0 0 0) -> 80 (1 0 2 0 0 0)
Hop 1: [110-78] 110 (1 1 1 3 0 0) -> 78 (1 0 1 3 0 0)
Hop 2: [10-9] 8 (0 0 1 0 0 0) -> 9 (0 0 1 0 1 0)
Hop 1: [91-92] 91 (1 0 3 1 1 0) -> 93 (1 0 3 2 1 0)
Hop 1: [24-56] 24 (0 0 3 0 0 0) -> 56 (0 1 3 0 0 0)
Hop 1: [61-93] 61 (0 1 3 2 1 0) -> 29 (0 0 3 2 1 0)
Hop 2: [36-68] 4 (0 0 0 2 0 0) -> 68 (1 0 0 2 0 0)
Hop 1: [118-86] 118 (1 1 2 3 0 0) -> 86 (1 0 2 3 0 0)
Hop 1: [68-92] 68 (1 0 0 2 0 0) -> 92 (1 0 3 2 0 0)
Hop 1: [120-96] 120 (1 1 3 0 0 0) -> 96 (1 1 0 0 0 0)
Hop 1: [54-86] 54 (0 1 2 3 0 0) -> 22 (0 0 2 3 0 0)
Hop 1: [92-93] 92 (1 0 3 2 0 0) -> 93 (1 0 3 2 1 0)
Hop 1: [103-96] 103 (1 1 0 3 1 0) -> 97 (1 1 0 0 1 0)
Hop 1: [89-90] 89 (1 0 3 0 1 0) -> 91 (1 0 3 1 1 0)
Hop 1: [20-52] 20 (0 0 2 2 0 0) -> 52 (0 1 2 2 0 0)
Hop 2: [45-77] 13 (0 0 1 2 1 0) -> 77 (1 0 1 2 1 0)
Hop 1: [93-94] 93 (1 0 3 2 1 0) -> 95 (1 0 3 3 1 0)
Hop 1: [101-69] 101 (1 1 0 2 1 0) -> 69 (1 0 0 2 1 0)
Hop 1: [123-99] 123 (1 1 3 1 1 0) -> 99 (1 1 0 1 1 0)
Hop 1: [60-92] 60 (0 1 3 2 0 0) -> 28 (0 0 3 2 0 0)
Hop 2: [37-69] 5 (0 0 0 2 1 0) -> 69 (1 0 0 2 1 0)
Hop 1: [125-93] 125 (1 1 3 2 1 0) -> 93 (1 0 3 2 1 0)
Hop 2: [50-82] 18 (0 0 2 1 0 0) -> 82 (1 0 2 1 0 0)
Hop 1: [102-70] 102 (1 1 0 3 0 0) -> 70 (1 0 0 3 0 0)
Hop 2: [42-74] 10 (0 0 1 1 0 0) -> 74 (1 0 1 1 0 0)
Hop 1: [121-97] 121 (1 1 3 0 1 0) -> 97 (1 1 0 0 1 0)
Hop 2: [3-99] 35 (0 1 0 1 1 0) -> 99 (1 1 0 1 1 0)
Hop 1: [52-84] 52 (0 1 2 2 0 0) -> 20 (0 0 2 2 0 0)
Hop 1: [124-92] 124 (1 1 3 2 0 0) -> 92 (1 0 3 2 0 0)
Hop 2: [97-98] 99 (1 1 0 1 1 0) -> 98 (1 1 0 1 0 0)
Hop 2: [1-97] 33 (0 1 0 0 1 0) -> 97 (1 1 0 0 1 0)
Hop 1: [115-83] 115 (1 1 2 1 1 0) -> 83 (1 0 2 1 1 0)
Hop 1: [86-94] 86 (1 0 2 3 0 0) -> 94 (1 0 3 3 0 0)
Hop 2: [34-66] 2 (0 0 0 1 0 0) -> 66 (1 0 0 1 0 0)
Hop 1: [80-88] 80 (1 0 2 0 0 0) -> 88 (1 0 3 0 0 0)
Hop 2: [57-89] 25 (0 0 3 0 1 0) -> 89 (1 0 3 0 1 0)
Hop 2: [15-8] 9 (0 0 1 0 1 0) -> 8 (0 0 1 0 0 0)
Hop 1: [126-94] 126 (1 1 3 3 0 0) -> 94 (1 0 3 3 0 0)
Hop 2: [43-75] 11 (0 0 1 1 1 0) -> 75 (1 0 1 1 1 0)
Hop 1: [112-80] 112 (1 1 2 0 0 0) -> 80 (1 0 2 0 0 0)
Hop 1: [116-84] 116 (1 1 2 2 0 0) -> 84 (1 0 2 2 0 0)
Hop 2: [35-67] 3 (0 0 0 1 1 0) -> 67 (1 0 0 1 1 0)
Hop 1: [88-95] 88 (1 0 3 0 0 0) -> 94 (1 0 3 3 0 0)
Hop 2: [48-80] 16 (0 0 2 0 0 0) -> 80 (1 0 2 0 0 0)
Hop 2: [47-79] 15 (0 0 1 3 1 0) -> 79 (1 0 1 3 1 0)
Hop 2: [33-65] 1 (0 0 0 0 1 0) -> 65 (1 0 0 0 1 0)
Hop 2: [49-81] 17 (0 0 2 0 1 0) -> 81 (1 0 2 0 1 0)
Hop 2: [55-87] 23 (0 0 2 3 1 0) -> 87 (1 0 2 3 1 0)
Hop 2: [100-99] 98 (1 1 0 1 0 0) -> 99 (1 1 0 1 1 0)
Hop 2: [38-70] 6 (0 0 0 3 0 0) -> 70 (1 0 0 3 0 0)
Hop 2: [2-98] 34 (0 1 0 1 0 0) -> 98 (1 1 0 1 0 0)
Hop 2: [51-83] 19 (0 0 2 1 1 0) -> 83 (1 0 2 1 1 0)
Hop 2: [62-94] 30 (0 0 3 3 0 0) -> 94 (1 0 3 3 0 0)
Hop 2: [0-96] 32 (0 1 0 0 0 0) -> 96 (1 1 0 0 0 0)
Hop 2: [59-91] 27 (0 0 3 1 1 0) -> 91 (1 0 3 1 1 0)
Hop 2: [39-71] 7 (0 0 0 3 1 0) -> 71 (1 0 0 3 1 0)
Hop 2: [5-6] 7 (0 0 0 3 1 0) -> 6 (0 0 0 3 0 0)
Hop 2: [32-64] 0 (0 0 0 0 0 0) -> 64 (1 0 0 0 0 0)
Hop 2: [53-85] 21 (0 0 2 2 1 0) -> 85 (1 0 2 2 1 0)
Hop 2: [44-76] 12 (0 0 1 2 0 0) -> 76 (1 0 1 2 0 0)
Hop 2: [56-88] 24 (0 0 3 0 0 0) -> 88 (1 0 3 0 0 0)
Hop 2: [58-90] 26 (0 0 3 1 0 0) -> 90 (1 0 3 1 0 0)
Hop 2: [63-95] 31 (0 0 3 3 1 0) -> 95 (1 0 3 3 1 0)
Hop 2: [91-92] 93 (1 0 3 2 1 0) -> 92 (1 0 3 2 0 0)
Hop 2: [61-93] 29 (0 0 3 2 1 0) -> 93 (1 0 3 2 1 0)
Hop 2: [54-86] 22 (0 0 2 3 0 0) -> 86 (1 0 2 3 0 0)
Hop 2: [103-96] 97 (1 1 0 0 1 0) -> 96 (1 1 0 0 0 0)
Hop 2: [89-90] 91 (1 0 3 1 1 0) -> 90 (1 0 3 1 0 0)
Hop 2: [93-94] 95 (1 0 3 3 1 0) -> 94 (1 0 3 3 0 0)
Hop 2: [60-92] 28 (0 0 3 2 0 0) -> 92 (1 0 3 2 0 0)
Hop 2: [52-84] 20 (0 0 2 2 0 0) -> 84 (1 0 2 2 0 0)
Hop 2: [88-95] 94 (1 0 3 3 0 0) -> 95 (1 0 3 3 1 0)
