Hop 1: [3594-3498] 3594 (6 5 2 2 0) -> 3626 (6 5 10 2 0)
Hop 2: [3594-3498] 3626 (6 5 10 2 0) -> 3498 (6 3 10 2 0)
Hop 1: [3530-3498] 3530 (6 4 2 2 0) -> 3562 (6 4 10 2 0)
Hop 2: [3530-3498] 3562 (6 4 10 2 0) -> 3498 (6 3 10 2 0)
Hop 1: [3618-3610] 3618 (6 5 8 2 0) -> 3610 (6 5 6 2 0)
Hop 1: [3601-3602] 3601 (6 5 4 1 0) -> 3602 (6 5 4 2 0)
Hop 1: [3549-3517] 3549 (6 4 7 1 0) -> 3581 (6 4 15 1 0)
Hop 2: [3549-3517] 3581 (6 4 15 1 0) -> 3517 (6 3 15 1 0)
Hop 1: [3512-3608] 3512 (6 3 14 0 0) -> 3480 (6 3 6 0 0)
Hop 2: [3512-3608] 3480 (6 3 6 0 0) -> 3608 (6 5 6 0 0)
Hop 1: [3500-3508] 3500 (6 3 11 0 0) -> 3508 (6 3 13 0 0)
Hop 1: [3502-3598] 3502 (6 3 11 2 0) -> 3470 (6 3 3 2 0)
Hop 2: [3502-3598] 3470 (6 3 3 2 0) -> 3598 (6 5 3 2 0)
Hop 1: [3539-3507] 3539 (6 4 4 3 0) -> 3571 (6 4 12 3 0)
Hop 2: [3539-3507] 3571 (6 4 12 3 0) -> 3507 (6 3 12 3 0)
Hop 1: [3558-3526] 3558 (6 4 9 2 0) -> 3526 (6 4 1 2 0)
Hop 1: [3563-3531] 3563 (6 4 10 3 0) -> 3531 (6 4 2 3 0)
Hop 1: [3586-3618] 3586 (6 5 0 2 0) -> 3618 (6 5 8 2 0)
Hop 1: [3619-3611] 3619 (6 5 8 3 0) -> 3611 (6 5 6 3 0)
Hop 1: [3608-3600] 3608 (6 5 6 0 0) -> 3600 (6 5 4 0 0)
Hop 1: [3590-3622] 3590 (6 5 1 2 0) -> 3622 (6 5 9 2 0)
Hop 1: [3580-3612] 3580 (6 4 15 0 0) -> 3548 (6 4 7 0 0)
Hop 2: [3580-3612] 3548 (6 4 7 0 0) -> 3612 (6 5 7 0 0)
Hop 1: [3547-3515] 3547 (6 4 6 3 0) -> 3579 (6 4 14 3 0)
Hop 2: [3547-3515] 3579 (6 4 14 3 0) -> 3515 (6 3 14 3 0)
Hop 1: [3529-3497] 3529 (6 4 2 1 0) -> 3561 (6 4 10 1 0)
Hop 2: [3529-3497] 3561 (6 4 10 1 0) -> 3497 (6 3 10 1 0)
Hop 1: [3523-3619] 3523 (6 4 0 3 0) -> 3555 (6 4 8 3 0)
Hop 2: [3523-3619] 3555 (6 4 8 3 0) -> 3619 (6 5 8 3 0)
Hop 1: [3501-3597] 3501 (6 3 11 1 0) -> 3469 (6 3 3 1 0)
Hop 2: [3501-3597] 3469 (6 3 3 1 0) -> 3597 (6 5 3 1 0)
Hop 1: [3538-3530] 3538 (6 4 4 2 0) -> 3530 (6 4 2 2 0)
Hop 1: [3569-3601] 3569 (6 4 12 1 0) -> 3537 (6 4 4 1 0)
Hop 2: [3569-3601] 3537 (6 4 4 1 0) -> 3601 (6 5 4 1 0)
Hop 1: [3574-3606] 3574 (6 4 13 2 0) -> 3542 (6 4 5 2 0)
Hop 2: [3574-3606] 3542 (6 4 5 2 0) -> 3606 (6 5 5 2 0)
Hop 1: [3595-3603] 3595 (6 5 2 3 0) -> 3603 (6 5 4 3 0)
Hop 1: [3600-3599] 3600 (6 5 4 0 0) -> 3603 (6 5 4 3 0)
Hop 2: [3600-3599] 3603 (6 5 4 3 0) -> 3599 (6 5 3 3 0)
Hop 1: [3624-3600] 3624 (6 5 10 0 0) -> 3600 (6 5 4 0 0)
Hop 1: [3616-3608] 3616 (6 5 8 0 0) -> 3608 (6 5 6 0 0)
Hop 1: [3602-3601] 3602 (6 5 4 2 0) -> 3601 (6 5 4 1 0)
Hop 1: [3588-3620] 3588 (6 5 1 0 0) -> 3620 (6 5 9 0 0)
Hop 1: [3585-3617] 3585 (6 5 0 1 0) -> 3617 (6 5 8 1 0)
Hop 1: [3566-3598] 3566 (6 4 11 2 0) -> 3534 (6 4 3 2 0)
Hop 2: [3566-3598] 3534 (6 4 3 2 0) -> 3598 (6 5 3 2 0)
Hop 1: [3562-3530] 3562 (6 4 10 2 0) -> 3530 (6 4 2 2 0)
Hop 1: [3530-3529] 3530 (6 4 2 2 0) -> 3529 (6 4 2 1 0)
Hop 1: [3518-3614] 3518 (6 3 15 2 0) -> 3486 (6 3 7 2 0)
Hop 2: [3518-3614] 3486 (6 3 7 2 0) -> 3614 (6 5 7 2 0)
Hop 1: [3514-3610] 3514 (6 3 14 2 0) -> 3482 (6 3 6 2 0)
Hop 2: [3514-3610] 3482 (6 3 6 2 0) -> 3610 (6 5 6 2 0)
Hop 1: [3513-3609] 3513 (6 3 14 1 0) -> 3481 (6 3 6 1 0)
Hop 2: [3513-3609] 3481 (6 3 6 1 0) -> 3609 (6 5 6 1 0)
Hop 1: [3506-3498] 3506 (6 3 12 2 0) -> 3498 (6 3 10 2 0)
Hop 1: [3503-3599] 3503 (6 3 11 3 0) -> 3471 (6 3 3 3 0)
Hop 2: [3503-3599] 3471 (6 3 3 3 0) -> 3599 (6 5 3 3 0)
Hop 1: [3508-3507] 3508 (6 3 13 0 0) -> 3511 (6 3 13 3 0)
Hop 2: [3508-3507] 3511 (6 3 13 3 0) -> 3507 (6 3 12 3 0)
Hop 1: [3517-3613] 3517 (6 3 15 1 0) -> 3485 (6 3 7 1 0)
Hop 2: [3517-3613] 3485 (6 3 7 1 0) -> 3613 (6 5 7 1 0)
Hop 1: [3521-3497] 3521 (6 4 0 1 0) -> 3561 (6 4 10 1 0)
Hop 2: [3521-3497] 3561 (6 4 10 1 0) -> 3497 (6 3 10 1 0)
Hop 1: [3524-3620] 3524 (6 4 1 0 0) -> 3556 (6 4 9 0 0)
Hop 2: [3524-3620] 3556 (6 4 9 0 0) -> 3620 (6 5 9 0 0)
Hop 1: [3526-3622] 3526 (6 4 1 2 0) -> 3558 (6 4 9 2 0)
Hop 2: [3526-3622] 3558 (6 4 9 2 0) -> 3622 (6 5 9 2 0)
Hop 1: [3536-3529] 3536 (6 4 4 0 0) -> 3537 (6 4 4 1 0)
Hop 2: [3536-3529] 3537 (6 4 4 1 0) -> 3529 (6 4 2 1 0)
Hop 1: [3548-3516] 3548 (6 4 7 0 0) -> 3580 (6 4 15 0 0)
Hop 2: [3548-3516] 3580 (6 4 15 0 0) -> 3516 (6 3 15 0 0)
Hop 1: [3556-3524] 3556 (6 4 9 0 0) -> 3524 (6 4 1 0 0)
Hop 1: [3591-3623] 3591 (6 5 1 3 0) -> 3623 (6 5 9 3 0)
Hop 1: [3620-3612] 3620 (6 5 9 0 0) -> 3612 (6 5 7 0 0)
Hop 1: [3604-3603] 3604 (6 5 5 0 0) -> 3607 (6 5 5 3 0)
Hop 2: [3604-3603] 3607 (6 5 5 3 0) -> 3603 (6 5 4 3 0)
Hop 1: [3601-3608] 3601 (6 5 4 1 0) -> 3600 (6 5 4 0 0)
Hop 1: [3594-3602] 3594 (6 5 2 2 0) -> 3602 (6 5 4 2 0)
Hop 1: [3583-3615] 3583 (6 4 15 3 0) -> 3551 (6 4 7 3 0)
Hop 2: [3583-3615] 3551 (6 4 7 3 0) -> 3615 (6 5 7 3 0)
Hop 1: [3573-3605] 3573 (6 4 13 1 0) -> 3541 (6 4 5 1 0)
Hop 2: [3573-3605] 3541 (6 4 5 1 0) -> 3605 (6 5 5 1 0)
Hop 1: [3554-3522] 3554 (6 4 8 2 0) -> 3522 (6 4 0 2 0)
Hop 1: [3544-3512] 3544 (6 4 6 0 0) -> 3576 (6 4 14 0 0)
Hop 2: [3544-3512] 3576 (6 4 14 0 0) -> 3512 (6 3 14 0 0)
Hop 1: [3541-3509] 3541 (6 4 5 1 0) -> 3573 (6 4 13 1 0)
Hop 2: [3541-3509] 3573 (6 4 13 1 0) -> 3509 (6 3 13 1 0)
Hop 1: [3528-3624] 3528 (6 4 2 0 0) -> 3560 (6 4 10 0 0)
Hop 2: [3528-3624] 3560 (6 4 10 0 0) -> 3624 (6 5 10 0 0)
Hop 1: [3512-3511] 3512 (6 3 14 0 0) -> 3515 (6 3 14 3 0)
Hop 2: [3512-3511] 3515 (6 3 14 3 0) -> 3511 (6 3 13 3 0)
Hop 1: [3500-3499] 3500 (6 3 11 0 0) -> 3503 (6 3 11 3 0)
Hop 2: [3500-3499] 3503 (6 3 11 3 0) -> 3499 (6 3 10 3 0)
Hop 1: [3533-3532] 3533 (6 4 3 1 0) -> 3532 (6 4 3 0 0)
Hop 1: [3542-3510] 3542 (6 4 5 2 0) -> 3574 (6 4 13 2 0)
Hop 2: [3542-3510] 3574 (6 4 13 2 0) -> 3510 (6 3 13 2 0)
Hop 1: [3564-3532] 3564 (6 4 11 0 0) -> 3532 (6 4 3 0 0)
Hop 1: [3589-3621] 3589 (6 5 1 1 0) -> 3621 (6 5 9 1 0)
Hop 2: [3601-3608] 3600 (6 5 4 0 0) -> 3608 (6 5 6 0 0)
Hop 1: [3607-3599] 3607 (6 5 5 3 0) -> 3599 (6 5 3 3 0)
Hop 1: [3617-3609] 3617 (6 5 8 1 0) -> 3609 (6 5 6 1 0)
Hop 1: [3618-3617] 3618 (6 5 8 2 0) -> 3617 (6 5 8 1 0)
Hop 1: [3597-3598] 3597 (6 5 3 1 0) -> 3598 (6 5 3 2 0)
Hop 1: [3593-3497] 3593 (6 5 2 1 0) -> 3625 (6 5 10 1 0)
Hop 2: [3593-3497] 3625 (6 5 10 1 0) -> 3497 (6 3 10 1 0)
Hop 1: [3580-3548] 3580 (6 4 15 0 0) -> 3548 (6 4 7 0 0)
Hop 1: [3559-3527] 3559 (6 4 9 3 0) -> 3527 (6 4 1 3 0)
Hop 1: [3519-3615] 3519 (6 3 15 3 0) -> 3487 (6 3 7 3 0)
Hop 2: [3519-3615] 3487 (6 3 7 3 0) -> 3615 (6 5 7 3 0)
Hop 1: [3516-3508] 3516 (6 3 15 0 0) -> 3508 (6 3 13 0 0)
Hop 1: [3498-3497] 3498 (6 3 10 2 0) -> 3497 (6 3 10 1 0)
Hop 1: [3497-3498] 3497 (6 3 10 1 0) -> 3498 (6 3 10 2 0)
Hop 1: [3505-3497] 3505 (6 3 12 1 0) -> 3497 (6 3 10 1 0)
Hop 1: [3509-3605] 3509 (6 3 13 1 0) -> 3477 (6 3 5 1 0)
Hop 2: [3509-3605] 3477 (6 3 5 1 0) -> 3605 (6 5 5 1 0)
Hop 1: [3527-3623] 3527 (6 4 1 3 0) -> 3559 (6 4 9 3 0)
Hop 2: [3527-3623] 3559 (6 4 9 3 0) -> 3623 (6 5 9 3 0)
Hop 1: [3535-3534] 3535 (6 4 3 3 0) -> 3534 (6 4 3 2 0)
Hop 1: [3555-3523] 3555 (6 4 8 3 0) -> 3523 (6 4 0 3 0)
Hop 1: [3561-3529] 3561 (6 4 10 1 0) -> 3529 (6 4 2 1 0)
Hop 1: [3563-3562] 3563 (6 4 10 3 0) -> 3562 (6 4 10 2 0)
Hop 1: [3570-3602] 3570 (6 4 12 2 0) -> 3538 (6 4 4 2 0)
Hop 2: [3570-3602] 3538 (6 4 4 2 0) -> 3602 (6 5 4 2 0)
Hop 1: [3584-3616] 3584 (6 5 0 0 0) -> 3616 (6 5 8 0 0)
Hop 1: [3603-3507] 3603 (6 5 4 3 0) -> 3635 (6 5 12 3 0)
Hop 2: [3603-3507] 3635 (6 5 12 3 0) -> 3507 (6 3 12 3 0)
Hop 1: [3619-3618] 3619 (6 5 8 3 0) -> 3618 (6 5 8 2 0)
Hop 1: [3623-3599] 3623 (6 5 9 3 0) -> 3599 (6 5 3 3 0)
Hop 1: [3622-3598] 3622 (6 5 9 2 0) -> 3598 (6 5 3 2 0)
Hop 1: [3615-3607] 3615 (6 5 7 3 0) -> 3607 (6 5 5 3 0)
Hop 1: [3606-3598] 3606 (6 5 5 2 0) -> 3598 (6 5 3 2 0)
Hop 1: [3586-3554] 3586 (6 5 0 2 0) -> 3618 (6 5 8 2 0)
Hop 2: [3586-3554] 3618 (6 5 8 2 0) -> 3554 (6 4 8 2 0)
Hop 1: [3578-3610] 3578 (6 4 14 2 0) -> 3546 (6 4 6 2 0)
Hop 2: [3578-3610] 3546 (6 4 6 2 0) -> 3610 (6 5 6 2 0)
Hop 1: [3574-3542] 3574 (6 4 13 2 0) -> 3542 (6 4 5 2 0)
Hop 1: [3546-3514] 3546 (6 4 6 2 0) -> 3578 (6 4 14 2 0)
Hop 2: [3546-3514] 3578 (6 4 14 2 0) -> 3514 (6 3 14 2 0)
Hop 1: [3543-3511] 3543 (6 4 5 3 0) -> 3575 (6 4 13 3 0)
Hop 2: [3543-3511] 3575 (6 4 13 3 0) -> 3511 (6 3 13 3 0)
Hop 1: [3537-3529] 3537 (6 4 4 1 0) -> 3529 (6 4 2 1 0)
Hop 1: [3525-3621] 3525 (6 4 1 1 0) -> 3557 (6 4 9 1 0)
Hop 2: [3525-3621] 3557 (6 4 9 1 0) -> 3621 (6 5 9 1 0)
Hop 1: [3513-3514] 3513 (6 3 14 1 0) -> 3514 (6 3 14 2 0)
Hop 1: [3523-3515] 3523 (6 4 0 3 0) -> 3579 (6 4 14 3 0)
Hop 2: [3523-3515] 3579 (6 4 14 3 0) -> 3515 (6 3 14 3 0)
Hop 1: [3540-3508] 3540 (6 4 5 0 0) -> 3572 (6 4 13 0 0)
Hop 2: [3540-3508] 3572 (6 4 13 0 0) -> 3508 (6 3 13 0 0)
Hop 1: [3549-3541] 3549 (6 4 7 1 0) -> 3541 (6 4 5 1 0)
Hop 1: [3569-3537] 3569 (6 4 12 1 0) -> 3537 (6 4 4 1 0)
Hop 1: [3575-3607] 3575 (6 4 13 3 0) -> 3543 (6 4 5 3 0)
Hop 2: [3575-3607] 3543 (6 4 5 3 0) -> 3607 (6 5 5 3 0)
Hop 1: [3579-3611] 3579 (6 4 14 3 0) -> 3547 (6 4 6 3 0)
Hop 2: [3579-3611] 3547 (6 4 6 3 0) -> 3611 (6 5 6 3 0)
Hop 1: [3590-3558] 3590 (6 5 1 2 0) -> 3622 (6 5 9 2 0)
Hop 1: [3595-3619] 3595 (6 5 2 3 0) -> 3619 (6 5 8 3 0)
Hop 1: [3598-3597] 3598 (6 5 3 2 0) -> 3597 (6 5 3 1 0)
Hop 1: [3608-3601] 3608 (6 5 6 0 0) -> 3609 (6 5 6 1 0)
Hop 2: [3608-3601] 3609 (6 5 6 1 0) -> 3601 (6 5 4 1 0)
Hop 1: [3599-3598] 3599 (6 5 3 3 0) -> 3598 (6 5 3 2 0)
Hop 2: [3590-3558] 3622 (6 5 9 2 0) -> 3558 (6 4 9 2 0)
Hop 1: [3571-3603] 3571 (6 4 12 3 0) -> 3539 (6 4 4 3 0)
Hop 2: [3571-3603] 3539 (6 4 4 3 0) -> 3603 (6 5 4 3 0)
Hop 1: [3568-3600] 3568 (6 4 12 0 0) -> 3536 (6 4 4 0 0)
Hop 2: [3568-3600] 3536 (6 4 4 0 0) -> 3600 (6 5 4 0 0)
Hop 1: [3539-3531] 3539 (6 4 4 3 0) -> 3531 (6 4 2 3 0)
Hop 1: [3536-3535] 3536 (6 4 4 0 0) -> 3539 (6 4 4 3 0)
Hop 2: [3536-3535] 3539 (6 4 4 3 0) -> 3535 (6 4 3 3 0)
Hop 1: [3531-3499] 3531 (6 4 2 3 0) -> 3563 (6 4 10 3 0)
Hop 2: [3531-3499] 3563 (6 4 10 3 0) -> 3499 (6 3 10 3 0)
Hop 1: [3514-3513] 3514 (6 3 14 2 0) -> 3513 (6 3 14 1 0)
Hop 1: [3510-3606] 3510 (6 3 13 2 0) -> 3478 (6 3 5 2 0)
Hop 2: [3510-3606] 3478 (6 3 5 2 0) -> 3606 (6 5 5 2 0)
Hop 1: [3506-3507] 3506 (6 3 12 2 0) -> 3507 (6 3 12 3 0)
Hop 1: [3499-3498] 3499 (6 3 10 3 0) -> 3498 (6 3 10 2 0)
Hop 1: [3501-3509] 3501 (6 3 11 1 0) -> 3509 (6 3 13 1 0)
Hop 1: [3502-3510] 3502 (6 3 11 2 0) -> 3510 (6 3 13 2 0)
Hop 1: [3517-3509] 3517 (6 3 15 1 0) -> 3509 (6 3 13 1 0)
Hop 1: [3529-3530] 3529 (6 4 2 1 0) -> 3530 (6 4 2 2 0)
Hop 1: [3545-3513] 3545 (6 4 6 1 0) -> 3577 (6 4 14 1 0)
Hop 2: [3545-3513] 3577 (6 4 14 1 0) -> 3513 (6 3 14 1 0)
Hop 1: [3558-3534] 3558 (6 4 9 2 0) -> 3534 (6 4 3 2 0)
Hop 1: [3566-3534] 3566 (6 4 11 2 0) -> 3534 (6 4 3 2 0)
Hop 1: [3588-3556] 3588 (6 5 1 0 0) -> 3620 (6 5 9 0 0)
Hop 2: [3588-3556] 3620 (6 5 9 0 0) -> 3556 (6 4 9 0 0)
Hop 1: [3596-3597] 3596 (6 5 3 0 0) -> 3597 (6 5 3 1 0)
Hop 1: [3605-3597] 3605 (6 5 5 1 0) -> 3597 (6 5 3 1 0)
Hop 1: [3620-3619] 3620 (6 5 9 0 0) -> 3623 (6 5 9 3 0)
Hop 2: [3620-3619] 3623 (6 5 9 3 0) -> 3619 (6 5 8 3 0)
Hop 1: [3624-3616] 3624 (6 5 10 0 0) -> 3616 (6 5 8 0 0)
Hop 1: [3621-3597] 3621 (6 5 9 1 0) -> 3597 (6 5 3 1 0)
Hop 1: [3614-3606] 3614 (6 5 7 2 0) -> 3606 (6 5 5 2 0)
Hop 1: [3609-3601] 3609 (6 5 6 1 0) -> 3601 (6 5 4 1 0)
Hop 1: [3602-3603] 3602 (6 5 4 2 0) -> 3603 (6 5 4 3 0)
Hop 1: [3600-3608] 3600 (6 5 4 0 0) -> 3608 (6 5 6 0 0)
Hop 1: [3585-3553] 3585 (6 5 0 1 0) -> 3617 (6 5 8 1 0)
Hop 1: [3581-3613] 3581 (6 4 15 1 0) -> 3549 (6 4 7 1 0)
Hop 2: [3581-3613] 3549 (6 4 7 1 0) -> 3613 (6 5 7 1 0)
Hop 1: [3562-3561] 3562 (6 4 10 2 0) -> 3561 (6 4 10 1 0)
Hop 1: [3560-3528] 3560 (6 4 10 0 0) -> 3528 (6 4 2 0 0)
Hop 1: [3556-3532] 3556 (6 4 9 0 0) -> 3532 (6 4 3 0 0)
Hop 1: [3547-3539] 3547 (6 4 6 3 0) -> 3539 (6 4 4 3 0)
Hop 1: [3524-3516] 3524 (6 4 1 0 0) -> 3580 (6 4 15 0 0)
Hop 2: [3524-3516] 3580 (6 4 15 0 0) -> 3516 (6 3 15 0 0)
Hop 1: [3511-3607] 3511 (6 3 13 3 0) -> 3479 (6 3 5 3 0)
Hop 2: [3511-3607] 3479 (6 3 5 3 0) -> 3607 (6 5 5 3 0)
Hop 1: [3503-3511] 3503 (6 3 11 3 0) -> 3511 (6 3 13 3 0)
Hop 1: [3508-3604] 3508 (6 3 13 0 0) -> 3476 (6 3 5 0 0)
Hop 2: [3508-3604] 3476 (6 3 5 0 0) -> 3604 (6 5 5 0 0)
Hop 1: [3518-3510] 3518 (6 3 15 2 0) -> 3510 (6 3 13 2 0)
Hop 1: [3528-3520] 3528 (6 4 2 0 0) -> 3520 (6 4 0 0 0)
Hop 1: [3532-3500] 3532 (6 4 3 0 0) -> 3564 (6 4 11 0 0)
Hop 2: [3532-3500] 3564 (6 4 11 0 0) -> 3500 (6 3 11 0 0)
Hop 1: [3534-3533] 3534 (6 4 3 2 0) -> 3533 (6 4 3 1 0)
Hop 1: [3538-3537] 3538 (6 4 4 2 0) -> 3537 (6 4 4 1 0)
Hop 1: [3553-3521] 3553 (6 4 8 1 0) -> 3521 (6 4 0 1 0)
Hop 1: [3554-3530] 3554 (6 4 8 2 0) -> 3530 (6 4 2 2 0)
Hop 1: [3565-3597] 3565 (6 4 11 1 0) -> 3533 (6 4 3 1 0)
Hop 2: [3565-3597] 3533 (6 4 3 1 0) -> 3597 (6 5 3 1 0)
Hop 1: [3572-3604] 3572 (6 4 13 0 0) -> 3540 (6 4 5 0 0)
Hop 2: [3572-3604] 3540 (6 4 5 0 0) -> 3604 (6 5 5 0 0)
Hop 2: [3585-3553] 3617 (6 5 8 1 0) -> 3553 (6 4 8 1 0)
Hop 1: [3591-3559] 3591 (6 5 1 3 0) -> 3623 (6 5 9 3 0)
Hop 2: [3591-3559] 3623 (6 5 9 3 0) -> 3559 (6 4 9 3 0)
Hop 1: [3607-3606] 3607 (6 5 5 3 0) -> 3606 (6 5 5 2 0)
Hop 1: [3616-3609] 3616 (6 5 8 0 0) -> 3617 (6 5 8 1 0)
Hop 2: [3616-3609] 3617 (6 5 8 1 0) -> 3609 (6 5 6 1 0)
Hop 1: [3623-3615] 3623 (6 5 9 3 0) -> 3615 (6 5 7 3 0)
Hop 1: [3604-3605] 3604 (6 5 5 0 0) -> 3605 (6 5 5 1 0)
Hop 1: [3594-3618] 3594 (6 5 2 2 0) -> 3618 (6 5 8 2 0)
Hop 1: [3577-3609] 3577 (6 4 14 1 0) -> 3545 (6 4 6 1 0)
Hop 2: [3577-3609] 3545 (6 4 6 1 0) -> 3609 (6 5 6 1 0)
Hop 1: [3564-3563] 3564 (6 4 11 0 0) -> 3567 (6 4 11 3 0)
Hop 1: [3544-3536] 3544 (6 4 6 0 0) -> 3536 (6 4 4 0 0)
Hop 1: [3530-3531] 3530 (6 4 2 2 0) -> 3531 (6 4 2 3 0)
Hop 1: [3526-3518] 3526 (6 4 1 2 0) -> 3582 (6 4 15 2 0)
Hop 2: [3526-3518] 3582 (6 4 15 2 0) -> 3518 (6 3 15 2 0)
Hop 1: [3520-3616] 3520 (6 4 0 0 0) -> 3552 (6 4 8 0 0)
Hop 2: [3520-3616] 3552 (6 4 8 0 0) -> 3616 (6 5 8 0 0)
Hop 1: [3515-3507] 3515 (6 3 14 3 0) -> 3507 (6 3 12 3 0)
Hop 1: [3507-3603] 3507 (6 3 12 3 0) -> 3475 (6 3 4 3 0)
Hop 1: [3504-3497] 3504 (6 3 12 0 0) -> 3505 (6 3 12 1 0)
Hop 2: [3504-3497] 3505 (6 3 12 1 0) -> 3497 (6 3 10 1 0)
Hop 1: [3500-3524] 3500 (6 3 11 0 0) -> 3460 (6 3 1 0 0)
Hop 2: [3500-3524] 3460 (6 3 1 0 0) -> 3524 (6 4 1 0 0)
Hop 1: [3497-3521] 3497 (6 3 10 1 0) -> 3457 (6 3 0 1 0)
Hop 2: [3497-3521] 3457 (6 3 0 1 0) -> 3521 (6 4 0 1 0)
Hop 2: [3507-3603] 3475 (6 3 4 3 0) -> 3603 (6 5 4 3 0)
Hop 1: [3512-3520] 3512 (6 3 14 0 0) -> 3456 (6 3 0 0 0)
Hop 2: [3512-3520] 3456 (6 3 0 0 0) -> 3520 (6 4 0 0 0)
Hop 1: [3521-3617] 3521 (6 4 0 1 0) -> 3553 (6 4 8 1 0)
Hop 2: [3521-3617] 3553 (6 4 8 1 0) -> 3617 (6 5 8 1 0)
Hop 1: [3522-3498] 3522 (6 4 0 2 0) -> 3562 (6 4 10 2 0)
Hop 2: [3522-3498] 3562 (6 4 10 2 0) -> 3498 (6 3 10 2 0)
Hop 1: [3541-3533] 3541 (6 4 5 1 0) -> 3533 (6 4 3 1 0)
Hop 1: [3548-3540] 3548 (6 4 7 0 0) -> 3540 (6 4 5 0 0)
Hop 2: [3564-3563] 3567 (6 4 11 3 0) -> 3563 (6 4 10 3 0)
Hop 1: [3576-3608] 3576 (6 4 14 0 0) -> 3544 (6 4 6 0 0)
Hop 2: [3576-3608] 3544 (6 4 6 0 0) -> 3608 (6 5 6 0 0)
Hop 1: [3582-3614] 3582 (6 4 15 2 0) -> 3550 (6 4 7 2 0)
Hop 2: [3582-3614] 3550 (6 4 7 2 0) -> 3614 (6 5 7 2 0)
Hop 1: [3587-3619] 3587 (6 5 0 3 0) -> 3619 (6 5 8 3 0)
Hop 1: [3601-3609] 3601 (6 5 4 1 0) -> 3609 (6 5 6 1 0)
Hop 1: [3617-3618] 3617 (6 5 8 1 0) -> 3618 (6 5 8 2 0)
Hop 1: [3618-3619] 3618 (6 5 8 2 0) -> 3619 (6 5 8 3 0)
Hop 1: [3622-3614] 3622 (6 5 9 2 0) -> 3614 (6 5 7 2 0)
Hop 1: [3619-3620] 3619 (6 5 8 3 0) -> 3616 (6 5 8 0 0)
Hop 2: [3619-3620] 3616 (6 5 8 0 0) -> 3620 (6 5 9 0 0)
Hop 1: [3603-3602] 3603 (6 5 4 3 0) -> 3602 (6 5 4 2 0)
Hop 1: [3597-3605] 3597 (6 5 3 1 0) -> 3605 (6 5 5 1 0)
Hop 1: [3589-3557] 3589 (6 5 1 1 0) -> 3621 (6 5 9 1 0)
Hop 1: [3583-3551] 3583 (6 4 15 3 0) -> 3551 (6 4 7 3 0)
Hop 1: [3573-3541] 3573 (6 4 13 1 0) -> 3541 (6 4 5 1 0)
Hop 1: [3559-3535] 3559 (6 4 9 3 0) -> 3535 (6 4 3 3 0)
Hop 1: [3552-3520] 3552 (6 4 8 0 0) -> 3520 (6 4 0 0 0)
Hop 1: [3535-3536] 3535 (6 4 3 3 0) -> 3532 (6 4 3 0 0)
Hop 2: [3535-3536] 3532 (6 4 3 0 0) -> 3536 (6 4 4 0 0)
Hop 1: [3533-3534] 3533 (6 4 3 1 0) -> 3534 (6 4 3 2 0)
Hop 1: [3527-3519] 3527 (6 4 1 3 0) -> 3583 (6 4 15 3 0)
Hop 2: [3527-3519] 3583 (6 4 15 3 0) -> 3519 (6 3 15 3 0)
Hop 1: [3498-3499] 3498 (6 3 10 2 0) -> 3499 (6 3 10 3 0)
Hop 1: [3505-3601] 3505 (6 3 12 1 0) -> 3473 (6 3 4 1 0)
Hop 1: [3509-3508] 3509 (6 3 13 1 0) -> 3508 (6 3 13 0 0)
Hop 1: [3513-3520] 3513 (6 3 14 1 0) -> 3512 (6 3 14 0 0)
Hop 2: [3513-3520] 3512 (6 3 14 0 0) -> 3456 (6 3 0 0 0)
Hop 1: [3516-3612] 3516 (6 3 15 0 0) -> 3484 (6 3 7 0 0)
Hop 1: [3537-3538] 3537 (6 4 4 1 0) -> 3538 (6 4 4 2 0)
Hop 1: [3561-3562] 3561 (6 4 10 1 0) -> 3562 (6 4 10 2 0)
Hop 1: [3563-3564] 3563 (6 4 10 3 0) -> 3560 (6 4 10 0 0)
Hop 2: [3563-3564] 3560 (6 4 10 0 0) -> 3564 (6 4 11 0 0)
Hop 1: [3567-3599] 3567 (6 4 11 3 0) -> 3535 (6 4 3 3 0)
Hop 2: [3567-3599] 3535 (6 4 3 3 0) -> 3599 (6 5 3 3 0)
Hop 1: [3580-3572] 3580 (6 4 15 0 0) -> 3572 (6 4 13 0 0)
Hop 2: [3589-3557] 3621 (6 5 9 1 0) -> 3557 (6 4 9 1 0)
Hop 1: [3606-3605] 3606 (6 5 5 2 0) -> 3605 (6 5 5 1 0)
Hop 1: [3613-3605] 3613 (6 5 7 1 0) -> 3605 (6 5 5 1 0)
Hop 1: [3615-3614] 3615 (6 5 7 3 0) -> 3614 (6 5 7 2 0)
Hop 1: [3611-3603] 3611 (6 5 6 3 0) -> 3603 (6 5 4 3 0)
Hop 1: [3608-3607] 3608 (6 5 6 0 0) -> 3611 (6 5 6 3 0)
Hop 2: [3608-3607] 3611 (6 5 6 3 0) -> 3607 (6 5 5 3 0)
Hop 1: [3605-3604] 3605 (6 5 5 1 0) -> 3604 (6 5 5 0 0)
Hop 1: [3599-3600] 3599 (6 5 3 3 0) -> 3596 (6 5 3 0 0)
Hop 1: [3592-3624] 3592 (6 5 2 0 0) -> 3624 (6 5 10 0 0)
Hop 1: [3555-3531] 3555 (6 4 8 3 0) -> 3531 (6 4 2 3 0)
Hop 1: [3542-3534] 3542 (6 4 5 2 0) -> 3534 (6 4 3 2 0)
Hop 1: [3540-3532] 3540 (6 4 5 0 0) -> 3532 (6 4 3 0 0)
Hop 1: [3525-3517] 3525 (6 4 1 1 0) -> 3581 (6 4 15 1 0)
Hop 2: [3525-3517] 3581 (6 4 15 1 0) -> 3517 (6 3 15 1 0)
Hop 1: [3519-3511] 3519 (6 3 15 3 0) -> 3511 (6 3 13 3 0)
Hop 2: [3516-3612] 3484 (6 3 7 0 0) -> 3612 (6 5 7 0 0)
Hop 3: [3513-3520] 3456 (6 3 0 0 0) -> 3520 (6 4 0 0 0)
Hop 2: [3505-3601] 3473 (6 3 4 1 0) -> 3601 (6 5 4 1 0)
Hop 1: [3497-3529] 3497 (6 3 10 1 0) -> 3465 (6 3 2 1 0)
Hop 2: [3497-3529] 3465 (6 3 2 1 0) -> 3529 (6 4 2 1 0)
Hop 1: [3529-3536] 3529 (6 4 2 1 0) -> 3528 (6 4 2 0 0)
Hop 2: [3529-3536] 3528 (6 4 2 0 0) -> 3536 (6 4 4 0 0)
Hop 1: [3531-3530] 3531 (6 4 2 3 0) -> 3530 (6 4 2 2 0)
Hop 1: [3539-3538] 3539 (6 4 4 3 0) -> 3538 (6 4 4 2 0)
Hop 1: [3543-3535] 3543 (6 4 5 3 0) -> 3535 (6 4 3 3 0)
Hop 1: [3549-3548] 3549 (6 4 7 1 0) -> 3548 (6 4 7 0 0)
Hop 1: [3553-3529] 3553 (6 4 8 1 0) -> 3529 (6 4 2 1 0)
Hop 1: [3557-3525] 3557 (6 4 9 1 0) -> 3525 (6 4 1 1 0)
Hop 1: [3569-3561] 3569 (6 4 12 1 0) -> 3561 (6 4 10 1 0)
Hop 1: [3570-3538] 3570 (6 4 12 2 0) -> 3538 (6 4 4 2 0)
Hop 1: [3575-3543] 3575 (6 4 13 3 0) -> 3543 (6 4 5 3 0)
Hop 1: [3584-3552] 3584 (6 5 0 0 0) -> 3616 (6 5 8 0 0)
Hop 2: [3584-3552] 3616 (6 5 8 0 0) -> 3552 (6 4 8 0 0)
Hop 1: [3593-3600] 3593 (6 5 2 1 0) -> 3592 (6 5 2 0 0)
Hop 2: [3593-3600] 3592 (6 5 2 0 0) -> 3600 (6 5 4 0 0)
Hop 1: [3595-3499] 3595 (6 5 2 3 0) -> 3627 (6 5 10 3 0)
Hop 2: [3595-3499] 3627 (6 5 10 3 0) -> 3499 (6 3 10 3 0)
Hop 2: [3599-3600] 3596 (6 5 3 0 0) -> 3600 (6 5 4 0 0)
Hop 1: [3620-3621] 3620 (6 5 9 0 0) -> 3621 (6 5 9 1 0)
Hop 1: [3624-3617] 3624 (6 5 10 0 0) -> 3625 (6 5 10 1 0)
Hop 2: [3624-3617] 3625 (6 5 10 1 0) -> 3617 (6 5 8 1 0)
Hop 1: [3621-3613] 3621 (6 5 9 1 0) -> 3613 (6 5 7 1 0)
Hop 1: [3602-3610] 3602 (6 5 4 2 0) -> 3610 (6 5 6 2 0)
Hop 1: [3598-3599] 3598 (6 5 3 2 0) -> 3599 (6 5 3 3 0)
Hop 1: [3586-3562] 3586 (6 5 0 2 0) -> 3626 (6 5 10 2 0)
Hop 2: [3586-3562] 3626 (6 5 10 2 0) -> 3562 (6 4 10 2 0)
Hop 1: [3578-3546] 3578 (6 4 14 2 0) -> 3546 (6 4 6 2 0)
Hop 1: [3574-3566] 3574 (6 4 13 2 0) -> 3566 (6 4 11 2 0)
Hop 1: [3568-3536] 3568 (6 4 12 0 0) -> 3536 (6 4 4 0 0)
Hop 1: [3536-3544] 3536 (6 4 4 0 0) -> 3544 (6 4 6 0 0)
Hop 1: [3532-3531] 3532 (6 4 3 0 0) -> 3535 (6 4 3 3 0)
Hop 2: [3532-3531] 3535 (6 4 3 3 0) -> 3531 (6 4 2 3 0)
Hop 1: [3497-3504] 3497 (6 3 10 1 0) -> 3496 (6 3 10 0 0)
Hop 2: [3497-3504] 3496 (6 3 10 0 0) -> 3504 (6 3 12 0 0)
Hop 1: [3499-3507] 3499 (6 3 10 3 0) -> 3507 (6 3 12 3 0)
Hop 1: [3506-3602] 3506 (6 3 12 2 0) -> 3474 (6 3 4 2 0)
Hop 1: [3511-3510] 3511 (6 3 13 3 0) -> 3510 (6 3 13 2 0)
Hop 1: [3517-3516] 3517 (6 3 15 1 0) -> 3516 (6 3 15 0 0)
Hop 1: [3523-3499] 3523 (6 4 0 3 0) -> 3563 (6 4 10 3 0)
Hop 2: [3523-3499] 3563 (6 4 10 3 0) -> 3499 (6 3 10 3 0)
Hop 1: [3545-3537] 3545 (6 4 6 1 0) -> 3537 (6 4 4 1 0)
Hop 1: [3546-3538] 3546 (6 4 6 2 0) -> 3538 (6 4 4 2 0)
Hop 1: [3579-3547] 3579 (6 4 14 3 0) -> 3547 (6 4 6 3 0)
Hop 1: [3596-3604] 3596 (6 5 3 0 0) -> 3604 (6 5 5 0 0)
Hop 1: [3609-3610] 3609 (6 5 6 1 0) -> 3610 (6 5 6 2 0)
Hop 1: [3610-3602] 3610 (6 5 6 2 0) -> 3602 (6 5 4 2 0)
Hop 1: [3616-3615] 3616 (6 5 8 0 0) -> 3619 (6 5 8 3 0)
Hop 2: [3616-3615] 3619 (6 5 8 3 0) -> 3615 (6 5 7 3 0)
Hop 1: [3623-3622] 3623 (6 5 9 3 0) -> 3622 (6 5 9 2 0)
Hop 1: [3614-3613] 3614 (6 5 7 2 0) -> 3613 (6 5 7 1 0)
Hop 1: [3607-3608] 3607 (6 5 5 3 0) -> 3604 (6 5 5 0 0)
Hop 2: [3607-3608] 3604 (6 5 5 0 0) -> 3608 (6 5 6 0 0)
Hop 1: [3590-3566] 3590 (6 5 1 2 0) -> 3630 (6 5 11 2 0)
Hop 2: [3590-3566] 3630 (6 5 11 2 0) -> 3566 (6 4 11 2 0)
Hop 1: [3585-3561] 3585 (6 5 0 1 0) -> 3625 (6 5 10 1 0)
Hop 2: [3585-3561] 3625 (6 5 10 1 0) -> 3561 (6 4 10 1 0)
Hop 1: [3571-3539] 3571 (6 4 12 3 0) -> 3539 (6 4 4 3 0)
Hop 1: [3566-3565] 3566 (6 4 11 2 0) -> 3565 (6 4 11 1 0)
Hop 1: [3560-3536] 3560 (6 4 10 0 0) -> 3536 (6 4 4 0 0)
Hop 1: [3547-3546] 3547 (6 4 6 3 0) -> 3546 (6 4 6 2 0)
Hop 1: [3538-3539] 3538 (6 4 4 2 0) -> 3539 (6 4 4 3 0)
Hop 1: [3534-3535] 3534 (6 4 3 2 0) -> 3535 (6 4 3 3 0)
Hop 1: [3530-3538] 3530 (6 4 2 2 0) -> 3538 (6 4 4 2 0)
Hop 1: [3528-3521] 3528 (6 4 2 0 0) -> 3529 (6 4 2 1 0)
Hop 2: [3528-3521] 3529 (6 4 2 1 0) -> 3521 (6 4 0 1 0)
Hop 1: [3524-3523] 3524 (6 4 1 0 0) -> 3527 (6 4 1 3 0)
Hop 2: [3524-3523] 3527 (6 4 1 3 0) -> 3523 (6 4 0 3 0)
Hop 1: [3514-3515] 3514 (6 3 14 2 0) -> 3515 (6 3 14 3 0)
Hop 1: [3510-3509] 3510 (6 3 13 2 0) -> 3509 (6 3 13 1 0)
Hop 1: [3501-3525] 3501 (6 3 11 1 0) -> 3461 (6 3 1 1 0)
Hop 2: [3501-3525] 3461 (6 3 1 1 0) -> 3525 (6 4 1 1 0)
Hop 2: [3506-3602] 3474 (6 3 4 2 0) -> 3602 (6 5 4 2 0)
Hop 1: [3526-3525] 3526 (6 4 1 2 0) -> 3525 (6 4 1 1 0)
Hop 1: [3541-3540] 3541 (6 4 5 1 0) -> 3540 (6 4 5 0 0)
Hop 1: [3558-3550] 3558 (6 4 9 2 0) -> 3550 (6 4 7 2 0)
Hop 1: [3565-3533] 3565 (6 4 11 1 0) -> 3533 (6 4 3 1 0)
Hop 1: [3588-3564] 3588 (6 5 1 0 0) -> 3628 (6 5 11 0 0)
Hop 2: [3588-3564] 3628 (6 5 11 0 0) -> 3564 (6 4 11 0 0)
Hop 1: [3600-3624] 3600 (6 5 4 0 0) -> 3624 (6 5 10 0 0)
Hop 1: [3604-3508] 3604 (6 5 5 0 0) -> 3636 (6 5 13 0 0)
Hop 2: [3604-3508] 3636 (6 5 13 0 0) -> 3508 (6 3 13 0 0)
Hop 1: [3622-3621] 3622 (6 5 9 2 0) -> 3621 (6 5 9 1 0)
Hop 1: [3613-3612] 3613 (6 5 7 1 0) -> 3612 (6 5 7 0 0)
Hop 1: [3581-3549] 3581 (6 4 15 1 0) -> 3549 (6 4 7 1 0)
Hop 1: [3564-3565] 3564 (6 4 11 0 0) -> 3565 (6 4 11 1 0)
Hop 1: [3556-3548] 3556 (6 4 9 0 0) -> 3548 (6 4 7 0 0)
Hop 1: [3552-3544] 3552 (6 4 8 0 0) -> 3544 (6 4 6 0 0)
Hop 1: [3548-3547] 3548 (6 4 7 0 0) -> 3551 (6 4 7 3 0)
Hop 2: [3548-3547] 3551 (6 4 7 3 0) -> 3547 (6 4 6 3 0)
Hop 1: [3544-3537] 3544 (6 4 6 0 0) -> 3545 (6 4 6 1 0)
Hop 2: [3544-3537] 3545 (6 4 6 1 0) -> 3537 (6 4 4 1 0)
Hop 1: [3518-3517] 3518 (6 3 15 2 0) -> 3517 (6 3 15 1 0)
Hop 1: [3508-3509] 3508 (6 3 13 0 0) -> 3509 (6 3 13 1 0)
Hop 1: [3497-3505] 3497 (6 3 10 1 0) -> 3505 (6 3 12 1 0)
Hop 1: [3500-3532] 3500 (6 3 11 0 0) -> 3468 (6 3 3 0 0)
Hop 2: [3500-3532] 3468 (6 3 3 0 0) -> 3532 (6 4 3 0 0)
Hop 1: [3502-3526] 3502 (6 3 11 2 0) -> 3462 (6 3 1 2 0)
Hop 1: [3507-3508] 3507 (6 3 12 3 0) -> 3504 (6 3 12 0 0)
Hop 2: [3507-3508] 3504 (6 3 12 0 0) -> 3508 (6 3 13 0 0)
Hop 1: [3512-3544] 3512 (6 3 14 0 0) -> 3480 (6 3 6 0 0)
Hop 2: [3512-3544] 3480 (6 3 6 0 0) -> 3544 (6 4 6 0 0)
Hop 1: [3515-3611] 3515 (6 3 14 3 0) -> 3483 (6 3 6 3 0)
Hop 1: [3521-3513] 3521 (6 4 0 1 0) -> 3577 (6 4 14 1 0)
Hop 2: [3521-3513] 3577 (6 4 14 1 0) -> 3513 (6 3 14 1 0)
Hop 1: [3522-3618] 3522 (6 4 0 2 0) -> 3554 (6 4 8 2 0)
Hop 2: [3522-3618] 3554 (6 4 8 2 0) -> 3618 (6 5 8 2 0)
Hop 1: [3527-3526] 3527 (6 4 1 3 0) -> 3526 (6 4 1 2 0)
Hop 1: [3533-3501] 3533 (6 4 3 1 0) -> 3565 (6 4 11 1 0)
Hop 2: [3533-3501] 3565 (6 4 11 1 0) -> 3501 (6 3 11 1 0)
Hop 1: [3535-3543] 3535 (6 4 3 3 0) -> 3543 (6 4 5 3 0)
Hop 1: [3554-3546] 3554 (6 4 8 2 0) -> 3546 (6 4 6 2 0)
Hop 1: [3562-3563] 3562 (6 4 10 2 0) -> 3563 (6 4 10 3 0)
Hop 1: [3572-3540] 3572 (6 4 13 0 0) -> 3540 (6 4 5 0 0)
Hop 1: [3577-3545] 3577 (6 4 14 1 0) -> 3545 (6 4 6 1 0)
Hop 1: [3591-3567] 3591 (6 5 1 3 0) -> 3631 (6 5 11 3 0)
Hop 2: [3591-3567] 3631 (6 5 11 3 0) -> 3567 (6 4 11 3 0)
Hop 1: [3603-3604] 3603 (6 5 4 3 0) -> 3600 (6 5 4 0 0)
Hop 2: [3603-3604] 3600 (6 5 4 0 0) -> 3604 (6 5 5 0 0)
Hop 1: [3611-3610] 3611 (6 5 6 3 0) -> 3610 (6 5 6 2 0)
Hop 1: [3617-3624] 3617 (6 5 8 1 0) -> 3616 (6 5 8 0 0)
Hop 2: [3617-3624] 3616 (6 5 8 0 0) -> 3624 (6 5 10 0 0)
Hop 1: [3619-3523] 3619 (6 5 8 3 0) -> 3587 (6 5 0 3 0)
Hop 2: [3619-3523] 3587 (6 5 0 3 0) -> 3523 (6 4 0 3 0)
Hop 1: [3624-3623] 3624 (6 5 10 0 0) -> 3627 (6 5 10 3 0)
Hop 2: [3624-3623] 3627 (6 5 10 3 0) -> 3623 (6 5 9 3 0)
Hop 1: [3618-3522] 3618 (6 5 8 2 0) -> 3586 (6 5 0 2 0)
Hop 2: [3618-3522] 3586 (6 5 0 2 0) -> 3522 (6 4 0 2 0)
Hop 1: [3608-3616] 3608 (6 5 6 0 0) -> 3616 (6 5 8 0 0)
Hop 1: [3601-3569] 3601 (6 5 4 1 0) -> 3633 (6 5 12 1 0)
Hop 2: [3601-3569] 3633 (6 5 12 1 0) -> 3569 (6 4 12 1 0)
Hop 1: [3594-3562] 3594 (6 5 2 2 0) -> 3626 (6 5 10 2 0)
Hop 2: [3594-3562] 3626 (6 5 10 2 0) -> 3562 (6 4 10 2 0)
Hop 1: [3583-3575] 3583 (6 4 15 3 0) -> 3575 (6 4 13 3 0)
Hop 1: [3580-3579] 3580 (6 4 15 0 0) -> 3583 (6 4 15 3 0)
Hop 2: [3580-3579] 3583 (6 4 15 3 0) -> 3579 (6 4 14 3 0)
Hop 1: [3576-3544] 3576 (6 4 14 0 0) -> 3544 (6 4 6 0 0)
Hop 1: [3550-3518] 3550 (6 4 7 2 0) -> 3582 (6 4 15 2 0)
Hop 2: [3550-3518] 3582 (6 4 15 2 0) -> 3518 (6 3 15 2 0)
Hop 1: [3549-3550] 3549 (6 4 7 1 0) -> 3550 (6 4 7 2 0)
Hop 1: [3540-3539] 3540 (6 4 5 0 0) -> 3543 (6 4 5 3 0)
Hop 2: [3540-3539] 3543 (6 4 5 3 0) -> 3539 (6 4 4 3 0)
Hop 1: [3520-3512] 3520 (6 4 0 0 0) -> 3576 (6 4 14 0 0)
Hop 2: [3520-3512] 3576 (6 4 14 0 0) -> 3512 (6 3 14 0 0)
Hop 2: [3515-3611] 3483 (6 3 6 3 0) -> 3611 (6 5 6 3 0)
Hop 2: [3502-3526] 3462 (6 3 1 2 0) -> 3526 (6 4 1 2 0)
Hop 1: [3503-3527] 3503 (6 3 11 3 0) -> 3463 (6 3 1 3 0)
Hop 2: [3503-3527] 3463 (6 3 1 3 0) -> 3527 (6 4 1 3 0)
Hop 1: [3509-3510] 3509 (6 3 13 1 0) -> 3510 (6 3 13 2 0)
Hop 1: [3513-3521] 3513 (6 3 14 1 0) -> 3457 (6 3 0 1 0)
Hop 2: [3513-3521] 3457 (6 3 0 1 0) -> 3521 (6 4 0 1 0)
Hop 1: [3525-3524] 3525 (6 4 1 1 0) -> 3524 (6 4 1 0 0)
Hop 1: [3531-3532] 3531 (6 4 2 3 0) -> 3528 (6 4 2 0 0)
Hop 2: [3531-3532] 3528 (6 4 2 0 0) -> 3532 (6 4 3 0 0)
Hop 1: [3539-3540] 3539 (6 4 4 3 0) -> 3536 (6 4 4 0 0)
Hop 2: [3539-3540] 3536 (6 4 4 0 0) -> 3540 (6 4 5 0 0)
Hop 1: [3559-3551] 3559 (6 4 9 3 0) -> 3551 (6 4 7 3 0)
Hop 1: [3563-3571] 3563 (6 4 10 3 0) -> 3571 (6 4 12 3 0)
Hop 1: [3567-3535] 3567 (6 4 11 3 0) -> 3535 (6 4 3 3 0)
Hop 1: [3582-3550] 3582 (6 4 15 2 0) -> 3550 (6 4 7 2 0)
Hop 1: [3597-3621] 3597 (6 5 3 1 0) -> 3621 (6 5 9 1 0)
Hop 1: [3605-3606] 3605 (6 5 5 1 0) -> 3606 (6 5 5 2 0)
Hop 1: [3606-3607] 3606 (6 5 5 2 0) -> 3607 (6 5 5 3 0)
Hop 1: [3610-3609] 3610 (6 5 6 2 0) -> 3609 (6 5 6 1 0)
Hop 1: [3615-3616] 3615 (6 5 7 3 0) -> 3612 (6 5 7 0 0)
Hop 2: [3615-3616] 3612 (6 5 7 0 0) -> 3616 (6 5 8 0 0)
Hop 1: [3623-3624] 3623 (6 5 9 3 0) -> 3620 (6 5 9 0 0)
Hop 2: [3623-3624] 3620 (6 5 9 0 0) -> 3624 (6 5 10 0 0)
Hop 1: [3587-3555] 3587 (6 5 0 3 0) -> 3619 (6 5 8 3 0)
Hop 1: [3573-3565] 3573 (6 4 13 1 0) -> 3565 (6 4 11 1 0)
Hop 1: [3569-3570] 3569 (6 4 12 1 0) -> 3570 (6 4 12 2 0)
Hop 1: [3561-3568] 3561 (6 4 10 1 0) -> 3560 (6 4 10 0 0)
Hop 2: [3561-3568] 3560 (6 4 10 0 0) -> 3568 (6 4 12 0 0)
Hop 1: [3543-3542] 3543 (6 4 5 3 0) -> 3542 (6 4 5 2 0)
Hop 1: [3537-3544] 3537 (6 4 4 1 0) -> 3536 (6 4 4 0 0)
Hop 2: [3537-3544] 3536 (6 4 4 0 0) -> 3544 (6 4 6 0 0)
Hop 1: [3519-3518] 3519 (6 3 15 3 0) -> 3518 (6 3 15 2 0)
Hop 1: [3516-3515] 3516 (6 3 15 0 0) -> 3519 (6 3 15 3 0)
Hop 2: [3516-3515] 3519 (6 3 15 3 0) -> 3515 (6 3 14 3 0)
Hop 1: [3504-3600] 3504 (6 3 12 0 0) -> 3472 (6 3 4 0 0)
Hop 2: [3504-3600] 3472 (6 3 4 0 0) -> 3600 (6 5 4 0 0)
Hop 1: [3498-3522] 3498 (6 3 10 2 0) -> 3458 (6 3 0 2 0)
Hop 2: [3498-3522] 3458 (6 3 0 2 0) -> 3522 (6 4 0 2 0)
Hop 1: [3497-3593] 3497 (6 3 10 1 0) -> 3465 (6 3 2 1 0)
Hop 2: [3497-3593] 3465 (6 3 2 1 0) -> 3593 (6 5 2 1 0)
Hop 1: [3529-3537] 3529 (6 4 2 1 0) -> 3537 (6 4 4 1 0)
Hop 1: [3532-3533] 3532 (6 4 3 0 0) -> 3533 (6 4 3 1 0)
Hop 1: [3542-3541] 3542 (6 4 5 2 0) -> 3541 (6 4 5 1 0)
Hop 1: [3553-3545] 3553 (6 4 8 1 0) -> 3545 (6 4 6 1 0)
Hop 1: [3568-3561] 3568 (6 4 12 0 0) -> 3569 (6 4 12 1 0)
Hop 2: [3568-3561] 3569 (6 4 12 1 0) -> 3561 (6 4 10 1 0)
Hop 1: [3584-3576] 3584 (6 5 0 0 0) -> 3640 (6 5 14 0 0)
Hop 2: [3584-3576] 3640 (6 5 14 0 0) -> 3576 (6 4 14 0 0)
Hop 2: [3587-3555] 3619 (6 5 8 3 0) -> 3555 (6 4 8 3 0)
Hop 1: [3599-3607] 3599 (6 5 3 3 0) -> 3607 (6 5 5 3 0)
Hop 1: [3616-3624] 3616 (6 5 8 0 0) -> 3624 (6 5 10 0 0)
Hop 1: [3620-3524] 3620 (6 5 9 0 0) -> 3588 (6 5 1 0 0)
Hop 2: [3620-3524] 3588 (6 5 1 0 0) -> 3524 (6 4 1 0 0)
Hop 1: [3613-3614] 3613 (6 5 7 1 0) -> 3614 (6 5 7 2 0)
Hop 1: [3602-3570] 3602 (6 5 4 2 0) -> 3634 (6 5 12 2 0)
Hop 2: [3602-3570] 3634 (6 5 12 2 0) -> 3570 (6 4 12 2 0)
Hop 1: [3595-3563] 3595 (6 5 2 3 0) -> 3627 (6 5 10 3 0)
Hop 2: [3595-3563] 3627 (6 5 10 3 0) -> 3563 (6 4 10 3 0)
Hop 1: [3592-3560] 3592 (6 5 2 0 0) -> 3624 (6 5 10 0 0)
Hop 2: [3592-3560] 3624 (6 5 10 0 0) -> 3560 (6 4 10 0 0)
Hop 1: [3589-3565] 3589 (6 5 1 1 0) -> 3629 (6 5 11 1 0)
Hop 2: [3589-3565] 3629 (6 5 11 1 0) -> 3565 (6 4 11 1 0)
Hop 1: [3575-3567] 3575 (6 4 13 3 0) -> 3567 (6 4 11 3 0)
Hop 1: [3565-3564] 3565 (6 4 11 1 0) -> 3564 (6 4 11 0 0)
Hop 1: [3555-3547] 3555 (6 4 8 3 0) -> 3547 (6 4 6 3 0)
Hop 1: [3547-3548] 3547 (6 4 6 3 0) -> 3544 (6 4 6 0 0)
Hop 2: [3547-3548] 3544 (6 4 6 0 0) -> 3548 (6 4 7 0 0)
Hop 1: [3523-3522] 3523 (6 4 0 3 0) -> 3522 (6 4 0 2 0)
Hop 1: [3505-3512] 3505 (6 3 12 1 0) -> 3504 (6 3 12 0 0)
Hop 2: [3505-3512] 3504 (6 3 12 0 0) -> 3512 (6 3 14 0 0)
Hop 1: [3511-3512] 3511 (6 3 13 3 0) -> 3508 (6 3 13 0 0)
Hop 2: [3511-3512] 3508 (6 3 13 0 0) -> 3512 (6 3 14 0 0)
Hop 1: [3524-3525] 3524 (6 4 1 0 0) -> 3525 (6 4 1 1 0)
Hop 1: [3536-3560] 3536 (6 4 4 0 0) -> 3560 (6 4 10 0 0)
Hop 1: [3541-3542] 3541 (6 4 5 1 0) -> 3542 (6 4 5 2 0)
Hop 1: [3545-3546] 3545 (6 4 6 1 0) -> 3546 (6 4 6 2 0)
Hop 1: [3546-3545] 3546 (6 4 6 2 0) -> 3545 (6 4 6 1 0)
Hop 1: [3557-3533] 3557 (6 4 9 1 0) -> 3533 (6 4 3 1 0)
Hop 1: [3560-3552] 3560 (6 4 10 0 0) -> 3552 (6 4 8 0 0)
Hop 1: [3564-3572] 3564 (6 4 11 0 0) -> 3572 (6 4 13 0 0)
Hop 1: [3574-3573] 3574 (6 4 13 2 0) -> 3573 (6 4 13 1 0)
Hop 1: [3578-3570] 3578 (6 4 14 2 0) -> 3570 (6 4 12 2 0)
Hop 1: [3593-3601] 3593 (6 5 2 1 0) -> 3601 (6 5 4 1 0)
Hop 1: [3609-3616] 3609 (6 5 6 1 0) -> 3608 (6 5 6 0 0)
Hop 2: [3609-3616] 3608 (6 5 6 0 0) -> 3616 (6 5 8 0 0)
Hop 1: [3611-3612] 3611 (6 5 6 3 0) -> 3608 (6 5 6 0 0)
Hop 2: [3611-3612] 3608 (6 5 6 0 0) -> 3612 (6 5 7 0 0)
Hop 1: [3621-3620] 3621 (6 5 9 1 0) -> 3620 (6 5 9 0 0)
Hop 1: [3622-3623] 3622 (6 5 9 2 0) -> 3623 (6 5 9 3 0)
Hop 1: [3624-3528] 3624 (6 5 10 0 0) -> 3592 (6 5 2 0 0)
Hop 2: [3624-3528] 3592 (6 5 2 0 0) -> 3528 (6 4 2 0 0)
Hop 1: [3614-3615] 3614 (6 5 7 2 0) -> 3615 (6 5 7 3 0)
Hop 1: [3585-3577] 3585 (6 5 0 1 0) -> 3641 (6 5 14 1 0)
Hop 2: [3585-3577] 3641 (6 5 14 1 0) -> 3577 (6 4 14 1 0)
Hop 1: [3579-3571] 3579 (6 4 14 3 0) -> 3571 (6 4 12 3 0)
Hop 1: [3566-3567] 3566 (6 4 11 2 0) -> 3567 (6 4 11 3 0)
Hop 1: [3552-3545] 3552 (6 4 8 0 0) -> 3553 (6 4 8 1 0)
Hop 2: [3552-3545] 3553 (6 4 8 1 0) -> 3545 (6 4 6 1 0)
Hop 1: [3538-3546] 3538 (6 4 4 2 0) -> 3546 (6 4 6 2 0)
Hop 1: [3530-3554] 3530 (6 4 2 2 0) -> 3554 (6 4 8 2 0)
Hop 1: [3528-3527] 3528 (6 4 2 0 0) -> 3531 (6 4 2 3 0)
Hop 2: [3528-3527] 3531 (6 4 2 3 0) -> 3527 (6 4 1 3 0)
Hop 1: [3520-3513] 3520 (6 4 0 0 0) -> 3521 (6 4 0 1 0)
Hop 2: [3520-3513] 3521 (6 4 0 1 0) -> 3577 (6 4 14 1 0)
Hop 1: [3517-3518] 3517 (6 3 15 1 0) -> 3518 (6 3 15 2 0)
Hop 1: [3499-3523] 3499 (6 3 10 3 0) -> 3459 (6 3 0 3 0)
Hop 2: [3499-3523] 3459 (6 3 0 3 0) -> 3523 (6 4 0 3 0)
Hop 1: [3501-3500] 3501 (6 3 11 1 0) -> 3500 (6 3 11 0 0)
Hop 1: [3521-3522] 3521 (6 4 0 1 0) -> 3522 (6 4 0 2 0)
Hop 1: [3526-3527] 3526 (6 4 1 2 0) -> 3527 (6 4 1 3 0)
Hop 1: [3544-3543] 3544 (6 4 6 0 0) -> 3547 (6 4 6 3 0)
Hop 2: [3544-3543] 3547 (6 4 6 3 0) -> 3543 (6 4 5 3 0)
Hop 1: [3548-3549] 3548 (6 4 7 0 0) -> 3549 (6 4 7 1 0)
Hop 1: [3556-3555] 3556 (6 4 9 0 0) -> 3559 (6 4 9 3 0)
Hop 2: [3556-3555] 3559 (6 4 9 3 0) -> 3555 (6 4 8 3 0)
Hop 1: [3562-3570] 3562 (6 4 10 2 0) -> 3570 (6 4 12 2 0)
Hop 1: [3570-3562] 3570 (6 4 12 2 0) -> 3562 (6 4 10 2 0)
Hop 1: [3596-3620] 3596 (6 5 3 0 0) -> 3620 (6 5 9 0 0)
Hop 1: [3604-3612] 3604 (6 5 5 0 0) -> 3612 (6 5 7 0 0)
Hop 1: [3607-3615] 3607 (6 5 5 3 0) -> 3615 (6 5 7 3 0)
Hop 1: [3610-3611] 3610 (6 5 6 2 0) -> 3611 (6 5 6 3 0)
Hop 1: [3619-3587] 3619 (6 5 8 3 0) -> 3587 (6 5 0 3 0)
Hop 1: [3598-3606] 3598 (6 5 3 2 0) -> 3606 (6 5 5 2 0)
Hop 1: [3586-3578] 3586 (6 5 0 2 0) -> 3642 (6 5 14 2 0)
Hop 2: [3586-3578] 3642 (6 5 14 2 0) -> 3578 (6 4 14 2 0)
Hop 1: [3583-3582] 3583 (6 4 15 3 0) -> 3582 (6 4 15 2 0)
Hop 1: [3571-3563] 3571 (6 4 12 3 0) -> 3563 (6 4 10 3 0)
Hop 1: [3558-3557] 3558 (6 4 9 2 0) -> 3557 (6 4 9 1 0)
Hop 1: [3533-3541] 3533 (6 4 3 1 0) -> 3541 (6 4 5 1 0)
Hop 1: [3522-3514] 3522 (6 4 0 2 0) -> 3578 (6 4 14 2 0)
Hop 2: [3522-3514] 3578 (6 4 14 2 0) -> 3514 (6 3 14 2 0)
Hop 3: [3520-3513] 3577 (6 4 14 1 0) -> 3513 (6 3 14 1 0)
Hop 1: [3514-3522] 3514 (6 3 14 2 0) -> 3458 (6 3 0 2 0)
Hop 2: [3514-3522] 3458 (6 3 0 2 0) -> 3522 (6 4 0 2 0)
Hop 1: [3510-3511] 3510 (6 3 13 2 0) -> 3511 (6 3 13 3 0)
Hop 1: [3506-3514] 3506 (6 3 12 2 0) -> 3514 (6 3 14 2 0)
Hop 1: [3500-3501] 3500 (6 3 11 0 0) -> 3501 (6 3 11 1 0)
Hop 1: [3508-3516] 3508 (6 3 13 0 0) -> 3516 (6 3 15 0 0)
Hop 1: [3512-3504] 3512 (6 3 14 0 0) -> 3504 (6 3 12 0 0)
Hop 1: [3515-3514] 3515 (6 3 14 3 0) -> 3514 (6 3 14 2 0)
Hop 1: [3518-3519] 3518 (6 3 15 2 0) -> 3519 (6 3 15 3 0)
Hop 1: [3543-3544] 3543 (6 4 5 3 0) -> 3540 (6 4 5 0 0)
Hop 2: [3543-3544] 3540 (6 4 5 0 0) -> 3544 (6 4 6 0 0)
Hop 1: [3550-3542] 3550 (6 4 7 2 0) -> 3542 (6 4 5 2 0)
Hop 1: [3577-3569] 3577 (6 4 14 1 0) -> 3569 (6 4 12 1 0)
Hop 1: [3581-3573] 3581 (6 4 15 1 0) -> 3573 (6 4 13 1 0)
Hop 1: [3588-3580] 3588 (6 5 1 0 0) -> 3644 (6 5 15 0 0)
Hop 2: [3588-3580] 3644 (6 5 15 0 0) -> 3580 (6 4 15 0 0)
Hop 1: [3600-3504] 3600 (6 5 4 0 0) -> 3632 (6 5 12 0 0)
Hop 2: [3600-3504] 3632 (6 5 12 0 0) -> 3504 (6 3 12 0 0)
Hop 1: [3617-3521] 3617 (6 5 8 1 0) -> 3585 (6 5 0 1 0)
Hop 2: [3617-3521] 3585 (6 5 0 1 0) -> 3521 (6 4 0 1 0)
Hop 1: [3623-3527] 3623 (6 5 9 3 0) -> 3591 (6 5 1 3 0)
Hop 2: [3623-3527] 3591 (6 5 1 3 0) -> 3527 (6 4 1 3 0)
Hop 1: [3603-3611] 3603 (6 5 4 3 0) -> 3611 (6 5 6 3 0)
Hop 1: [3590-3582] 3590 (6 5 1 2 0) -> 3646 (6 5 15 2 0)
Hop 2: [3590-3582] 3646 (6 5 15 2 0) -> 3582 (6 4 15 2 0)
Hop 1: [3567-3566] 3567 (6 4 11 3 0) -> 3566 (6 4 11 2 0)
Hop 1: [3563-3587] 3563 (6 4 10 3 0) -> 3523 (6 4 0 3 0)
Hop 2: [3563-3587] 3523 (6 4 0 3 0) -> 3587 (6 5 0 3 0)
Hop 1: [3554-3553] 3554 (6 4 8 2 0) -> 3553 (6 4 8 1 0)
Hop 1: [3549-3557] 3549 (6 4 7 1 0) -> 3557 (6 4 9 1 0)
Hop 1: [3539-3547] 3539 (6 4 4 3 0) -> 3547 (6 4 6 3 0)
Hop 1: [3534-3542] 3534 (6 4 3 2 0) -> 3542 (6 4 5 2 0)
Hop 1: [3525-3526] 3525 (6 4 1 1 0) -> 3526 (6 4 1 2 0)
Hop 1: [3507-3515] 3507 (6 3 12 3 0) -> 3515 (6 3 14 3 0)
Hop 1: [3502-3534] 3502 (6 3 11 2 0) -> 3470 (6 3 3 2 0)
Hop 2: [3502-3534] 3470 (6 3 3 2 0) -> 3534 (6 4 3 2 0)
Hop 1: [3516-3517] 3516 (6 3 15 0 0) -> 3517 (6 3 15 1 0)
Hop 1: [3519-3520] 3519 (6 3 15 3 0) -> 3516 (6 3 15 0 0)
Hop 2: [3519-3520] 3516 (6 3 15 0 0) -> 3456 (6 3 0 0 0)
Hop 1: [3527-3528] 3527 (6 4 1 3 0) -> 3524 (6 4 1 0 0)
Hop 2: [3527-3528] 3524 (6 4 1 0 0) -> 3528 (6 4 2 0 0)
Hop 1: [3531-3539] 3531 (6 4 2 3 0) -> 3539 (6 4 4 3 0)
Hop 1: [3535-3503] 3535 (6 4 3 3 0) -> 3567 (6 4 11 3 0)
Hop 2: [3535-3503] 3567 (6 4 11 3 0) -> 3503 (6 3 11 3 0)
Hop 1: [3540-3541] 3540 (6 4 5 0 0) -> 3541 (6 4 5 1 0)
Hop 1: [3553-3554] 3553 (6 4 8 1 0) -> 3554 (6 4 8 2 0)
Hop 1: [3569-3576] 3569 (6 4 12 1 0) -> 3568 (6 4 12 0 0)
Hop 2: [3569-3576] 3568 (6 4 12 0 0) -> 3576 (6 4 14 0 0)
Hop 1: [3572-3564] 3572 (6 4 13 0 0) -> 3564 (6 4 11 0 0)
Hop 1: [3576-3568] 3576 (6 4 14 0 0) -> 3568 (6 4 12 0 0)
Hop 1: [3580-3581] 3580 (6 4 15 0 0) -> 3581 (6 4 15 1 0)
Hop 1: [3591-3583] 3591 (6 5 1 3 0) -> 3647 (6 5 15 3 0)
Hop 2: [3591-3583] 3647 (6 5 15 3 0) -> 3583 (6 4 15 3 0)
Hop 1: [3608-3512] 3608 (6 5 6 0 0) -> 3640 (6 5 14 0 0)
Hop 2: [3608-3512] 3640 (6 5 14 0 0) -> 3512 (6 3 14 0 0)
Hop 1: [3618-3586] 3618 (6 5 8 2 0) -> 3586 (6 5 0 2 0)
Hop 1: [3615-3623] 3615 (6 5 7 3 0) -> 3623 (6 5 9 3 0)
Hop 1: [3613-3621] 3613 (6 5 7 1 0) -> 3621 (6 5 9 1 0)
Hop 1: [3601-3505] 3601 (6 5 4 1 0) -> 3633 (6 5 12 1 0)
Hop 2: [3601-3505] 3633 (6 5 12 1 0) -> 3505 (6 3 12 1 0)
Hop 1: [3594-3593] 3594 (6 5 2 2 0) -> 3593 (6 5 2 1 0)
Hop 1: [3568-3567] 3568 (6 4 12 0 0) -> 3571 (6 4 12 3 0)
Hop 2: [3568-3567] 3571 (6 4 12 3 0) -> 3567 (6 4 11 3 0)
Hop 1: [3559-3558] 3559 (6 4 9 3 0) -> 3558 (6 4 9 2 0)
Hop 1: [3547-3555] 3547 (6 4 6 3 0) -> 3555 (6 4 8 3 0)
Hop 1: [3529-3553] 3529 (6 4 2 1 0) -> 3553 (6 4 8 1 0)
Hop 3: [3519-3520] 3456 (6 3 0 0 0) -> 3520 (6 4 0 0 0)
Hop 1: [3513-3545] 3513 (6 3 14 1 0) -> 3481 (6 3 6 1 0)
Hop 2: [3513-3545] 3481 (6 3 6 1 0) -> 3545 (6 4 6 1 0)
Hop 1: [3509-3517] 3509 (6 3 13 1 0) -> 3517 (6 3 15 1 0)
Hop 1: [3503-3535] 3503 (6 3 11 3 0) -> 3471 (6 3 3 3 0)
Hop 2: [3503-3535] 3471 (6 3 3 3 0) -> 3535 (6 4 3 3 0)
Hop 1: [3498-3530] 3498 (6 3 10 2 0) -> 3466 (6 3 2 2 0)
Hop 2: [3498-3530] 3466 (6 3 2 2 0) -> 3530 (6 4 2 2 0)
Hop 1: [3504-3512] 3504 (6 3 12 0 0) -> 3512 (6 3 14 0 0)
Hop 1: [3542-3543] 3542 (6 4 5 2 0) -> 3543 (6 4 5 3 0)
Hop 1: [3561-3569] 3561 (6 4 10 1 0) -> 3569 (6 4 12 1 0)
Hop 1: [3573-3572] 3573 (6 4 13 1 0) -> 3572 (6 4 13 0 0)
Hop 1: [3575-3574] 3575 (6 4 13 3 0) -> 3574 (6 4 13 2 0)
Hop 1: [3582-3574] 3582 (6 4 15 2 0) -> 3574 (6 4 13 2 0)
Hop 1: [3587-3563] 3587 (6 5 0 3 0) -> 3627 (6 5 10 3 0)
Hop 2: [3587-3563] 3627 (6 5 10 3 0) -> 3563 (6 4 10 3 0)
Hop 1: [3597-3501] 3597 (6 5 3 1 0) -> 3629 (6 5 11 1 0)
Hop 2: [3597-3501] 3629 (6 5 11 1 0) -> 3501 (6 3 11 1 0)
Hop 1: [3605-3613] 3605 (6 5 5 1 0) -> 3613 (6 5 7 1 0)
Hop 1: [3606-3614] 3606 (6 5 5 2 0) -> 3614 (6 5 7 2 0)
Hop 1: [3611-3619] 3611 (6 5 6 3 0) -> 3619 (6 5 8 3 0)
Hop 1: [3622-3526] 3622 (6 5 9 2 0) -> 3590 (6 5 1 2 0)
Hop 2: [3622-3526] 3590 (6 5 1 2 0) -> 3526 (6 4 1 2 0)
Hop 1: [3624-3592] 3624 (6 5 10 0 0) -> 3592 (6 5 2 0 0)
Hop 1: [3589-3581] 3589 (6 5 1 1 0) -> 3645 (6 5 15 1 0)
Hop 2: [3589-3581] 3645 (6 5 15 1 0) -> 3581 (6 4 15 1 0)
Hop 1: [3584-3577] 3584 (6 5 0 0 0) -> 3585 (6 5 0 1 0)
Hop 2: [3584-3577] 3585 (6 5 0 1 0) -> 3641 (6 5 14 1 0)
Hop 1: [3565-3566] 3565 (6 4 11 1 0) -> 3566 (6 4 11 2 0)
Hop 1: [3555-3554] 3555 (6 4 8 3 0) -> 3554 (6 4 8 2 0)
Hop 1: [3552-3551] 3552 (6 4 8 0 0) -> 3555 (6 4 8 3 0)
Hop 2: [3552-3551] 3555 (6 4 8 3 0) -> 3551 (6 4 7 3 0)
Hop 1: [3545-3552] 3545 (6 4 6 1 0) -> 3544 (6 4 6 0 0)
Hop 2: [3545-3552] 3544 (6 4 6 0 0) -> 3552 (6 4 8 0 0)
Hop 1: [3537-3545] 3537 (6 4 4 1 0) -> 3545 (6 4 6 1 0)
Hop 1: [3532-3540] 3532 (6 4 3 0 0) -> 3540 (6 4 5 0 0)
Hop 1: [3523-3524] 3523 (6 4 0 3 0) -> 3520 (6 4 0 0 0)
Hop 2: [3523-3524] 3520 (6 4 0 0 0) -> 3524 (6 4 1 0 0)
Hop 1: [3517-3525] 3517 (6 3 15 1 0) -> 3461 (6 3 1 1 0)
Hop 2: [3517-3525] 3461 (6 3 1 1 0) -> 3525 (6 4 1 1 0)
Hop 1: [3524-3500] 3524 (6 4 1 0 0) -> 3564 (6 4 11 0 0)
Hop 2: [3524-3500] 3564 (6 4 11 0 0) -> 3500 (6 3 11 0 0)
Hop 1: [3546-3547] 3546 (6 4 6 2 0) -> 3547 (6 4 6 3 0)
Hop 1: [3557-3549] 3557 (6 4 9 1 0) -> 3549 (6 4 7 1 0)
Hop 1: [3564-3588] 3564 (6 4 11 0 0) -> 3524 (6 4 1 0 0)
Hop 2: [3564-3588] 3524 (6 4 1 0 0) -> 3588 (6 5 1 0 0)
Hop 1: [3566-3574] 3566 (6 4 11 2 0) -> 3574 (6 4 13 2 0)
Hop 1: [3574-3575] 3574 (6 4 13 2 0) -> 3575 (6 4 13 3 0)
Hop 1: [3579-3578] 3579 (6 4 14 3 0) -> 3578 (6 4 14 2 0)
Hop 3: [3584-3577] 3641 (6 5 14 1 0) -> 3577 (6 4 14 1 0)
Hop 1: [3595-3594] 3595 (6 5 2 3 0) -> 3594 (6 5 2 2 0)
Hop 1: [3599-3623] 3599 (6 5 3 3 0) -> 3623 (6 5 9 3 0)
Hop 1: [3612-3604] 3612 (6 5 7 0 0) -> 3604 (6 5 5 0 0)
Hop 1: [3616-3520] 3616 (6 5 8 0 0) -> 3584 (6 5 0 0 0)
Hop 2: [3616-3520] 3584 (6 5 0 0 0) -> 3520 (6 4 0 0 0)
Hop 1: [3620-3588] 3620 (6 5 9 0 0) -> 3588 (6 5 1 0 0)
Hop 1: [3621-3622] 3621 (6 5 9 1 0) -> 3622 (6 5 9 2 0)
Hop 1: [3609-3617] 3609 (6 5 6 1 0) -> 3617 (6 5 8 1 0)
Hop 1: [3602-3506] 3602 (6 5 4 2 0) -> 3634 (6 5 12 2 0)
Hop 2: [3602-3506] 3634 (6 5 12 2 0) -> 3506 (6 3 12 2 0)
Hop 1: [3592-3568] 3592 (6 5 2 0 0) -> 3632 (6 5 12 0 0)
Hop 2: [3592-3568] 3632 (6 5 12 0 0) -> 3568 (6 4 12 0 0)
Hop 1: [3578-3577] 3578 (6 4 14 2 0) -> 3577 (6 4 14 1 0)
Hop 1: [3560-3553] 3560 (6 4 10 0 0) -> 3561 (6 4 10 1 0)
Hop 2: [3560-3553] 3561 (6 4 10 1 0) -> 3553 (6 4 8 1 0)
Hop 1: [3550-3549] 3550 (6 4 7 2 0) -> 3549 (6 4 7 1 0)
Hop 1: [3541-3549] 3541 (6 4 5 1 0) -> 3549 (6 4 7 1 0)
Hop 1: [3505-3513] 3505 (6 3 12 1 0) -> 3513 (6 3 14 1 0)
Hop 1: [3499-3500] 3499 (6 3 10 3 0) -> 3496 (6 3 10 0 0)
Hop 2: [3499-3500] 3496 (6 3 10 0 0) -> 3500 (6 3 11 0 0)
Hop 1: [3501-3533] 3501 (6 3 11 1 0) -> 3469 (6 3 3 1 0)
Hop 2: [3501-3533] 3469 (6 3 3 1 0) -> 3533 (6 4 3 1 0)
Hop 1: [3511-3519] 3511 (6 3 13 3 0) -> 3519 (6 3 15 3 0)
Hop 1: [3522-3521] 3522 (6 4 0 2 0) -> 3521 (6 4 0 1 0)
Hop 1: [3528-3560] 3528 (6 4 2 0 0) -> 3560 (6 4 10 0 0)
Hop 1: [3530-3562] 3530 (6 4 2 2 0) -> 3562 (6 4 10 2 0)
Hop 1: [3536-3504] 3536 (6 4 4 0 0) -> 3568 (6 4 12 0 0)
Hop 2: [3536-3504] 3568 (6 4 12 0 0) -> 3504 (6 3 12 0 0)
Hop 1: [3538-3570] 3538 (6 4 4 2 0) -> 3570 (6 4 12 2 0)
Hop 1: [3544-3552] 3544 (6 4 6 0 0) -> 3552 (6 4 8 0 0)
Hop 1: [3556-3557] 3556 (6 4 9 0 0) -> 3557 (6 4 9 1 0)
Hop 1: [3567-3568] 3567 (6 4 11 3 0) -> 3564 (6 4 11 0 0)
Hop 2: [3567-3568] 3564 (6 4 11 0 0) -> 3568 (6 4 12 0 0)
Hop 1: [3571-3570] 3571 (6 4 12 3 0) -> 3570 (6 4 12 2 0)
Hop 1: [3593-3617] 3593 (6 5 2 1 0) -> 3617 (6 5 8 1 0)
Hop 1: [3612-3611] 3612 (6 5 7 0 0) -> 3615 (6 5 7 3 0)
Hop 1: [3623-3591] 3623 (6 5 9 3 0) -> 3591 (6 5 1 3 0)
Hop 2: [3612-3611] 3615 (6 5 7 3 0) -> 3611 (6 5 6 3 0)
Hop 1: [3607-3511] 3607 (6 5 5 3 0) -> 3639 (6 5 13 3 0)
Hop 2: [3607-3511] 3639 (6 5 13 3 0) -> 3511 (6 3 13 3 0)
Hop 1: [3596-3500] 3596 (6 5 3 0 0) -> 3628 (6 5 11 0 0)
Hop 2: [3596-3500] 3628 (6 5 11 0 0) -> 3500 (6 3 11 0 0)
Hop 1: [3586-3585] 3586 (6 5 0 2 0) -> 3585 (6 5 0 1 0)
Hop 1: [3585-3586] 3585 (6 5 0 1 0) -> 3586 (6 5 0 2 0)
Hop 1: [3581-3580] 3581 (6 4 15 1 0) -> 3580 (6 4 15 0 0)
Hop 1: [3577-3578] 3577 (6 4 14 1 0) -> 3578 (6 4 14 2 0)
Hop 1: [3570-3569] 3570 (6 4 12 2 0) -> 3569 (6 4 12 1 0)
Hop 1: [3558-3559] 3558 (6 4 9 2 0) -> 3559 (6 4 9 3 0)
Hop 1: [3548-3556] 3548 (6 4 7 0 0) -> 3556 (6 4 9 0 0)
Hop 1: [3526-3502] 3526 (6 4 1 2 0) -> 3566 (6 4 11 2 0)
Hop 2: [3526-3502] 3566 (6 4 11 2 0) -> 3502 (6 3 11 2 0)
Hop 1: [3521-3528] 3521 (6 4 0 1 0) -> 3520 (6 4 0 0 0)
Hop 2: [3521-3528] 3520 (6 4 0 0 0) -> 3528 (6 4 2 0 0)
Hop 1: [3515-3516] 3515 (6 3 14 3 0) -> 3512 (6 3 14 0 0)
Hop 2: [3515-3516] 3512 (6 3 14 0 0) -> 3516 (6 3 15 0 0)
Hop 1: [3506-3538] 3506 (6 3 12 2 0) -> 3474 (6 3 4 2 0)
Hop 2: [3506-3538] 3474 (6 3 4 2 0) -> 3538 (6 4 4 2 0)
Hop 1: [3508-3500] 3508 (6 3 13 0 0) -> 3500 (6 3 11 0 0)
Hop 1: [3514-3546] 3514 (6 3 14 2 0) -> 3482 (6 3 6 2 0)
Hop 1: [3520-3519] 3520 (6 4 0 0 0) -> 3523 (6 4 0 3 0)
Hop 2: [3520-3519] 3523 (6 4 0 3 0) -> 3583 (6 4 15 3 0)
Hop 1: [3553-3560] 3553 (6 4 8 1 0) -> 3552 (6 4 8 0 0)
Hop 2: [3553-3560] 3552 (6 4 8 0 0) -> 3560 (6 4 10 0 0)
Hop 1: [3576-3569] 3576 (6 4 14 0 0) -> 3577 (6 4 14 1 0)
Hop 2: [3576-3569] 3577 (6 4 14 1 0) -> 3569 (6 4 12 1 0)
Hop 1: [3583-3584] 3583 (6 4 15 3 0) -> 3580 (6 4 15 0 0)
Hop 2: [3583-3584] 3580 (6 4 15 0 0) -> 3520 (6 4 0 0 0)
Hop 1: [3588-3587] 3588 (6 5 1 0 0) -> 3591 (6 5 1 3 0)
Hop 2: [3588-3587] 3591 (6 5 1 3 0) -> 3587 (6 5 0 3 0)
Hop 1: [3604-3572] 3604 (6 5 5 0 0) -> 3636 (6 5 13 0 0)
Hop 2: [3604-3572] 3636 (6 5 13 0 0) -> 3572 (6 4 13 0 0)
Hop 1: [3619-3595] 3619 (6 5 8 3 0) -> 3595 (6 5 2 3 0)
Hop 1: [3622-3590] 3622 (6 5 9 2 0) -> 3590 (6 5 1 2 0)
Hop 1: [3614-3622] 3614 (6 5 7 2 0) -> 3622 (6 5 9 2 0)
Hop 1: [3612-3613] 3612 (6 5 7 0 0) -> 3613 (6 5 7 1 0)
Hop 1: [3598-3622] 3598 (6 5 3 2 0) -> 3622 (6 5 9 2 0)
Hop 3: [3583-3584] 3520 (6 4 0 0 0) -> 3584 (6 5 0 0 0)
Hop 1: [3572-3571] 3572 (6 4 13 0 0) -> 3575 (6 4 13 3 0)
Hop 2: [3572-3571] 3575 (6 4 13 3 0) -> 3571 (6 4 12 3 0)
Hop 1: [3562-3586] 3562 (6 4 10 2 0) -> 3522 (6 4 0 2 0)
Hop 2: [3562-3586] 3522 (6 4 0 2 0) -> 3586 (6 5 0 2 0)
Hop 1: [3554-3555] 3554 (6 4 8 2 0) -> 3555 (6 4 8 3 0)
Hop 1: [3543-3551] 3543 (6 4 5 3 0) -> 3551 (6 4 7 3 0)
Hop 1: [3533-3557] 3533 (6 4 3 1 0) -> 3557 (6 4 9 1 0)
Hop 1: [3525-3501] 3525 (6 4 1 1 0) -> 3565 (6 4 11 1 0)
Hop 2: [3525-3501] 3565 (6 4 11 1 0) -> 3501 (6 3 11 1 0)
Hop 3: [3520-3519] 3583 (6 4 15 3 0) -> 3519 (6 3 15 3 0)
Hop 2: [3514-3546] 3482 (6 3 6 2 0) -> 3546 (6 4 6 2 0)
Hop 1: [3510-3518] 3510 (6 3 13 2 0) -> 3518 (6 3 15 2 0)
Hop 1: [3507-3499] 3507 (6 3 12 3 0) -> 3499 (6 3 10 3 0)
Hop 1: [3500-3596] 3500 (6 3 11 0 0) -> 3468 (6 3 3 0 0)
Hop 2: [3500-3596] 3468 (6 3 3 0 0) -> 3596 (6 5 3 0 0)
Hop 1: [3512-3505] 3512 (6 3 14 0 0) -> 3513 (6 3 14 1 0)
Hop 2: [3512-3505] 3513 (6 3 14 1 0) -> 3505 (6 3 12 1 0)
Hop 1: [3518-3526] 3518 (6 3 15 2 0) -> 3462 (6 3 1 2 0)
Hop 2: [3518-3526] 3462 (6 3 1 2 0) -> 3526 (6 4 1 2 0)
Hop 1: [3549-3581] 3549 (6 4 7 1 0) -> 3581 (6 4 15 1 0)
Hop 1: [3563-3595] 3563 (6 4 10 3 0) -> 3531 (6 4 2 3 0)
Hop 2: [3563-3595] 3531 (6 4 2 3 0) -> 3595 (6 5 2 3 0)
Hop 1: [3568-3576] 3568 (6 4 12 0 0) -> 3576 (6 4 14 0 0)
Hop 1: [3575-3576] 3575 (6 4 13 3 0) -> 3572 (6 4 13 0 0)
Hop 2: [3575-3576] 3572 (6 4 13 0 0) -> 3576 (6 4 14 0 0)
Hop 1: [3580-3588] 3580 (6 4 15 0 0) -> 3524 (6 4 1 0 0)
Hop 2: [3580-3588] 3524 (6 4 1 0 0) -> 3588 (6 5 1 0 0)
Hop 1: [3591-3590] 3591 (6 5 1 3 0) -> 3590 (6 5 1 2 0)
Hop 1: [3600-3568] 3600 (6 5 4 0 0) -> 3632 (6 5 12 0 0)
Hop 2: [3600-3568] 3632 (6 5 12 0 0) -> 3568 (6 4 12 0 0)
Hop 1: [3608-3576] 3608 (6 5 6 0 0) -> 3640 (6 5 14 0 0)
Hop 2: [3608-3576] 3640 (6 5 14 0 0) -> 3576 (6 4 14 0 0)
Hop 1: [3617-3585] 3617 (6 5 8 1 0) -> 3585 (6 5 0 1 0)
Hop 1: [3603-3571] 3603 (6 5 4 3 0) -> 3635 (6 5 12 3 0)
Hop 2: [3603-3571] 3635 (6 5 12 3 0) -> 3571 (6 4 12 3 0)
Hop 1: [3590-3589] 3590 (6 5 1 2 0) -> 3589 (6 5 1 1 0)
Hop 1: [3573-3574] 3573 (6 4 13 1 0) -> 3574 (6 4 13 2 0)
Hop 1: [3569-3577] 3569 (6 4 12 1 0) -> 3577 (6 4 14 1 0)
Hop 1: [3559-3560] 3559 (6 4 9 3 0) -> 3556 (6 4 9 0 0)
Hop 2: [3559-3560] 3556 (6 4 9 0 0) -> 3560 (6 4 10 0 0)
Hop 1: [3552-3560] 3552 (6 4 8 0 0) -> 3560 (6 4 10 0 0)
Hop 1: [3539-3571] 3539 (6 4 4 3 0) -> 3571 (6 4 12 3 0)
Hop 1: [3516-3524] 3516 (6 3 15 0 0) -> 3460 (6 3 1 0 0)
Hop 2: [3516-3524] 3460 (6 3 1 0 0) -> 3524 (6 4 1 0 0)
Hop 1: [3509-3501] 3509 (6 3 13 1 0) -> 3501 (6 3 11 1 0)
Hop 1: [3503-3502] 3503 (6 3 11 3 0) -> 3502 (6 3 11 2 0)
Hop 1: [3502-3501] 3502 (6 3 11 2 0) -> 3501 (6 3 11 1 0)
Hop 1: [3527-3503] 3527 (6 4 1 3 0) -> 3567 (6 4 11 3 0)
Hop 2: [3527-3503] 3567 (6 4 11 3 0) -> 3503 (6 3 11 3 0)
Hop 1: [3531-3555] 3531 (6 4 2 3 0) -> 3555 (6 4 8 3 0)
Hop 1: [3540-3548] 3540 (6 4 5 0 0) -> 3548 (6 4 7 0 0)
Hop 1: [3555-3556] 3555 (6 4 8 3 0) -> 3552 (6 4 8 0 0)
Hop 2: [3555-3556] 3552 (6 4 8 0 0) -> 3556 (6 4 9 0 0)
Hop 1: [3561-3585] 3561 (6 4 10 1 0) -> 3521 (6 4 0 1 0)
Hop 2: [3561-3585] 3521 (6 4 0 1 0) -> 3585 (6 5 0 1 0)
Hop 1: [3587-3579] 3587 (6 5 0 3 0) -> 3643 (6 5 14 3 0)
Hop 2: [3587-3579] 3643 (6 5 14 3 0) -> 3579 (6 4 14 3 0)
Hop 1: [3594-3595] 3594 (6 5 2 2 0) -> 3595 (6 5 2 3 0)
Hop 1: [3612-3620] 3612 (6 5 7 0 0) -> 3620 (6 5 9 0 0)
Hop 1: [3615-3519] 3615 (6 5 7 3 0) -> 3647 (6 5 15 3 0)
Hop 2: [3615-3519] 3647 (6 5 15 3 0) -> 3519 (6 3 15 3 0)
Hop 1: [3606-3510] 3606 (6 5 5 2 0) -> 3638 (6 5 13 2 0)
Hop 2: [3606-3510] 3638 (6 5 13 2 0) -> 3510 (6 3 13 2 0)
Hop 1: [3601-3593] 3601 (6 5 4 1 0) -> 3593 (6 5 2 1 0)
Hop 1: [3597-3565] 3597 (6 5 3 1 0) -> 3629 (6 5 11 1 0)
Hop 2: [3597-3565] 3629 (6 5 11 1 0) -> 3565 (6 4 11 1 0)
Hop 1: [3589-3588] 3589 (6 5 1 1 0) -> 3588 (6 5 1 0 0)
Hop 1: [3582-3581] 3582 (6 4 15 2 0) -> 3581 (6 4 15 1 0)
Hop 1: [3571-3572] 3571 (6 4 12 3 0) -> 3568 (6 4 12 0 0)
Hop 2: [3571-3572] 3568 (6 4 12 0 0) -> 3572 (6 4 13 0 0)
Hop 1: [3557-3556] 3557 (6 4 9 1 0) -> 3556 (6 4 9 0 0)
Hop 1: [3547-3579] 3547 (6 4 6 3 0) -> 3579 (6 4 14 3 0)
Hop 1: [3545-3553] 3545 (6 4 6 1 0) -> 3553 (6 4 8 1 0)
Hop 1: [3535-3559] 3535 (6 4 3 3 0) -> 3559 (6 4 9 3 0)
Hop 1: [3519-3527] 3519 (6 3 15 3 0) -> 3463 (6 3 1 3 0)
Hop 2: [3519-3527] 3463 (6 3 1 3 0) -> 3527 (6 4 1 3 0)
Hop 1: [3513-3505] 3513 (6 3 14 1 0) -> 3505 (6 3 12 1 0)
Hop 1: [3504-3528] 3504 (6 3 12 0 0) -> 3464 (6 3 2 0 0)
Hop 2: [3504-3528] 3464 (6 3 2 0 0) -> 3528 (6 4 2 0 0)
Hop 1: [3523-3555] 3523 (6 4 0 3 0) -> 3555 (6 4 8 3 0)
Hop 1: [3529-3561] 3529 (6 4 2 1 0) -> 3561 (6 4 10 1 0)
Hop 1: [3534-3502] 3534 (6 4 3 2 0) -> 3566 (6 4 11 2 0)
Hop 2: [3534-3502] 3566 (6 4 11 2 0) -> 3502 (6 3 11 2 0)
Hop 1: [3542-3550] 3542 (6 4 5 2 0) -> 3550 (6 4 7 2 0)
Hop 1: [3550-3551] 3550 (6 4 7 2 0) -> 3551 (6 4 7 3 0)
Hop 1: [3560-3559] 3560 (6 4 10 0 0) -> 3563 (6 4 10 3 0)
Hop 2: [3560-3559] 3563 (6 4 10 3 0) -> 3559 (6 4 9 3 0)
Hop 1: [3566-3590] 3566 (6 4 11 2 0) -> 3526 (6 4 1 2 0)
Hop 2: [3566-3590] 3526 (6 4 1 2 0) -> 3590 (6 5 1 2 0)
Hop 1: [3574-3582] 3574 (6 4 13 2 0) -> 3582 (6 4 15 2 0)
Hop 1: [3579-3580] 3579 (6 4 14 3 0) -> 3576 (6 4 14 0 0)
Hop 2: [3579-3580] 3576 (6 4 14 0 0) -> 3580 (6 4 15 0 0)
Hop 1: [3584-3583] 3584 (6 5 0 0 0) -> 3587 (6 5 0 3 0)
Hop 2: [3584-3583] 3587 (6 5 0 3 0) -> 3647 (6 5 15 3 0)
Hop 3: [3584-3583] 3647 (6 5 15 3 0) -> 3583 (6 4 15 3 0)
Hop 1: [3605-3509] 3605 (6 5 5 1 0) -> 3637 (6 5 13 1 0)
Hop 2: [3605-3509] 3637 (6 5 13 1 0) -> 3509 (6 3 13 1 0)
Hop 1: [3618-3594] 3618 (6 5 8 2 0) -> 3594 (6 5 2 2 0)
Hop 1: [3595-3596] 3595 (6 5 2 3 0) -> 3592 (6 5 2 0 0)
Hop 2: [3595-3596] 3592 (6 5 2 0 0) -> 3596 (6 5 3 0 0)
Hop 1: [3592-3584] 3592 (6 5 2 0 0) -> 3584 (6 5 0 0 0)
Hop 1: [3578-3579] 3578 (6 4 14 2 0) -> 3579 (6 4 14 3 0)
Hop 1: [3577-3584] 3577 (6 4 14 1 0) -> 3576 (6 4 14 0 0)
Hop 2: [3577-3584] 3576 (6 4 14 0 0) -> 3520 (6 4 0 0 0)
Hop 1: [3565-3573] 3565 (6 4 11 1 0) -> 3573 (6 4 13 1 0)
Hop 1: [3541-3573] 3541 (6 4 5 1 0) -> 3573 (6 4 13 1 0)
Hop 1: [3537-3569] 3537 (6 4 4 1 0) -> 3569 (6 4 12 1 0)
Hop 1: [3532-3556] 3532 (6 4 3 0 0) -> 3556 (6 4 9 0 0)
Hop 1: [3524-3556] 3524 (6 4 1 0 0) -> 3556 (6 4 9 0 0)
Hop 1: [3517-3549] 3517 (6 3 15 1 0) -> 3485 (6 3 7 1 0)
Hop 2: [3517-3549] 3485 (6 3 7 1 0) -> 3549 (6 4 7 1 0)
Hop 1: [3498-3506] 3498 (6 3 10 2 0) -> 3506 (6 3 12 2 0)
Hop 1: [3499-3531] 3499 (6 3 10 3 0) -> 3467 (6 3 2 3 0)
Hop 2: [3499-3531] 3467 (6 3 2 3 0) -> 3531 (6 4 2 3 0)
Hop 1: [3505-3537] 3505 (6 3 12 1 0) -> 3473 (6 3 4 1 0)
Hop 2: [3505-3537] 3473 (6 3 4 1 0) -> 3537 (6 4 4 1 0)
Hop 1: [3515-3523] 3515 (6 3 14 3 0) -> 3459 (6 3 0 3 0)
Hop 2: [3515-3523] 3459 (6 3 0 3 0) -> 3523 (6 4 0 3 0)
Hop 1: [3556-3588] 3556 (6 4 9 0 0) -> 3524 (6 4 1 0 0)
Hop 2: [3556-3588] 3524 (6 4 1 0 0) -> 3588 (6 5 1 0 0)
Hop 1: [3564-3596] 3564 (6 4 11 0 0) -> 3532 (6 4 3 0 0)
Hop 2: [3564-3596] 3532 (6 4 3 0 0) -> 3596 (6 5 3 0 0)
Hop 3: [3577-3584] 3520 (6 4 0 0 0) -> 3584 (6 5 0 0 0)
Hop 1: [3593-3561] 3593 (6 5 2 1 0) -> 3625 (6 5 10 1 0)
Hop 2: [3593-3561] 3625 (6 5 10 1 0) -> 3561 (6 4 10 1 0)
Hop 1: [3599-3503] 3599 (6 5 3 3 0) -> 3631 (6 5 11 3 0)
Hop 2: [3599-3503] 3631 (6 5 11 3 0) -> 3503 (6 3 11 3 0)
Hop 1: [3609-3513] 3609 (6 5 6 1 0) -> 3641 (6 5 14 1 0)
Hop 2: [3609-3513] 3641 (6 5 14 1 0) -> 3513 (6 3 14 1 0)
Hop 1: [3616-3584] 3616 (6 5 8 0 0) -> 3584 (6 5 0 0 0)
Hop 1: [3620-3596] 3620 (6 5 9 0 0) -> 3596 (6 5 3 0 0)
Hop 1: [3621-3525] 3621 (6 5 9 1 0) -> 3589 (6 5 1 1 0)
Hop 2: [3621-3525] 3589 (6 5 1 1 0) -> 3525 (6 4 1 1 0)
Hop 1: [3612-3516] 3612 (6 5 7 0 0) -> 3644 (6 5 15 0 0)
Hop 2: [3612-3516] 3644 (6 5 15 0 0) -> 3516 (6 3 15 0 0)
Hop 1: [3602-3594] 3602 (6 5 4 2 0) -> 3594 (6 5 2 2 0)
Hop 1: [3586-3587] 3586 (6 5 0 2 0) -> 3587 (6 5 0 3 0)
Hop 1: [3585-3592] 3585 (6 5 0 1 0) -> 3584 (6 5 0 0 0)
Hop 2: [3585-3592] 3584 (6 5 0 0 0) -> 3592 (6 5 2 0 0)
Hop 1: [3581-3582] 3581 (6 4 15 1 0) -> 3582 (6 4 15 2 0)
Hop 1: [3570-3571] 3570 (6 4 12 2 0) -> 3571 (6 4 12 3 0)
Hop 1: [3567-3575] 3567 (6 4 11 3 0) -> 3575 (6 4 13 3 0)
Hop 1: [3558-3590] 3558 (6 4 9 2 0) -> 3526 (6 4 1 2 0)
Hop 2: [3558-3590] 3526 (6 4 1 2 0) -> 3590 (6 5 1 2 0)
Hop 1: [3553-3585] 3553 (6 4 8 1 0) -> 3521 (6 4 0 1 0)
Hop 2: [3553-3585] 3521 (6 4 0 1 0) -> 3585 (6 5 0 1 0)
Hop 1: [3544-3576] 3544 (6 4 6 0 0) -> 3576 (6 4 14 0 0)
Hop 1: [3521-3553] 3521 (6 4 0 1 0) -> 3553 (6 4 8 1 0)
Hop 1: [3508-3540] 3508 (6 3 13 0 0) -> 3476 (6 3 5 0 0)
Hop 2: [3508-3540] 3476 (6 3 5 0 0) -> 3540 (6 4 5 0 0)
Hop 1: [3501-3502] 3501 (6 3 11 1 0) -> 3502 (6 3 11 2 0)
Hop 1: [3506-3505] 3506 (6 3 12 2 0) -> 3505 (6 3 12 1 0)
Hop 1: [3511-3543] 3511 (6 3 13 3 0) -> 3479 (6 3 5 3 0)
Hop 2: [3511-3543] 3479 (6 3 5 3 0) -> 3543 (6 4 5 3 0)
Hop 1: [3520-3528] 3520 (6 4 0 0 0) -> 3528 (6 4 2 0 0)
Hop 1: [3522-3523] 3522 (6 4 0 2 0) -> 3523 (6 4 0 3 0)
Hop 1: [3528-3504] 3528 (6 4 2 0 0) -> 3568 (6 4 12 0 0)
Hop 2: [3528-3504] 3568 (6 4 12 0 0) -> 3504 (6 3 12 0 0)
Hop 1: [3533-3565] 3533 (6 4 3 1 0) -> 3565 (6 4 11 1 0)
Hop 1: [3536-3568] 3536 (6 4 4 0 0) -> 3568 (6 4 12 0 0)
Hop 1: [3538-3506] 3538 (6 4 4 2 0) -> 3570 (6 4 12 2 0)
Hop 2: [3538-3506] 3570 (6 4 12 2 0) -> 3506 (6 3 12 2 0)
Hop 1: [3546-3554] 3546 (6 4 6 2 0) -> 3554 (6 4 8 2 0)
Hop 1: [3572-3573] 3572 (6 4 13 0 0) -> 3573 (6 4 13 1 0)
Hop 1: [3576-3575] 3576 (6 4 14 0 0) -> 3579 (6 4 14 3 0)
Hop 2: [3576-3575] 3579 (6 4 14 3 0) -> 3575 (6 4 13 3 0)
Hop 1: [3583-3591] 3583 (6 4 15 3 0) -> 3527 (6 4 1 3 0)
Hop 2: [3583-3591] 3527 (6 4 1 3 0) -> 3591 (6 5 1 3 0)
Hop 1: [3588-3589] 3588 (6 5 1 0 0) -> 3589 (6 5 1 1 0)
Hop 1: [3596-3564] 3596 (6 5 3 0 0) -> 3628 (6 5 11 0 0)
Hop 2: [3596-3564] 3628 (6 5 11 0 0) -> 3564 (6 4 11 0 0)
Hop 1: [3610-3618] 3610 (6 5 6 2 0) -> 3618 (6 5 8 2 0)
Hop 1: [3607-3575] 3607 (6 5 5 3 0) -> 3639 (6 5 13 3 0)
Hop 2: [3607-3575] 3639 (6 5 13 3 0) -> 3575 (6 4 13 3 0)
Hop 1: [3591-3592] 3591 (6 5 1 3 0) -> 3588 (6 5 1 0 0)
Hop 2: [3591-3592] 3588 (6 5 1 0 0) -> 3592 (6 5 2 0 0)
Hop 1: [3562-3594] 3562 (6 4 10 2 0) -> 3530 (6 4 2 2 0)
Hop 2: [3562-3594] 3530 (6 4 2 2 0) -> 3594 (6 5 2 2 0)
Hop 1: [3554-3586] 3554 (6 4 8 2 0) -> 3522 (6 4 0 2 0)
Hop 2: [3554-3586] 3522 (6 4 0 2 0) -> 3586 (6 5 0 2 0)
Hop 1: [3551-3519] 3551 (6 4 7 3 0) -> 3583 (6 4 15 3 0)
Hop 2: [3551-3519] 3583 (6 4 15 3 0) -> 3519 (6 3 15 3 0)
Hop 1: [3548-3580] 3548 (6 4 7 0 0) -> 3580 (6 4 15 0 0)
Hop 1: [3526-3558] 3526 (6 4 1 2 0) -> 3558 (6 4 9 2 0)
Hop 1: [3514-3506] 3514 (6 3 14 2 0) -> 3506 (6 3 12 2 0)
Hop 1: [3510-3542] 3510 (6 3 13 2 0) -> 3478 (6 3 5 2 0)
Hop 2: [3510-3542] 3478 (6 3 5 2 0) -> 3542 (6 4 5 2 0)
Hop 1: [3507-3539] 3507 (6 3 12 3 0) -> 3475 (6 3 4 3 0)
Hop 2: [3507-3539] 3475 (6 3 4 3 0) -> 3539 (6 4 4 3 0)
Hop 1: [3543-3575] 3543 (6 4 5 3 0) -> 3575 (6 4 13 3 0)
Hop 1: [3568-3592] 3568 (6 4 12 0 0) -> 3528 (6 4 2 0 0)
Hop 2: [3568-3592] 3528 (6 4 2 0 0) -> 3592 (6 5 2 0 0)
Hop 1: [3575-3583] 3575 (6 4 13 3 0) -> 3583 (6 4 15 3 0)
Hop 1: [3597-3596] 3597 (6 5 3 1 0) -> 3596 (6 5 3 0 0)
Hop 1: [3604-3596] 3604 (6 5 5 0 0) -> 3596 (6 5 3 0 0)
Hop 1: [3621-3589] 3621 (6 5 9 1 0) -> 3589 (6 5 1 1 0)
Hop 1: [3617-3593] 3617 (6 5 8 1 0) -> 3593 (6 5 2 1 0)
Hop 1: [3600-3593] 3600 (6 5 4 0 0) -> 3601 (6 5 4 1 0)
Hop 2: [3600-3593] 3601 (6 5 4 1 0) -> 3593 (6 5 2 1 0)
Hop 1: [3590-3591] 3590 (6 5 1 2 0) -> 3591 (6 5 1 3 0)
Hop 1: [3587-3586] 3587 (6 5 0 3 0) -> 3586 (6 5 0 2 0)
Hop 1: [3573-3581] 3573 (6 4 13 1 0) -> 3581 (6 4 15 1 0)
Hop 1: [3551-3543] 3551 (6 4 7 3 0) -> 3543 (6 4 5 3 0)
Hop 1: [3540-3572] 3540 (6 4 5 0 0) -> 3572 (6 4 13 0 0)
Hop 1: [3531-3563] 3531 (6 4 2 3 0) -> 3563 (6 4 10 3 0)
Hop 1: [3525-3557] 3525 (6 4 1 1 0) -> 3557 (6 4 9 1 0)
Hop 1: [3498-3594] 3498 (6 3 10 2 0) -> 3466 (6 3 2 2 0)
Hop 2: [3498-3594] 3466 (6 3 2 2 0) -> 3594 (6 5 2 2 0)
Hop 1: [3503-3504] 3503 (6 3 11 3 0) -> 3500 (6 3 11 0 0)
Hop 2: [3503-3504] 3500 (6 3 11 0 0) -> 3504 (6 3 12 0 0)
Hop 1: [3509-3541] 3509 (6 3 13 1 0) -> 3477 (6 3 5 1 0)
Hop 2: [3509-3541] 3477 (6 3 5 1 0) -> 3541 (6 4 5 1 0)
Hop 1: [3516-3548] 3516 (6 3 15 0 0) -> 3484 (6 3 7 0 0)
Hop 2: [3516-3548] 3484 (6 3 7 0 0) -> 3548 (6 4 7 0 0)
Hop 1: [3527-3559] 3527 (6 4 1 3 0) -> 3559 (6 4 9 3 0)
Hop 1: [3546-3578] 3546 (6 4 6 2 0) -> 3578 (6 4 14 2 0)
Hop 1: [3559-3591] 3559 (6 4 9 3 0) -> 3527 (6 4 1 3 0)
Hop 2: [3559-3591] 3527 (6 4 1 3 0) -> 3591 (6 5 1 3 0)
Hop 1: [3565-3589] 3565 (6 4 11 1 0) -> 3525 (6 4 1 1 0)
Hop 2: [3565-3589] 3525 (6 4 1 1 0) -> 3589 (6 5 1 1 0)
Hop 1: [3577-3585] 3577 (6 4 14 1 0) -> 3521 (6 4 0 1 0)
Hop 2: [3577-3585] 3521 (6 4 0 1 0) -> 3585 (6 5 0 1 0)
Hop 1: [3579-3587] 3579 (6 4 14 3 0) -> 3523 (6 4 0 3 0)
Hop 2: [3579-3587] 3523 (6 4 0 3 0) -> 3587 (6 5 0 3 0)
Hop 1: [3589-3590] 3589 (6 5 1 1 0) -> 3590 (6 5 1 2 0)
Hop 1: [3596-3595] 3596 (6 5 3 0 0) -> 3599 (6 5 3 3 0)
Hop 2: [3596-3595] 3599 (6 5 3 3 0) -> 3595 (6 5 2 3 0)
Hop 1: [3598-3502] 3598 (6 5 3 2 0) -> 3630 (6 5 11 2 0)
Hop 2: [3598-3502] 3630 (6 5 11 2 0) -> 3502 (6 3 11 2 0)
Hop 1: [3606-3574] 3606 (6 5 5 2 0) -> 3638 (6 5 13 2 0)
Hop 2: [3606-3574] 3638 (6 5 13 2 0) -> 3574 (6 4 13 2 0)
Hop 1: [3613-3517] 3613 (6 5 7 1 0) -> 3645 (6 5 15 1 0)
Hop 2: [3613-3517] 3645 (6 5 15 1 0) -> 3517 (6 3 15 1 0)
Hop 1: [3603-3595] 3603 (6 5 4 3 0) -> 3595 (6 5 2 3 0)
Hop 1: [3584-3592] 3584 (6 5 0 0 0) -> 3592 (6 5 2 0 0)
Hop 1: [3578-3586] 3578 (6 4 14 2 0) -> 3522 (6 4 0 2 0)
Hop 2: [3578-3586] 3522 (6 4 0 2 0) -> 3586 (6 5 0 2 0)
Hop 1: [3567-3591] 3567 (6 4 11 3 0) -> 3527 (6 4 1 3 0)
Hop 2: [3567-3591] 3527 (6 4 1 3 0) -> 3591 (6 5 1 3 0)
Hop 1: [3561-3593] 3561 (6 4 10 1 0) -> 3529 (6 4 2 1 0)
Hop 2: [3561-3593] 3529 (6 4 2 1 0) -> 3593 (6 5 2 1 0)
Hop 1: [3551-3550] 3551 (6 4 7 3 0) -> 3550 (6 4 7 2 0)
Hop 1: [3545-3577] 3545 (6 4 6 1 0) -> 3577 (6 4 14 1 0)
Hop 1: [3535-3567] 3535 (6 4 3 3 0) -> 3567 (6 4 11 3 0)
Hop 1: [3518-3550] 3518 (6 3 15 2 0) -> 3486 (6 3 7 2 0)
Hop 2: [3518-3550] 3486 (6 3 7 2 0) -> 3550 (6 4 7 2 0)
Hop 1: [3511-3503] 3511 (6 3 13 3 0) -> 3503 (6 3 11 3 0)
Hop 1: [3504-3536] 3504 (6 3 12 0 0) -> 3472 (6 3 4 0 0)
Hop 2: [3504-3536] 3472 (6 3 4 0 0) -> 3536 (6 4 4 0 0)
Hop 1: [3499-3595] 3499 (6 3 10 3 0) -> 3467 (6 3 2 3 0)
Hop 2: [3499-3595] 3467 (6 3 2 3 0) -> 3595 (6 5 2 3 0)
Hop 1: [3502-3503] 3502 (6 3 11 2 0) -> 3503 (6 3 11 3 0)
Hop 1: [3507-3506] 3507 (6 3 12 3 0) -> 3506 (6 3 12 2 0)
Hop 1: [3510-3502] 3510 (6 3 13 2 0) -> 3502 (6 3 11 2 0)
Hop 1: [3519-3551] 3519 (6 3 15 3 0) -> 3487 (6 3 7 3 0)
Hop 2: [3519-3551] 3487 (6 3 7 3 0) -> 3551 (6 4 7 3 0)
Hop 1: [3522-3554] 3522 (6 4 0 2 0) -> 3554 (6 4 8 2 0)
Hop 1: [3532-3564] 3532 (6 4 3 0 0) -> 3564 (6 4 11 0 0)
Hop 1: [3555-3587] 3555 (6 4 8 3 0) -> 3523 (6 4 0 3 0)
Hop 2: [3555-3587] 3523 (6 4 0 3 0) -> 3587 (6 5 0 3 0)
Hop 1: [3571-3579] 3571 (6 4 12 3 0) -> 3579 (6 4 14 3 0)
Hop 1: [3576-3584] 3576 (6 4 14 0 0) -> 3520 (6 4 0 0 0)
Hop 2: [3576-3584] 3520 (6 4 0 0 0) -> 3584 (6 5 0 0 0)
Hop 1: [3582-3583] 3582 (6 4 15 2 0) -> 3583 (6 4 15 3 0)
Hop 1: [3587-3588] 3587 (6 5 0 3 0) -> 3584 (6 5 0 0 0)
Hop 2: [3587-3588] 3584 (6 5 0 0 0) -> 3588 (6 5 1 0 0)
Hop 1: [3611-3515] 3611 (6 5 6 3 0) -> 3643 (6 5 14 3 0)
Hop 2: [3611-3515] 3643 (6 5 14 3 0) -> 3515 (6 3 14 3 0)
Hop 1: [3614-3518] 3614 (6 5 7 2 0) -> 3646 (6 5 15 2 0)
Hop 2: [3614-3518] 3646 (6 5 15 2 0) -> 3518 (6 3 15 2 0)
Hop 1: [3615-3583] 3615 (6 5 7 3 0) -> 3647 (6 5 15 3 0)
Hop 2: [3615-3583] 3647 (6 5 15 3 0) -> 3583 (6 4 15 3 0)
Hop 1: [3609-3577] 3609 (6 5 6 1 0) -> 3641 (6 5 14 1 0)
Hop 2: [3609-3577] 3641 (6 5 14 1 0) -> 3577 (6 4 14 1 0)
Hop 1: [3599-3567] 3599 (6 5 3 3 0) -> 3631 (6 5 11 3 0)
Hop 2: [3599-3567] 3631 (6 5 11 3 0) -> 3567 (6 4 11 3 0)
Hop 1: [3592-3585] 3592 (6 5 2 0 0) -> 3593 (6 5 2 1 0)
Hop 2: [3592-3585] 3593 (6 5 2 1 0) -> 3585 (6 5 0 1 0)
Hop 1: [3557-3558] 3557 (6 4 9 1 0) -> 3558 (6 4 9 2 0)
Hop 1: [3551-3552] 3551 (6 4 7 3 0) -> 3548 (6 4 7 0 0)
Hop 2: [3551-3552] 3548 (6 4 7 0 0) -> 3552 (6 4 8 0 0)
Hop 1: [3515-3547] 3515 (6 3 14 3 0) -> 3483 (6 3 6 3 0)
Hop 2: [3515-3547] 3483 (6 3 6 3 0) -> 3547 (6 4 6 3 0)
Hop 1: [3505-3506] 3505 (6 3 12 1 0) -> 3506 (6 3 12 2 0)
Hop 1: [3537-3505] 3537 (6 4 4 1 0) -> 3569 (6 4 12 1 0)
Hop 2: [3537-3505] 3569 (6 4 12 1 0) -> 3505 (6 3 12 1 0)
Hop 1: [3542-3574] 3542 (6 4 5 2 0) -> 3574 (6 4 13 2 0)
Hop 1: [3560-3592] 3560 (6 4 10 0 0) -> 3528 (6 4 2 0 0)
Hop 2: [3560-3592] 3528 (6 4 2 0 0) -> 3592 (6 5 2 0 0)
Hop 1: [3581-3589] 3581 (6 4 15 1 0) -> 3525 (6 4 1 1 0)
Hop 2: [3581-3589] 3525 (6 4 1 1 0) -> 3589 (6 5 1 1 0)
Hop 1: [3593-3594] 3593 (6 5 2 1 0) -> 3594 (6 5 2 2 0)
Hop 1: [3605-3573] 3605 (6 5 5 1 0) -> 3637 (6 5 13 1 0)
Hop 2: [3605-3573] 3637 (6 5 13 1 0) -> 3573 (6 4 13 1 0)
Hop 1: [3612-3580] 3612 (6 5 7 0 0) -> 3644 (6 5 15 0 0)
Hop 2: [3612-3580] 3644 (6 5 15 0 0) -> 3580 (6 4 15 0 0)
Hop 1: [3582-3590] 3582 (6 4 15 2 0) -> 3526 (6 4 1 2 0)
Hop 2: [3582-3590] 3526 (6 4 1 2 0) -> 3590 (6 5 1 2 0)
Hop 1: [3534-3558] 3534 (6 4 3 2 0) -> 3558 (6 4 9 2 0)
Hop 1: [3520-3552] 3520 (6 4 0 0 0) -> 3552 (6 4 8 0 0)
Hop 1: [3504-3503] 3504 (6 3 12 0 0) -> 3507 (6 3 12 3 0)
Hop 2: [3504-3503] 3507 (6 3 12 3 0) -> 3503 (6 3 11 3 0)
Hop 1: [3557-3589] 3557 (6 4 9 1 0) -> 3525 (6 4 1 1 0)
Hop 2: [3557-3589] 3525 (6 4 1 1 0) -> 3589 (6 5 1 1 0)
Hop 1: [3592-3591] 3592 (6 5 2 0 0) -> 3595 (6 5 2 3 0)
Hop 2: [3592-3591] 3595 (6 5 2 3 0) -> 3591 (6 5 1 3 0)
Hop 1: [3598-3566] 3598 (6 5 3 2 0) -> 3630 (6 5 11 2 0)
Hop 2: [3598-3566] 3630 (6 5 11 2 0) -> 3566 (6 4 11 2 0)
Hop 1: [3614-3582] 3614 (6 5 7 2 0) -> 3646 (6 5 15 2 0)
Hop 2: [3614-3582] 3646 (6 5 15 2 0) -> 3582 (6 4 15 2 0)
Hop 1: [3572-3580] 3572 (6 4 13 0 0) -> 3580 (6 4 15 0 0)
Hop 1: [3552-3584] 3552 (6 4 8 0 0) -> 3520 (6 4 0 0 0)
Hop 2: [3552-3584] 3520 (6 4 0 0 0) -> 3584 (6 5 0 0 0)
Hop 1: [3534-3566] 3534 (6 4 3 2 0) -> 3566 (6 4 11 2 0)
Hop 1: [3570-3578] 3570 (6 4 12 2 0) -> 3578 (6 4 14 2 0)
Hop 1: [3551-3559] 3551 (6 4 7 3 0) -> 3559 (6 4 9 3 0)
Hop 1: [3550-3558] 3550 (6 4 7 2 0) -> 3558 (6 4 9 2 0)
Hop 1: [3610-3514] 3610 (6 5 6 2 0) -> 3642 (6 5 14 2 0)
Hop 2: [3610-3514] 3642 (6 5 14 2 0) -> 3514 (6 3 14 2 0)
Hop 1: [3613-3581] 3613 (6 5 7 1 0) -> 3645 (6 5 15 1 0)
Hop 2: [3613-3581] 3645 (6 5 15 1 0) -> 3581 (6 4 15 1 0)
Hop 1: [3551-3583] 3551 (6 4 7 3 0) -> 3583 (6 4 15 3 0)
Hop 1: [3611-3579] 3611 (6 5 6 3 0) -> 3643 (6 5 14 3 0)
Hop 2: [3611-3579] 3643 (6 5 14 3 0) -> 3579 (6 4 14 3 0)
Hop 1: [3550-3582] 3550 (6 4 7 2 0) -> 3582 (6 4 15 2 0)
Hop 1: [3610-3578] 3610 (6 5 6 2 0) -> 3642 (6 5 14 2 0)
Hop 2: [3610-3578] 3642 (6 5 14 2 0) -> 3578 (6 4 14 2 0)
