Hop 1: [1271-1255] 1271 (6 1 13 3 0) -> 1255 (6 1 9 3 0)
Hop 1: [804-762] 804 (4 0 9 0 0) -> 806 (4 0 9 2 0)
Hop 2: [804-762] 806 (4 0 9 2 0) -> 826 (4 0 14 2 0)
Hop 1: [1274-813] 1274 (6 1 14 2 0) -> 1273 (6 1 14 1 0)
Hop 2: [1274-813] 1273 (6 1 14 1 0) -> 1261 (6 1 11 1 0)
Hop 3: [1274-813] 1261 (6 1 11 1 0) -> 1197 (6 0 11 1 0)
Hop 4: [1274-813] 1197 (6 0 11 1 0) -> 813 (4 0 11 1 0)
Hop 3: [804-762] 826 (4 0 14 2 0) -> 954 (4 2 14 2 0)
Hop 4: [804-762] 954 (4 2 14 2 0) -> 762 (3 2 14 2 0)
Hop 1: [763-762] 763 (3 2 14 3 0) -> 762 (3 2 14 2 0)
Hop 1: [812-810] 812 (4 0 11 0 0) -> 814 (4 0 11 2 0)
Hop 2: [812-810] 814 (4 0 11 2 0) -> 810 (4 0 10 2 0)
Hop 1: [854-763] 854 (4 1 5 2 0) -> 855 (4 1 5 3 0)
Hop 2: [854-763] 855 (4 1 5 3 0) -> 891 (4 1 14 3 0)
Hop 3: [854-763] 891 (4 1 14 3 0) -> 955 (4 2 14 3 0)
Hop 4: [854-763] 955 (4 2 14 3 0) -> 763 (3 2 14 3 0)
Hop 1: [811-810] 811 (4 0 10 3 0) -> 810 (4 0 10 2 0)
Hop 1: [1275-810] 1275 (6 1 14 3 0) -> 1274 (6 1 14 2 0)
Hop 2: [1275-810] 1274 (6 1 14 2 0) -> 1258 (6 1 10 2 0)
Hop 3: [1275-810] 1258 (6 1 10 2 0) -> 1194 (6 0 10 2 0)
Hop 4: [1275-810] 1194 (6 0 10 2 0) -> 810 (4 0 10 2 0)
Hop 1: [813-811] 813 (4 0 11 1 0) -> 815 (4 0 11 3 0)
Hop 2: [813-811] 815 (4 0 11 3 0) -> 811 (4 0 10 3 0)
Hop 1: [764-762] 764 (3 2 15 0 0) -> 766 (3 2 15 2 0)
Hop 2: [764-762] 766 (3 2 15 2 0) -> 762 (3 2 14 2 0)
Hop 1: [1273-812] 1273 (6 1 14 1 0) -> 1272 (6 1 14 0 0)
Hop 2: [1273-812] 1272 (6 1 14 0 0) -> 1260 (6 1 11 0 0)
Hop 3: [1273-812] 1260 (6 1 11 0 0) -> 1196 (6 0 11 0 0)
Hop 4: [1273-812] 1196 (6 0 11 0 0) -> 812 (4 0 11 0 0)
Hop 1: [810-811] 810 (4 0 10 2 0) -> 811 (4 0 10 3 0)
Hop 1: [765-762] 765 (3 2 15 1 0) -> 766 (3 2 15 2 0)
Hop 2: [765-762] 766 (3 2 15 2 0) -> 762 (3 2 14 2 0)
Hop 1: [1258-854] 1258 (6 1 10 2 0) -> 1238 (6 1 5 2 0)
Hop 2: [1258-854] 1238 (6 1 5 2 0) -> 854 (4 1 5 2 0)
Hop 1: [1255-812] 1255 (6 1 9 3 0) -> 1252 (6 1 9 0 0)
Hop 2: [1255-812] 1252 (6 1 9 0 0) -> 1260 (6 1 11 0 0)
Hop 1: [853-762] 853 (4 1 5 1 0) -> 854 (4 1 5 2 0)
Hop 2: [853-762] 854 (4 1 5 2 0) -> 890 (4 1 14 2 0)
Hop 3: [1255-812] 1260 (6 1 11 0 0) -> 1196 (6 0 11 0 0)
Hop 4: [1255-812] 1196 (6 0 11 0 0) -> 812 (4 0 11 0 0)
Hop 1: [1277-812] 1277 (6 1 15 1 0) -> 1276 (6 1 15 0 0)
Hop 2: [1277-812] 1276 (6 1 15 0 0) -> 1260 (6 1 11 0 0)
Hop 1: [1279-843] 1279 (6 1 15 3 0) -> 1227 (6 1 2 3 0)
Hop 2: [1279-843] 1227 (6 1 2 3 0) -> 843 (4 1 2 3 0)
Hop 1: [1280-852] 1280 (6 2 0 0 0) -> 1300 (6 2 5 0 0)
Hop 2: [1280-852] 1300 (6 2 5 0 0) -> 1236 (6 1 5 0 0)
Hop 3: [1277-812] 1260 (6 1 11 0 0) -> 1196 (6 0 11 0 0)
Hop 4: [1277-812] 1196 (6 0 11 0 0) -> 812 (4 0 11 0 0)
Hop 3: [853-762] 890 (4 1 14 2 0) -> 954 (4 2 14 2 0)
Hop 4: [853-762] 954 (4 2 14 2 0) -> 762 (3 2 14 2 0)
Hop 1: [809-763] 809 (4 0 10 1 0) -> 811 (4 0 10 3 0)
Hop 2: [809-763] 811 (4 0 10 3 0) -> 827 (4 0 14 3 0)
Hop 1: [808-762] 808 (4 0 10 0 0) -> 810 (4 0 10 2 0)
Hop 2: [808-762] 810 (4 0 10 2 0) -> 826 (4 0 14 2 0)
Hop 1: [805-763] 805 (4 0 9 1 0) -> 807 (4 0 9 3 0)
Hop 2: [805-763] 807 (4 0 9 3 0) -> 827 (4 0 14 3 0)
Hop 1: [806-812] 806 (4 0 9 2 0) -> 804 (4 0 9 0 0)
Hop 2: [806-812] 804 (4 0 9 0 0) -> 812 (4 0 11 0 0)
Hop 1: [807-812] 807 (4 0 9 3 0) -> 804 (4 0 9 0 0)
Hop 2: [807-812] 804 (4 0 9 0 0) -> 812 (4 0 11 0 0)
Hop 3: [808-762] 826 (4 0 14 2 0) -> 954 (4 2 14 2 0)
Hop 4: [808-762] 954 (4 2 14 2 0) -> 762 (3 2 14 2 0)
Hop 3: [809-763] 827 (4 0 14 3 0) -> 955 (4 2 14 3 0)
Hop 4: [809-763] 955 (4 2 14 3 0) -> 763 (3 2 14 3 0)
Hop 1: [843-810] 843 (4 1 2 3 0) -> 842 (4 1 2 2 0)
Hop 2: [843-810] 842 (4 1 2 2 0) -> 874 (4 1 10 2 0)
Hop 1: [852-811] 852 (4 1 5 0 0) -> 855 (4 1 5 3 0)
Hop 2: [852-811] 855 (4 1 5 3 0) -> 875 (4 1 10 3 0)
Hop 1: [1256-813] 1256 (6 1 10 0 0) -> 1257 (6 1 10 1 0)
Hop 2: [1256-813] 1257 (6 1 10 1 0) -> 1261 (6 1 11 1 0)
Hop 1: [1278-813] 1278 (6 1 15 2 0) -> 1277 (6 1 15 1 0)
Hop 2: [1278-813] 1277 (6 1 15 1 0) -> 1261 (6 1 11 1 0)
Hop 3: [1280-852] 1236 (6 1 5 0 0) -> 852 (4 1 5 0 0)
Hop 3: [1278-813] 1261 (6 1 11 1 0) -> 1197 (6 0 11 1 0)
Hop 4: [1278-813] 1197 (6 0 11 1 0) -> 813 (4 0 11 1 0)
Hop 1: [1276-811] 1276 (6 1 15 0 0) -> 1279 (6 1 15 3 0)
Hop 2: [1276-811] 1279 (6 1 15 3 0) -> 1259 (6 1 10 3 0)
Hop 1: [1272-1256] 1272 (6 1 14 0 0) -> 1256 (6 1 10 0 0)
Hop 3: [1256-813] 1261 (6 1 11 1 0) -> 1197 (6 0 11 1 0)
Hop 4: [1256-813] 1197 (6 0 11 1 0) -> 813 (4 0 11 1 0)
Hop 3: [852-811] 875 (4 1 10 3 0) -> 811 (4 0 10 3 0)
Hop 3: [843-810] 874 (4 1 10 2 0) -> 810 (4 0 10 2 0)
Hop 3: [805-763] 827 (4 0 14 3 0) -> 955 (4 2 14 3 0)
Hop 4: [805-763] 955 (4 2 14 3 0) -> 763 (3 2 14 3 0)
Hop 1: [762-763] 762 (3 2 14 2 0) -> 763 (3 2 14 3 0)
Hop 3: [1276-811] 1259 (6 1 10 3 0) -> 1195 (6 0 10 3 0)
Hop 4: [1276-811] 1195 (6 0 10 3 0) -> 811 (4 0 10 3 0)
Hop 1: [1271-1256] 1271 (6 1 13 3 0) -> 1268 (6 1 13 0 0)
Hop 2: [1271-1256] 1268 (6 1 13 0 0) -> 1256 (6 1 10 0 0)
Hop 1: [763-854] 763 (3 2 14 3 0) -> 762 (3 2 14 2 0)
Hop 2: [763-854] 762 (3 2 14 2 0) -> 726 (3 2 5 2 0)
Hop 1: [804-763] 804 (4 0 9 0 0) -> 807 (4 0 9 3 0)
Hop 2: [804-763] 807 (4 0 9 3 0) -> 827 (4 0 14 3 0)
Hop 1: [1274-843] 1274 (6 1 14 2 0) -> 1275 (6 1 14 3 0)
Hop 2: [1274-843] 1275 (6 1 14 3 0) -> 1227 (6 1 2 3 0)
Hop 3: [1274-843] 1227 (6 1 2 3 0) -> 843 (4 1 2 3 0)
Hop 1: [854-853] 854 (4 1 5 2 0) -> 853 (4 1 5 1 0)
Hop 1: [812-811] 812 (4 0 11 0 0) -> 815 (4 0 11 3 0)
Hop 2: [812-811] 815 (4 0 11 3 0) -> 811 (4 0 10 3 0)
Hop 1: [811-812] 811 (4 0 10 3 0) -> 808 (4 0 10 0 0)
Hop 2: [811-812] 808 (4 0 10 0 0) -> 812 (4 0 11 0 0)
Hop 3: [804-763] 827 (4 0 14 3 0) -> 955 (4 2 14 3 0)
Hop 4: [804-763] 955 (4 2 14 3 0) -> 763 (3 2 14 3 0)
Hop 3: [763-854] 726 (3 2 5 2 0) -> 662 (3 1 5 2 0)
Hop 4: [763-854] 662 (3 1 5 2 0) -> 854 (4 1 5 2 0)
Hop 1: [764-763] 764 (3 2 15 0 0) -> 767 (3 2 15 3 0)
Hop 2: [764-763] 767 (3 2 15 3 0) -> 763 (3 2 14 3 0)
Hop 1: [813-812] 813 (4 0 11 1 0) -> 812 (4 0 11 0 0)
Hop 1: [1275-843] 1275 (6 1 14 3 0) -> 1227 (6 1 2 3 0)
Hop 2: [1275-843] 1227 (6 1 2 3 0) -> 843 (4 1 2 3 0)
Hop 1: [810-812] 810 (4 0 10 2 0) -> 808 (4 0 10 0 0)
Hop 1: [765-763] 765 (3 2 15 1 0) -> 767 (3 2 15 3 0)
Hop 2: [765-763] 767 (3 2 15 3 0) -> 763 (3 2 14 3 0)
Hop 2: [810-812] 808 (4 0 10 0 0) -> 812 (4 0 11 0 0)
Hop 1: [1258-1256] 1258 (6 1 10 2 0) -> 1256 (6 1 10 0 0)
Hop 1: [1273-813] 1273 (6 1 14 1 0) -> 1261 (6 1 11 1 0)
Hop 2: [1273-813] 1261 (6 1 11 1 0) -> 1197 (6 0 11 1 0)
Hop 3: [1273-813] 1197 (6 0 11 1 0) -> 813 (4 0 11 1 0)
Hop 1: [1255-813] 1255 (6 1 9 3 0) -> 1253 (6 1 9 1 0)
Hop 2: [1255-813] 1253 (6 1 9 1 0) -> 1261 (6 1 11 1 0)
Hop 1: [1280-1272] 1280 (6 2 0 0 0) -> 1336 (6 2 14 0 0)
Hop 2: [1280-1272] 1336 (6 2 14 0 0) -> 1272 (6 1 14 0 0)
Hop 1: [1279-1271] 1279 (6 1 15 3 0) -> 1271 (6 1 13 3 0)
Hop 1: [1277-1257] 1277 (6 1 15 1 0) -> 1257 (6 1 10 1 0)
Hop 3: [1255-813] 1261 (6 1 11 1 0) -> 1197 (6 0 11 1 0)
Hop 4: [1255-813] 1197 (6 0 11 1 0) -> 813 (4 0 11 1 0)
Hop 1: [853-854] 853 (4 1 5 1 0) -> 854 (4 1 5 2 0)
Hop 1: [808-810] 808 (4 0 10 0 0) -> 810 (4 0 10 2 0)
Hop 1: [805-813] 805 (4 0 9 1 0) -> 813 (4 0 11 1 0)
Hop 1: [806-813] 806 (4 0 9 2 0) -> 805 (4 0 9 1 0)
Hop 2: [806-813] 805 (4 0 9 1 0) -> 813 (4 0 11 1 0)
Hop 1: [807-813] 807 (4 0 9 3 0) -> 805 (4 0 9 1 0)
Hop 2: [807-813] 805 (4 0 9 1 0) -> 813 (4 0 11 1 0)
Hop 1: [809-810] 809 (4 0 10 1 0) -> 810 (4 0 10 2 0)
Hop 1: [852-812] 852 (4 1 5 0 0) -> 876 (4 1 11 0 0)
Hop 2: [852-812] 876 (4 1 11 0 0) -> 812 (4 0 11 0 0)
Hop 1: [1256-853] 1256 (6 1 10 0 0) -> 1257 (6 1 10 1 0)
Hop 2: [1256-853] 1257 (6 1 10 1 0) -> 1237 (6 1 5 1 0)
Hop 1: [1278-1258] 1278 (6 1 15 2 0) -> 1258 (6 1 10 2 0)
Hop 1: [1276-852] 1276 (6 1 15 0 0) -> 1236 (6 1 5 0 0)
Hop 2: [1276-852] 1236 (6 1 5 0 0) -> 852 (4 1 5 0 0)
Hop 1: [1272-1257] 1272 (6 1 14 0 0) -> 1273 (6 1 14 1 0)
Hop 2: [1272-1257] 1273 (6 1 14 1 0) -> 1257 (6 1 10 1 0)
Hop 3: [1256-853] 1237 (6 1 5 1 0) -> 853 (4 1 5 1 0)
Hop 1: [843-811] 843 (4 1 2 3 0) -> 875 (4 1 10 3 0)
Hop 2: [843-811] 875 (4 1 10 3 0) -> 811 (4 0 10 3 0)
Hop 1: [762-853] 762 (3 2 14 2 0) -> 761 (3 2 14 1 0)
Hop 2: [762-853] 761 (3 2 14 1 0) -> 725 (3 2 5 1 0)
Hop 3: [762-853] 725 (3 2 5 1 0) -> 661 (3 1 5 1 0)
Hop 4: [762-853] 661 (3 1 5 1 0) -> 853 (4 1 5 1 0)
Hop 1: [1271-1257] 1271 (6 1 13 3 0) -> 1269 (6 1 13 1 0)
Hop 2: [1271-1257] 1269 (6 1 13 1 0) -> 1257 (6 1 10 1 0)
Hop 1: [1274-852] 1274 (6 1 14 2 0) -> 1272 (6 1 14 0 0)
Hop 2: [1274-852] 1272 (6 1 14 0 0) -> 1236 (6 1 5 0 0)
Hop 3: [1274-852] 1236 (6 1 5 0 0) -> 852 (4 1 5 0 0)
Hop 1: [854-1255] 854 (4 1 5 2 0) -> 855 (4 1 5 3 0)
Hop 2: [854-1255] 855 (4 1 5 3 0) -> 871 (4 1 9 3 0)
Hop 1: [804-812] 804 (4 0 9 0 0) -> 812 (4 0 11 0 0)
Hop 1: [763-764] 763 (3 2 14 3 0) -> 760 (3 2 14 0 0)
Hop 2: [763-764] 760 (3 2 14 0 0) -> 764 (3 2 15 0 0)
Hop 1: [811-813] 811 (4 0 10 3 0) -> 809 (4 0 10 1 0)
Hop 2: [811-813] 809 (4 0 10 1 0) -> 813 (4 0 11 1 0)
Hop 1: [812-813] 812 (4 0 11 0 0) -> 813 (4 0 11 1 0)
Hop 1: [813-843] 813 (4 0 11 1 0) -> 815 (4 0 11 3 0)
Hop 2: [813-843] 815 (4 0 11 3 0) -> 779 (4 0 2 3 0)
Hop 3: [854-1255] 871 (4 1 9 3 0) -> 1255 (6 1 9 3 0)
Hop 1: [1275-852] 1275 (6 1 14 3 0) -> 1272 (6 1 14 0 0)
Hop 2: [1275-852] 1272 (6 1 14 0 0) -> 1236 (6 1 5 0 0)
Hop 3: [1275-852] 1236 (6 1 5 0 0) -> 852 (4 1 5 0 0)
Hop 3: [813-843] 779 (4 0 2 3 0) -> 843 (4 1 2 3 0)
Hop 1: [764-810] 764 (3 2 15 0 0) -> 766 (3 2 15 2 0)
Hop 2: [764-810] 766 (3 2 15 2 0) -> 746 (3 2 10 2 0)
Hop 3: [764-810] 746 (3 2 10 2 0) -> 618 (3 0 10 2 0)
Hop 4: [764-810] 618 (3 0 10 2 0) -> 810 (4 0 10 2 0)
Hop 1: [765-811] 765 (3 2 15 1 0) -> 767 (3 2 15 3 0)
Hop 2: [765-811] 767 (3 2 15 3 0) -> 747 (3 2 10 3 0)
Hop 1: [1258-1257] 1258 (6 1 10 2 0) -> 1257 (6 1 10 1 0)
Hop 1: [810-843] 810 (4 0 10 2 0) -> 811 (4 0 10 3 0)
Hop 2: [810-843] 811 (4 0 10 3 0) -> 779 (4 0 2 3 0)
Hop 3: [765-811] 747 (3 2 10 3 0) -> 619 (3 0 10 3 0)
Hop 4: [765-811] 619 (3 0 10 3 0) -> 811 (4 0 10 3 0)
Hop 3: [810-843] 779 (4 0 2 3 0) -> 843 (4 1 2 3 0)
Hop 1: [1273-843] 1273 (6 1 14 1 0) -> 1275 (6 1 14 3 0)
Hop 2: [1273-843] 1275 (6 1 14 3 0) -> 1227 (6 1 2 3 0)
Hop 3: [1273-843] 1227 (6 1 2 3 0) -> 843 (4 1 2 3 0)
Hop 1: [808-811] 808 (4 0 10 0 0) -> 811 (4 0 10 3 0)
Hop 1: [1280-1276] 1280 (6 2 0 0 0) -> 1340 (6 2 15 0 0)
Hop 2: [1280-1276] 1340 (6 2 15 0 0) -> 1276 (6 1 15 0 0)
Hop 1: [1279-1273] 1279 (6 1 15 3 0) -> 1277 (6 1 15 1 0)
Hop 2: [1279-1273] 1277 (6 1 15 1 0) -> 1273 (6 1 14 1 0)
Hop 1: [1277-1271] 1277 (6 1 15 1 0) -> 1279 (6 1 15 3 0)
Hop 2: [1277-1271] 1279 (6 1 15 3 0) -> 1271 (6 1 13 3 0)
Hop 1: [1255-853] 1255 (6 1 9 3 0) -> 1253 (6 1 9 1 0)
Hop 2: [1255-853] 1253 (6 1 9 1 0) -> 1237 (6 1 5 1 0)
Hop 1: [853-1255] 853 (4 1 5 1 0) -> 855 (4 1 5 3 0)
Hop 2: [853-1255] 855 (4 1 5 3 0) -> 871 (4 1 9 3 0)
Hop 1: [805-853] 805 (4 0 9 1 0) -> 789 (4 0 5 1 0)
Hop 2: [805-853] 789 (4 0 5 1 0) -> 853 (4 1 5 1 0)
Hop 1: [806-843] 806 (4 0 9 2 0) -> 807 (4 0 9 3 0)
Hop 2: [806-843] 807 (4 0 9 3 0) -> 779 (4 0 2 3 0)
Hop 1: [809-811] 809 (4 0 10 1 0) -> 811 (4 0 10 3 0)
Hop 1: [852-813] 852 (4 1 5 0 0) -> 853 (4 1 5 1 0)
Hop 2: [852-813] 853 (4 1 5 1 0) -> 877 (4 1 11 1 0)
Hop 3: [852-813] 877 (4 1 11 1 0) -> 813 (4 0 11 1 0)
Hop 3: [853-1255] 871 (4 1 9 3 0) -> 1255 (6 1 9 3 0)
Hop 3: [1255-853] 1237 (6 1 5 1 0) -> 853 (4 1 5 1 0)
Hop 1: [1278-1271] 1278 (6 1 15 2 0) -> 1279 (6 1 15 3 0)
Hop 2: [1278-1271] 1279 (6 1 15 3 0) -> 1271 (6 1 13 3 0)
Hop 1: [1276-1256] 1276 (6 1 15 0 0) -> 1256 (6 1 10 0 0)
Hop 1: [1272-1258] 1272 (6 1 14 0 0) -> 1274 (6 1 14 2 0)
Hop 2: [1272-1258] 1274 (6 1 14 2 0) -> 1258 (6 1 10 2 0)
Hop 1: [1256-854] 1256 (6 1 10 0 0) -> 1258 (6 1 10 2 0)
Hop 2: [1256-854] 1258 (6 1 10 2 0) -> 1238 (6 1 5 2 0)
Hop 1: [843-812] 843 (4 1 2 3 0) -> 840 (4 1 2 0 0)
Hop 2: [843-812] 840 (4 1 2 0 0) -> 876 (4 1 11 0 0)
Hop 1: [807-852] 807 (4 0 9 3 0) -> 804 (4 0 9 0 0)
Hop 2: [807-852] 804 (4 0 9 0 0) -> 788 (4 0 5 0 0)
Hop 3: [806-843] 779 (4 0 2 3 0) -> 843 (4 1 2 3 0)
Hop 3: [807-852] 788 (4 0 5 0 0) -> 852 (4 1 5 0 0)
Hop 3: [843-812] 876 (4 1 11 0 0) -> 812 (4 0 11 0 0)
Hop 3: [1256-854] 1238 (6 1 5 2 0) -> 854 (4 1 5 2 0)
Hop 1: [762-764] 762 (3 2 14 2 0) -> 760 (3 2 14 0 0)
Hop 2: [762-764] 760 (3 2 14 0 0) -> 764 (3 2 15 0 0)
Hop 1: [1271-1258] 1271 (6 1 13 3 0) -> 1270 (6 1 13 2 0)
Hop 2: [1271-1258] 1270 (6 1 13 2 0) -> 1258 (6 1 10 2 0)
Hop 1: [1274-854] 1274 (6 1 14 2 0) -> 1238 (6 1 5 2 0)
Hop 2: [1274-854] 1238 (6 1 5 2 0) -> 854 (4 1 5 2 0)
Hop 1: [1275-1255] 1275 (6 1 14 3 0) -> 1255 (6 1 9 3 0)
Hop 1: [854-1256] 854 (4 1 5 2 0) -> 852 (4 1 5 0 0)
Hop 2: [854-1256] 852 (4 1 5 0 0) -> 872 (4 1 10 0 0)
Hop 1: [813-852] 813 (4 0 11 1 0) -> 812 (4 0 11 0 0)
Hop 2: [813-852] 812 (4 0 11 0 0) -> 788 (4 0 5 0 0)
Hop 1: [812-843] 812 (4 0 11 0 0) -> 815 (4 0 11 3 0)
Hop 2: [812-843] 815 (4 0 11 3 0) -> 779 (4 0 2 3 0)
Hop 1: [811-843] 811 (4 0 10 3 0) -> 779 (4 0 2 3 0)
Hop 2: [811-843] 779 (4 0 2 3 0) -> 843 (4 1 2 3 0)
Hop 1: [804-853] 804 (4 0 9 0 0) -> 805 (4 0 9 1 0)
Hop 2: [804-853] 805 (4 0 9 1 0) -> 789 (4 0 5 1 0)
Hop 1: [763-765] 763 (3 2 14 3 0) -> 761 (3 2 14 1 0)
Hop 2: [763-765] 761 (3 2 14 1 0) -> 765 (3 2 15 1 0)
Hop 1: [764-1255] 764 (3 2 15 0 0) -> 767 (3 2 15 3 0)
Hop 2: [764-1255] 767 (3 2 15 3 0) -> 743 (3 2 9 3 0)
Hop 3: [804-853] 789 (4 0 5 1 0) -> 853 (4 1 5 1 0)
Hop 3: [812-843] 779 (4 0 2 3 0) -> 843 (4 1 2 3 0)
Hop 3: [813-852] 788 (4 0 5 0 0) -> 852 (4 1 5 0 0)
Hop 3: [854-1256] 872 (4 1 10 0 0) -> 1256 (6 1 10 0 0)
Hop 1: [1257-853] 1257 (6 1 10 1 0) -> 1237 (6 1 5 1 0)
Hop 2: [1257-853] 1237 (6 1 5 1 0) -> 853 (4 1 5 1 0)
Hop 1: [1258-1271] 1258 (6 1 10 2 0) -> 1259 (6 1 10 3 0)
Hop 2: [1258-1271] 1259 (6 1 10 3 0) -> 1271 (6 1 13 3 0)
Hop 1: [810-764] 810 (4 0 10 2 0) -> 808 (4 0 10 0 0)
Hop 2: [810-764] 808 (4 0 10 0 0) -> 828 (4 0 15 0 0)
Hop 1: [765-1256] 765 (3 2 15 1 0) -> 764 (3 2 15 0 0)
Hop 2: [765-1256] 764 (3 2 15 0 0) -> 744 (3 2 10 0 0)
Hop 3: [764-1255] 743 (3 2 9 3 0) -> 679 (3 1 9 3 0)
Hop 4: [764-1255] 679 (3 1 9 3 0) -> 1255 (6 1 9 3 0)
Hop 3: [765-1256] 744 (3 2 10 0 0) -> 680 (3 1 10 0 0)
Hop 4: [765-1256] 680 (3 1 10 0 0) -> 1256 (6 1 10 0 0)
Hop 1: [808-812] 808 (4 0 10 0 0) -> 812 (4 0 11 0 0)
Hop 1: [809-812] 809 (4 0 10 1 0) -> 808 (4 0 10 0 0)
Hop 2: [809-812] 808 (4 0 10 0 0) -> 812 (4 0 11 0 0)
Hop 3: [810-764] 828 (4 0 15 0 0) -> 956 (4 2 15 0 0)
Hop 4: [810-764] 956 (4 2 15 0 0) -> 764 (3 2 15 0 0)
Hop 1: [853-1256] 853 (4 1 5 1 0) -> 852 (4 1 5 0 0)
Hop 1: [1255-854] 1255 (6 1 9 3 0) -> 1254 (6 1 9 2 0)
Hop 2: [1255-854] 1254 (6 1 9 2 0) -> 1238 (6 1 5 2 0)
Hop 1: [1273-853] 1273 (6 1 14 1 0) -> 1237 (6 1 5 1 0)
Hop 2: [1273-853] 1237 (6 1 5 1 0) -> 853 (4 1 5 1 0)
Hop 1: [1277-1272] 1277 (6 1 15 1 0) -> 1276 (6 1 15 0 0)
Hop 2: [1277-1272] 1276 (6 1 15 0 0) -> 1272 (6 1 14 0 0)
Hop 1: [1279-1275] 1279 (6 1 15 3 0) -> 1275 (6 1 14 3 0)
Hop 1: [1280-1277] 1280 (6 2 0 0 0) -> 1281 (6 2 0 1 0)
Hop 2: [1280-1277] 1281 (6 2 0 1 0) -> 1341 (6 2 15 1 0)
Hop 3: [1280-1277] 1341 (6 2 15 1 0) -> 1277 (6 1 15 1 0)
Hop 1: [1278-1272] 1278 (6 1 15 2 0) -> 1276 (6 1 15 0 0)
Hop 2: [1278-1272] 1276 (6 1 15 0 0) -> 1272 (6 1 14 0 0)
Hop 1: [1276-1273] 1276 (6 1 15 0 0) -> 1277 (6 1 15 1 0)
Hop 2: [1276-1273] 1277 (6 1 15 1 0) -> 1273 (6 1 14 1 0)
Hop 1: [1272-1271] 1272 (6 1 14 0 0) -> 1275 (6 1 14 3 0)
Hop 2: [1272-1271] 1275 (6 1 14 3 0) -> 1271 (6 1 13 3 0)
Hop 1: [1257-854] 1257 (6 1 10 1 0) -> 1258 (6 1 10 2 0)
Hop 2: [1257-854] 1258 (6 1 10 2 0) -> 1238 (6 1 5 2 0)
Hop 1: [1256-1255] 1256 (6 1 10 0 0) -> 1259 (6 1 10 3 0)
Hop 2: [1256-1255] 1259 (6 1 10 3 0) -> 1255 (6 1 9 3 0)
Hop 3: [1255-854] 1238 (6 1 5 2 0) -> 854 (4 1 5 2 0)
Hop 2: [853-1256] 852 (4 1 5 0 0) -> 872 (4 1 10 0 0)
Hop 3: [853-1256] 872 (4 1 10 0 0) -> 1256 (6 1 10 0 0)
Hop 1: [852-843] 852 (4 1 5 0 0) -> 855 (4 1 5 3 0)
Hop 2: [852-843] 855 (4 1 5 3 0) -> 843 (4 1 2 3 0)
Hop 1: [843-813] 843 (4 1 2 3 0) -> 841 (4 1 2 1 0)
Hop 2: [843-813] 841 (4 1 2 1 0) -> 877 (4 1 11 1 0)
Hop 1: [807-853] 807 (4 0 9 3 0) -> 805 (4 0 9 1 0)
Hop 2: [807-853] 805 (4 0 9 1 0) -> 789 (4 0 5 1 0)
Hop 1: [806-1255] 806 (4 0 9 2 0) -> 807 (4 0 9 3 0)
Hop 2: [806-1255] 807 (4 0 9 3 0) -> 871 (4 1 9 3 0)
Hop 1: [805-854] 805 (4 0 9 1 0) -> 806 (4 0 9 2 0)
Hop 2: [805-854] 806 (4 0 9 2 0) -> 790 (4 0 5 2 0)
Hop 3: [805-854] 790 (4 0 5 2 0) -> 854 (4 1 5 2 0)
Hop 3: [806-1255] 871 (4 1 9 3 0) -> 1255 (6 1 9 3 0)
Hop 3: [807-853] 789 (4 0 5 1 0) -> 853 (4 1 5 1 0)
Hop 3: [843-813] 877 (4 1 11 1 0) -> 813 (4 0 11 1 0)
Hop 3: [1257-854] 1238 (6 1 5 2 0) -> 854 (4 1 5 2 0)
Hop 1: [1275-1273] 1275 (6 1 14 3 0) -> 1273 (6 1 14 1 0)
Hop 1: [1274-1255] 1274 (6 1 14 2 0) -> 1275 (6 1 14 3 0)
Hop 2: [1274-1255] 1275 (6 1 14 3 0) -> 1255 (6 1 9 3 0)
Hop 1: [1271-1272] 1271 (6 1 13 3 0) -> 1268 (6 1 13 0 0)
Hop 2: [1271-1272] 1268 (6 1 13 0 0) -> 1272 (6 1 14 0 0)
Hop 1: [854-1257] 854 (4 1 5 2 0) -> 853 (4 1 5 1 0)
Hop 2: [854-1257] 853 (4 1 5 1 0) -> 873 (4 1 10 1 0)
Hop 1: [813-1255] 813 (4 0 11 1 0) -> 815 (4 0 11 3 0)
Hop 2: [813-1255] 815 (4 0 11 3 0) -> 807 (4 0 9 3 0)
Hop 1: [812-852] 812 (4 0 11 0 0) -> 788 (4 0 5 0 0)
Hop 2: [812-852] 788 (4 0 5 0 0) -> 852 (4 1 5 0 0)
Hop 1: [811-852] 811 (4 0 10 3 0) -> 808 (4 0 10 0 0)
Hop 2: [811-852] 808 (4 0 10 0 0) -> 788 (4 0 5 0 0)
Hop 1: [804-764] 804 (4 0 9 0 0) -> 828 (4 0 15 0 0)
Hop 2: [804-764] 828 (4 0 15 0 0) -> 956 (4 2 15 0 0)
Hop 1: [763-804] 763 (3 2 14 3 0) -> 760 (3 2 14 0 0)
Hop 2: [763-804] 760 (3 2 14 0 0) -> 740 (3 2 9 0 0)
Hop 3: [763-804] 740 (3 2 9 0 0) -> 612 (3 0 9 0 0)
Hop 4: [763-804] 612 (3 0 9 0 0) -> 804 (4 0 9 0 0)
Hop 1: [764-765] 764 (3 2 15 0 0) -> 765 (3 2 15 1 0)
Hop 1: [765-764] 765 (3 2 15 1 0) -> 764 (3 2 15 0 0)
Hop 3: [804-764] 956 (4 2 15 0 0) -> 764 (3 2 15 0 0)
Hop 1: [810-1275] 810 (4 0 10 2 0) -> 811 (4 0 10 3 0)
Hop 2: [810-1275] 811 (4 0 10 3 0) -> 827 (4 0 14 3 0)
Hop 3: [811-852] 788 (4 0 5 0 0) -> 852 (4 1 5 0 0)
Hop 3: [813-1255] 807 (4 0 9 3 0) -> 871 (4 1 9 3 0)
Hop 4: [813-1255] 871 (4 1 9 3 0) -> 1255 (6 1 9 3 0)
Hop 3: [854-1257] 873 (4 1 10 1 0) -> 1257 (6 1 10 1 0)
Hop 1: [1257-1255] 1257 (6 1 10 1 0) -> 1259 (6 1 10 3 0)
Hop 2: [1257-1255] 1259 (6 1 10 3 0) -> 1255 (6 1 9 3 0)
Hop 1: [1258-1272] 1258 (6 1 10 2 0) -> 1256 (6 1 10 0 0)
Hop 2: [1258-1272] 1256 (6 1 10 0 0) -> 1272 (6 1 14 0 0)
Hop 1: [1280-1278] 1280 (6 2 0 0 0) -> 1282 (6 2 0 2 0)
Hop 2: [1280-1278] 1282 (6 2 0 2 0) -> 1342 (6 2 15 2 0)
Hop 1: [1279-1276] 1279 (6 1 15 3 0) -> 1276 (6 1 15 0 0)
Hop 1: [1278-1274] 1278 (6 1 15 2 0) -> 1274 (6 1 14 2 0)
Hop 1: [1277-1273] 1277 (6 1 15 1 0) -> 1273 (6 1 14 1 0)
Hop 1: [1273-1255] 1273 (6 1 14 1 0) -> 1275 (6 1 14 3 0)
Hop 2: [1273-1255] 1275 (6 1 14 3 0) -> 1255 (6 1 9 3 0)
Hop 1: [1255-1256] 1255 (6 1 9 3 0) -> 1252 (6 1 9 0 0)
Hop 2: [1255-1256] 1252 (6 1 9 0 0) -> 1256 (6 1 10 0 0)
Hop 1: [853-1257] 853 (4 1 5 1 0) -> 873 (4 1 10 1 0)
Hop 2: [853-1257] 873 (4 1 10 1 0) -> 1257 (6 1 10 1 0)
Hop 1: [852-1274] 852 (4 1 5 0 0) -> 854 (4 1 5 2 0)
Hop 2: [852-1274] 854 (4 1 5 2 0) -> 890 (4 1 14 2 0)
Hop 3: [810-1275] 827 (4 0 14 3 0) -> 891 (4 1 14 3 0)
Hop 4: [810-1275] 891 (4 1 14 3 0) -> 1275 (6 1 14 3 0)
Hop 1: [809-813] 809 (4 0 10 1 0) -> 813 (4 0 11 1 0)
Hop 1: [808-764] 808 (4 0 10 0 0) -> 828 (4 0 15 0 0)
Hop 2: [808-764] 828 (4 0 15 0 0) -> 956 (4 2 15 0 0)
Hop 1: [806-764] 806 (4 0 9 2 0) -> 804 (4 0 9 0 0)
Hop 2: [806-764] 804 (4 0 9 0 0) -> 828 (4 0 15 0 0)
Hop 1: [762-765] 762 (3 2 14 2 0) -> 761 (3 2 14 1 0)
Hop 2: [762-765] 761 (3 2 14 1 0) -> 765 (3 2 15 1 0)
Hop 1: [805-1258] 805 (4 0 9 1 0) -> 806 (4 0 9 2 0)
Hop 2: [805-1258] 806 (4 0 9 2 0) -> 810 (4 0 10 2 0)
Hop 3: [806-764] 828 (4 0 15 0 0) -> 956 (4 2 15 0 0)
Hop 4: [806-764] 956 (4 2 15 0 0) -> 764 (3 2 15 0 0)
Hop 1: [807-854] 807 (4 0 9 3 0) -> 806 (4 0 9 2 0)
Hop 2: [807-854] 806 (4 0 9 2 0) -> 790 (4 0 5 2 0)
Hop 3: [808-764] 956 (4 2 15 0 0) -> 764 (3 2 15 0 0)
Hop 1: [843-852] 843 (4 1 2 3 0) -> 840 (4 1 2 0 0)
Hop 2: [843-852] 840 (4 1 2 0 0) -> 852 (4 1 5 0 0)
Hop 3: [852-1274] 890 (4 1 14 2 0) -> 1274 (6 1 14 2 0)
Hop 1: [1256-1258] 1256 (6 1 10 0 0) -> 1258 (6 1 10 2 0)
Hop 1: [1257-1258] 1257 (6 1 10 1 0) -> 1258 (6 1 10 2 0)
Hop 1: [1272-1274] 1272 (6 1 14 0 0) -> 1274 (6 1 14 2 0)
Hop 1: [1276-1274] 1276 (6 1 15 0 0) -> 1278 (6 1 15 2 0)
Hop 2: [1276-1274] 1278 (6 1 15 2 0) -> 1274 (6 1 14 2 0)
Hop 3: [1280-1278] 1342 (6 2 15 2 0) -> 1278 (6 1 15 2 0)
Hop 3: [807-854] 790 (4 0 5 2 0) -> 854 (4 1 5 2 0)
Hop 3: [805-1258] 810 (4 0 10 2 0) -> 874 (4 1 10 2 0)
Hop 4: [805-1258] 874 (4 1 10 2 0) -> 1258 (6 1 10 2 0)
Hop 1: [1271-1273] 1271 (6 1 13 3 0) -> 1269 (6 1 13 1 0)
Hop 2: [1271-1273] 1269 (6 1 13 1 0) -> 1273 (6 1 14 1 0)
Hop 1: [1274-1256] 1274 (6 1 14 2 0) -> 1272 (6 1 14 0 0)
Hop 2: [1274-1256] 1272 (6 1 14 0 0) -> 1256 (6 1 10 0 0)
Hop 1: [1275-1274] 1275 (6 1 14 3 0) -> 1274 (6 1 14 2 0)
Hop 1: [1257-1271] 1257 (6 1 10 1 0) -> 1259 (6 1 10 3 0)
Hop 2: [1257-1271] 1259 (6 1 10 3 0) -> 1271 (6 1 13 3 0)
Hop 1: [854-1258] 854 (4 1 5 2 0) -> 874 (4 1 10 2 0)
Hop 2: [854-1258] 874 (4 1 10 2 0) -> 1258 (6 1 10 2 0)
Hop 1: [813-1256] 813 (4 0 11 1 0) -> 812 (4 0 11 0 0)
Hop 2: [813-1256] 812 (4 0 11 0 0) -> 808 (4 0 10 0 0)
Hop 1: [812-1255] 812 (4 0 11 0 0) -> 815 (4 0 11 3 0)
Hop 2: [812-1255] 815 (4 0 11 3 0) -> 807 (4 0 9 3 0)
Hop 1: [811-1276] 811 (4 0 10 3 0) -> 808 (4 0 10 0 0)
Hop 2: [811-1276] 808 (4 0 10 0 0) -> 828 (4 0 15 0 0)
Hop 1: [804-1257] 804 (4 0 9 0 0) -> 805 (4 0 9 1 0)
Hop 2: [804-1257] 805 (4 0 9 1 0) -> 809 (4 0 10 1 0)
Hop 1: [764-804] 764 (3 2 15 0 0) -> 740 (3 2 9 0 0)
Hop 2: [764-804] 740 (3 2 9 0 0) -> 612 (3 0 9 0 0)
Hop 1: [763-805] 763 (3 2 14 3 0) -> 761 (3 2 14 1 0)
Hop 2: [763-805] 761 (3 2 14 1 0) -> 741 (3 2 9 1 0)
Hop 3: [763-805] 741 (3 2 9 1 0) -> 613 (3 0 9 1 0)
Hop 4: [763-805] 613 (3 0 9 1 0) -> 805 (4 0 9 1 0)
Hop 3: [764-804] 612 (3 0 9 0 0) -> 804 (4 0 9 0 0)
Hop 1: [765-804] 765 (3 2 15 1 0) -> 764 (3 2 15 0 0)
Hop 2: [765-804] 764 (3 2 15 0 0) -> 740 (3 2 9 0 0)
Hop 3: [804-1257] 809 (4 0 10 1 0) -> 873 (4 1 10 1 0)
Hop 4: [804-1257] 873 (4 1 10 1 0) -> 1257 (6 1 10 1 0)
Hop 3: [811-1276] 828 (4 0 15 0 0) -> 892 (4 1 15 0 0)
Hop 4: [811-1276] 892 (4 1 15 0 0) -> 1276 (6 1 15 0 0)
Hop 3: [812-1255] 807 (4 0 9 3 0) -> 871 (4 1 9 3 0)
Hop 4: [812-1255] 871 (4 1 9 3 0) -> 1255 (6 1 9 3 0)
Hop 3: [813-1256] 808 (4 0 10 0 0) -> 872 (4 1 10 0 0)
Hop 4: [813-1256] 872 (4 1 10 0 0) -> 1256 (6 1 10 0 0)
Hop 1: [1258-1278] 1258 (6 1 10 2 0) -> 1278 (6 1 15 2 0)
Hop 1: [1280-1279] 1280 (6 2 0 0 0) -> 1283 (6 2 0 3 0)
Hop 2: [1280-1279] 1283 (6 2 0 3 0) -> 1343 (6 2 15 3 0)
Hop 1: [1279-1277] 1279 (6 1 15 3 0) -> 1277 (6 1 15 1 0)
Hop 1: [1277-1274] 1277 (6 1 15 1 0) -> 1278 (6 1 15 2 0)
Hop 2: [1277-1274] 1278 (6 1 15 2 0) -> 1274 (6 1 14 2 0)
Hop 1: [1255-764] 1255 (6 1 9 3 0) -> 1252 (6 1 9 0 0)
Hop 2: [1255-764] 1252 (6 1 9 0 0) -> 1276 (6 1 15 0 0)
Hop 1: [853-1273] 853 (4 1 5 1 0) -> 889 (4 1 14 1 0)
Hop 2: [853-1273] 889 (4 1 14 1 0) -> 1273 (6 1 14 1 0)
Hop 1: [810-808] 810 (4 0 10 2 0) -> 808 (4 0 10 0 0)
Hop 1: [809-843] 809 (4 0 10 1 0) -> 811 (4 0 10 3 0)
Hop 2: [809-843] 811 (4 0 10 3 0) -> 779 (4 0 2 3 0)
Hop 1: [808-1273] 808 (4 0 10 0 0) -> 809 (4 0 10 1 0)
Hop 2: [808-1273] 809 (4 0 10 1 0) -> 825 (4 0 14 1 0)
Hop 3: [765-804] 740 (3 2 9 0 0) -> 612 (3 0 9 0 0)
Hop 4: [765-804] 612 (3 0 9 0 0) -> 804 (4 0 9 0 0)
Hop 1: [805-765] 805 (4 0 9 1 0) -> 829 (4 0 15 1 0)
Hop 2: [805-765] 829 (4 0 15 1 0) -> 957 (4 2 15 1 0)
Hop 1: [806-1271] 806 (4 0 9 2 0) -> 807 (4 0 9 3 0)
Hop 2: [806-1271] 807 (4 0 9 3 0) -> 823 (4 0 13 3 0)
Hop 1: [807-1255] 807 (4 0 9 3 0) -> 871 (4 1 9 3 0)
Hop 2: [807-1255] 871 (4 1 9 3 0) -> 1255 (6 1 9 3 0)
Hop 3: [808-1273] 825 (4 0 14 1 0) -> 889 (4 1 14 1 0)
Hop 4: [808-1273] 889 (4 1 14 1 0) -> 1273 (6 1 14 1 0)
Hop 3: [809-843] 779 (4 0 2 3 0) -> 843 (4 1 2 3 0)
Hop 1: [852-1275] 852 (4 1 5 0 0) -> 855 (4 1 5 3 0)
Hop 2: [852-1275] 855 (4 1 5 3 0) -> 891 (4 1 14 3 0)
Hop 3: [1255-764] 1276 (6 1 15 0 0) -> 1340 (6 2 15 0 0)
Hop 4: [1255-764] 1340 (6 2 15 0 0) -> 764 (3 2 15 0 0)
Hop 1: [1256-1271] 1256 (6 1 10 0 0) -> 1259 (6 1 10 3 0)
Hop 2: [1256-1271] 1259 (6 1 10 3 0) -> 1271 (6 1 13 3 0)
Hop 1: [1257-1272] 1257 (6 1 10 1 0) -> 1256 (6 1 10 0 0)
Hop 2: [1257-1272] 1256 (6 1 10 0 0) -> 1272 (6 1 14 0 0)
Hop 1: [1272-1277] 1272 (6 1 14 0 0) -> 1273 (6 1 14 1 0)
Hop 2: [1272-1277] 1273 (6 1 14 1 0) -> 1277 (6 1 15 1 0)
Hop 1: [1273-1256] 1273 (6 1 14 1 0) -> 1272 (6 1 14 0 0)
Hop 2: [1273-1256] 1272 (6 1 14 0 0) -> 1256 (6 1 10 0 0)
Hop 1: [1276-1275] 1276 (6 1 15 0 0) -> 1279 (6 1 15 3 0)
Hop 2: [1276-1275] 1279 (6 1 15 3 0) -> 1275 (6 1 14 3 0)
Hop 1: [1278-1276] 1278 (6 1 15 2 0) -> 1276 (6 1 15 0 0)
Hop 3: [1280-1279] 1343 (6 2 15 3 0) -> 1279 (6 1 15 3 0)
Hop 3: [852-1275] 891 (4 1 14 3 0) -> 1275 (6 1 14 3 0)
Hop 1: [843-1273] 843 (4 1 2 3 0) -> 841 (4 1 2 1 0)
Hop 2: [843-1273] 841 (4 1 2 1 0) -> 889 (4 1 14 1 0)
Hop 3: [806-1271] 823 (4 0 13 3 0) -> 887 (4 1 13 3 0)
Hop 4: [806-1271] 887 (4 1 13 3 0) -> 1271 (6 1 13 3 0)
Hop 3: [805-765] 957 (4 2 15 1 0) -> 765 (3 2 15 1 0)
Hop 1: [762-804] 762 (3 2 14 2 0) -> 760 (3 2 14 0 0)
Hop 2: [762-804] 760 (3 2 14 0 0) -> 740 (3 2 9 0 0)
Hop 3: [762-804] 740 (3 2 9 0 0) -> 612 (3 0 9 0 0)
Hop 4: [762-804] 612 (3 0 9 0 0) -> 804 (4 0 9 0 0)
Hop 3: [843-1273] 889 (4 1 14 1 0) -> 1273 (6 1 14 1 0)
Hop 1: [1275-1276] 1275 (6 1 14 3 0) -> 1272 (6 1 14 0 0)
Hop 2: [1275-1276] 1272 (6 1 14 0 0) -> 1276 (6 1 15 0 0)
Hop 1: [1274-1271] 1274 (6 1 14 2 0) -> 1275 (6 1 14 3 0)
Hop 2: [1274-1271] 1275 (6 1 14 3 0) -> 1271 (6 1 13 3 0)
Hop 1: [1271-1274] 1271 (6 1 13 3 0) -> 1270 (6 1 13 2 0)
Hop 2: [1271-1274] 1270 (6 1 13 2 0) -> 1274 (6 1 14 2 0)
Hop 1: [763-809] 763 (3 2 14 3 0) -> 761 (3 2 14 1 0)
Hop 2: [763-809] 761 (3 2 14 1 0) -> 745 (3 2 10 1 0)
Hop 1: [804-765] 804 (4 0 9 0 0) -> 805 (4 0 9 1 0)
Hop 2: [804-765] 805 (4 0 9 1 0) -> 829 (4 0 15 1 0)
Hop 1: [811-765] 811 (4 0 10 3 0) -> 809 (4 0 10 1 0)
Hop 2: [811-765] 809 (4 0 10 1 0) -> 829 (4 0 15 1 0)
Hop 1: [812-1273] 812 (4 0 11 0 0) -> 813 (4 0 11 1 0)
Hop 2: [812-1273] 813 (4 0 11 1 0) -> 825 (4 0 14 1 0)
Hop 1: [813-1273] 813 (4 0 11 1 0) -> 825 (4 0 14 1 0)
Hop 2: [813-1273] 825 (4 0 14 1 0) -> 889 (4 1 14 1 0)
Hop 1: [854-1274] 854 (4 1 5 2 0) -> 890 (4 1 14 2 0)
Hop 2: [854-1274] 890 (4 1 14 2 0) -> 1274 (6 1 14 2 0)
Hop 1: [1258-805] 1258 (6 1 10 2 0) -> 1257 (6 1 10 1 0)
Hop 2: [1258-805] 1257 (6 1 10 1 0) -> 1253 (6 1 9 1 0)
Hop 3: [813-1273] 889 (4 1 14 1 0) -> 1273 (6 1 14 1 0)
Hop 3: [812-1273] 825 (4 0 14 1 0) -> 889 (4 1 14 1 0)
Hop 4: [812-1273] 889 (4 1 14 1 0) -> 1273 (6 1 14 1 0)
Hop 3: [811-765] 829 (4 0 15 1 0) -> 957 (4 2 15 1 0)
Hop 4: [811-765] 957 (4 2 15 1 0) -> 765 (3 2 15 1 0)
Hop 3: [804-765] 829 (4 0 15 1 0) -> 957 (4 2 15 1 0)
Hop 4: [804-765] 957 (4 2 15 1 0) -> 765 (3 2 15 1 0)
Hop 1: [764-806] 764 (3 2 15 0 0) -> 766 (3 2 15 2 0)
Hop 2: [764-806] 766 (3 2 15 2 0) -> 742 (3 2 9 2 0)
Hop 3: [763-809] 745 (3 2 10 1 0) -> 617 (3 0 10 1 0)
Hop 4: [763-809] 617 (3 0 10 1 0) -> 809 (4 0 10 1 0)
Hop 3: [764-806] 742 (3 2 9 2 0) -> 614 (3 0 9 2 0)
Hop 4: [764-806] 614 (3 0 9 2 0) -> 806 (4 0 9 2 0)
Hop 1: [765-805] 765 (3 2 15 1 0) -> 741 (3 2 9 1 0)
Hop 2: [765-805] 741 (3 2 9 1 0) -> 613 (3 0 9 1 0)
Hop 3: [1258-805] 1253 (6 1 9 1 0) -> 1189 (6 0 9 1 0)
Hop 4: [1258-805] 1189 (6 0 9 1 0) -> 805 (4 0 9 1 0)
Hop 3: [765-805] 613 (3 0 9 1 0) -> 805 (4 0 9 1 0)
Hop 1: [808-765] 808 (4 0 10 0 0) -> 809 (4 0 10 1 0)
Hop 2: [808-765] 809 (4 0 10 1 0) -> 829 (4 0 15 1 0)
Hop 1: [810-809] 810 (4 0 10 2 0) -> 809 (4 0 10 1 0)
Hop 1: [1255-1257] 1255 (6 1 9 3 0) -> 1253 (6 1 9 1 0)
Hop 2: [1255-1257] 1253 (6 1 9 1 0) -> 1257 (6 1 10 1 0)
Hop 1: [1279-1280] 1279 (6 1 15 3 0) -> 1276 (6 1 15 0 0)
Hop 2: [1279-1280] 1276 (6 1 15 0 0) -> 1216 (6 1 0 0 0)
Hop 1: [1277-1275] 1277 (6 1 15 1 0) -> 1279 (6 1 15 3 0)
Hop 2: [1277-1275] 1279 (6 1 15 3 0) -> 1275 (6 1 14 3 0)
Hop 1: [1257-1277] 1257 (6 1 10 1 0) -> 1277 (6 1 15 1 0)
Hop 1: [853-804] 853 (4 1 5 1 0) -> 852 (4 1 5 0 0)
Hop 2: [853-804] 852 (4 1 5 0 0) -> 868 (4 1 9 0 0)
Hop 1: [809-1274] 809 (4 0 10 1 0) -> 810 (4 0 10 2 0)
Hop 2: [809-1274] 810 (4 0 10 2 0) -> 826 (4 0 14 2 0)
Hop 3: [808-765] 829 (4 0 15 1 0) -> 957 (4 2 15 1 0)
Hop 4: [808-765] 957 (4 2 15 1 0) -> 765 (3 2 15 1 0)
Hop 1: [806-765] 806 (4 0 9 2 0) -> 805 (4 0 9 1 0)
Hop 2: [806-765] 805 (4 0 9 1 0) -> 829 (4 0 15 1 0)
Hop 3: [809-1274] 826 (4 0 14 2 0) -> 890 (4 1 14 2 0)
Hop 4: [809-1274] 890 (4 1 14 2 0) -> 1274 (6 1 14 2 0)
Hop 1: [852-1276] 852 (4 1 5 0 0) -> 892 (4 1 15 0 0)
Hop 2: [852-1276] 892 (4 1 15 0 0) -> 1276 (6 1 15 0 0)
Hop 3: [853-804] 868 (4 1 9 0 0) -> 804 (4 0 9 0 0)
Hop 1: [1256-1272] 1256 (6 1 10 0 0) -> 1272 (6 1 14 0 0)
Hop 1: [1278-1277] 1278 (6 1 15 2 0) -> 1277 (6 1 15 1 0)
Hop 3: [1279-1280] 1216 (6 1 0 0 0) -> 1280 (6 2 0 0 0)
Hop 1: [1276-1277] 1276 (6 1 15 0 0) -> 1277 (6 1 15 1 0)
Hop 1: [1273-1271] 1273 (6 1 14 1 0) -> 1275 (6 1 14 3 0)
Hop 1: [1272-1278] 1272 (6 1 14 0 0) -> 1274 (6 1 14 2 0)
Hop 1: [807-1256] 807 (4 0 9 3 0) -> 804 (4 0 9 0 0)
Hop 2: [807-1256] 804 (4 0 9 0 0) -> 808 (4 0 10 0 0)
Hop 3: [806-765] 829 (4 0 15 1 0) -> 957 (4 2 15 1 0)
Hop 4: [806-765] 957 (4 2 15 1 0) -> 765 (3 2 15 1 0)
Hop 1: [805-804] 805 (4 0 9 1 0) -> 804 (4 0 9 0 0)
Hop 3: [807-1256] 808 (4 0 10 0 0) -> 872 (4 1 10 0 0)
Hop 4: [807-1256] 872 (4 1 10 0 0) -> 1256 (6 1 10 0 0)
Hop 1: [843-1274] 843 (4 1 2 3 0) -> 842 (4 1 2 2 0)
Hop 2: [843-1274] 842 (4 1 2 2 0) -> 890 (4 1 14 2 0)
Hop 2: [1272-1278] 1274 (6 1 14 2 0) -> 1278 (6 1 15 2 0)
Hop 2: [1273-1271] 1275 (6 1 14 3 0) -> 1271 (6 1 13 3 0)
Hop 3: [843-1274] 890 (4 1 14 2 0) -> 1274 (6 1 14 2 0)
Hop 1: [1271-1277] 1271 (6 1 13 3 0) -> 1269 (6 1 13 1 0)
Hop 2: [1271-1277] 1269 (6 1 13 1 0) -> 1277 (6 1 15 1 0)
Hop 1: [1274-1272] 1274 (6 1 14 2 0) -> 1272 (6 1 14 0 0)
Hop 1: [762-808] 762 (3 2 14 2 0) -> 760 (3 2 14 0 0)
Hop 2: [762-808] 760 (3 2 14 0 0) -> 744 (3 2 10 0 0)
Hop 3: [762-808] 744 (3 2 10 0 0) -> 616 (3 0 10 0 0)
Hop 4: [762-808] 616 (3 0 10 0 0) -> 808 (4 0 10 0 0)
Hop 1: [1275-1277] 1275 (6 1 14 3 0) -> 1273 (6 1 14 1 0)
Hop 2: [1275-1277] 1273 (6 1 14 1 0) -> 1277 (6 1 15 1 0)
Hop 1: [854-805] 854 (4 1 5 2 0) -> 853 (4 1 5 1 0)
Hop 2: [854-805] 853 (4 1 5 1 0) -> 869 (4 1 9 1 0)
Hop 3: [854-805] 869 (4 1 9 1 0) -> 805 (4 0 9 1 0)
Hop 1: [813-1274] 813 (4 0 11 1 0) -> 814 (4 0 11 2 0)
Hop 2: [813-1274] 814 (4 0 11 2 0) -> 826 (4 0 14 2 0)
Hop 1: [764-808] 764 (3 2 15 0 0) -> 744 (3 2 10 0 0)
Hop 2: [764-808] 744 (3 2 10 0 0) -> 616 (3 0 10 0 0)
Hop 1: [804-805] 804 (4 0 9 0 0) -> 805 (4 0 9 1 0)
Hop 1: [811-808] 811 (4 0 10 3 0) -> 808 (4 0 10 0 0)
Hop 1: [812-1277] 812 (4 0 11 0 0) -> 813 (4 0 11 1 0)
Hop 2: [812-1277] 813 (4 0 11 1 0) -> 829 (4 0 15 1 0)
Hop 3: [813-1274] 826 (4 0 14 2 0) -> 890 (4 1 14 2 0)
Hop 4: [813-1274] 890 (4 1 14 2 0) -> 1274 (6 1 14 2 0)
Hop 3: [812-1277] 829 (4 0 15 1 0) -> 893 (4 1 15 1 0)
Hop 4: [812-1277] 893 (4 1 15 1 0) -> 1277 (6 1 15 1 0)
Hop 1: [765-806] 765 (3 2 15 1 0) -> 766 (3 2 15 2 0)
Hop 2: [765-806] 766 (3 2 15 2 0) -> 742 (3 2 9 2 0)
Hop 3: [764-808] 616 (3 0 10 0 0) -> 808 (4 0 10 0 0)
Hop 3: [765-806] 742 (3 2 9 2 0) -> 614 (3 0 9 2 0)
Hop 4: [765-806] 614 (3 0 9 2 0) -> 806 (4 0 9 2 0)
Hop 1: [808-806] 808 (4 0 10 0 0) -> 810 (4 0 10 2 0)
Hop 2: [808-806] 810 (4 0 10 2 0) -> 806 (4 0 9 2 0)
Hop 1: [1255-1271] 1255 (6 1 9 3 0) -> 1271 (6 1 13 3 0)
Hop 1: [1278-1280] 1278 (6 1 15 2 0) -> 1276 (6 1 15 0 0)
Hop 2: [1278-1280] 1276 (6 1 15 0 0) -> 1216 (6 1 0 0 0)
Hop 3: [1278-1280] 1216 (6 1 0 0 0) -> 1280 (6 2 0 0 0)
Hop 1: [853-805] 853 (4 1 5 1 0) -> 869 (4 1 9 1 0)
Hop 2: [853-805] 869 (4 1 9 1 0) -> 805 (4 0 9 1 0)
Hop 1: [809-765] 809 (4 0 10 1 0) -> 829 (4 0 15 1 0)
Hop 2: [809-765] 829 (4 0 15 1 0) -> 957 (4 2 15 1 0)
Hop 1: [806-804] 806 (4 0 9 2 0) -> 804 (4 0 9 0 0)
Hop 3: [809-765] 957 (4 2 15 1 0) -> 765 (3 2 15 1 0)
Hop 1: [1257-804] 1257 (6 1 10 1 0) -> 1256 (6 1 10 0 0)
Hop 2: [1257-804] 1256 (6 1 10 0 0) -> 1252 (6 1 9 0 0)
Hop 1: [1277-1276] 1277 (6 1 15 1 0) -> 1276 (6 1 15 0 0)
Hop 1: [1276-1278] 1276 (6 1 15 0 0) -> 1278 (6 1 15 2 0)
Hop 3: [1257-804] 1252 (6 1 9 0 0) -> 1188 (6 0 9 0 0)
Hop 4: [1257-804] 1188 (6 0 9 0 0) -> 804 (4 0 9 0 0)
Hop 1: [1256-1273] 1256 (6 1 10 0 0) -> 1257 (6 1 10 1 0)
Hop 2: [1256-1273] 1257 (6 1 10 1 0) -> 1273 (6 1 14 1 0)
Hop 1: [852-1280] 852 (4 1 5 0 0) -> 832 (4 1 0 0 0)
Hop 2: [852-1280] 832 (4 1 0 0 0) -> 896 (4 2 0 0 0)
Hop 1: [805-806] 805 (4 0 9 1 0) -> 806 (4 0 9 2 0)
Hop 1: [807-1272] 807 (4 0 9 3 0) -> 804 (4 0 9 0 0)
Hop 2: [807-1272] 804 (4 0 9 0 0) -> 824 (4 0 14 0 0)
Hop 3: [852-1280] 896 (4 2 0 0 0) -> 1280 (6 2 0 0 0)
Hop 1: [1272-1280] 1272 (6 1 14 0 0) -> 1216 (6 1 0 0 0)
Hop 2: [1272-1280] 1216 (6 1 0 0 0) -> 1280 (6 2 0 0 0)
Hop 1: [1273-1274] 1273 (6 1 14 1 0) -> 1274 (6 1 14 2 0)
Hop 1: [843-1275] 843 (4 1 2 3 0) -> 891 (4 1 14 3 0)
Hop 2: [843-1275] 891 (4 1 14 3 0) -> 1275 (6 1 14 3 0)
Hop 3: [807-1272] 824 (4 0 14 0 0) -> 888 (4 1 14 0 0)
Hop 4: [807-1272] 888 (4 1 14 0 0) -> 1272 (6 1 14 0 0)
Hop 1: [1271-1278] 1271 (6 1 13 3 0) -> 1270 (6 1 13 2 0)
Hop 2: [1271-1278] 1270 (6 1 13 2 0) -> 1278 (6 1 15 2 0)
Hop 1: [1275-1279] 1275 (6 1 14 3 0) -> 1279 (6 1 15 3 0)
Hop 1: [1274-1273] 1274 (6 1 14 2 0) -> 1273 (6 1 14 1 0)
Hop 1: [854-807] 854 (4 1 5 2 0) -> 855 (4 1 5 3 0)
Hop 2: [854-807] 855 (4 1 5 3 0) -> 871 (4 1 9 3 0)
Hop 3: [854-807] 871 (4 1 9 3 0) -> 807 (4 0 9 3 0)
Hop 1: [811-809] 811 (4 0 10 3 0) -> 809 (4 0 10 1 0)
Hop 1: [813-1278] 813 (4 0 11 1 0) -> 814 (4 0 11 2 0)
Hop 2: [813-1278] 814 (4 0 11 2 0) -> 830 (4 0 15 2 0)
Hop 3: [813-1278] 830 (4 0 15 2 0) -> 894 (4 1 15 2 0)
Hop 4: [813-1278] 894 (4 1 15 2 0) -> 1278 (6 1 15 2 0)
Hop 1: [812-804] 812 (4 0 11 0 0) -> 804 (4 0 9 0 0)
Hop 1: [804-806] 804 (4 0 9 0 0) -> 806 (4 0 9 2 0)
Hop 1: [765-807] 765 (3 2 15 1 0) -> 767 (3 2 15 3 0)
Hop 2: [765-807] 767 (3 2 15 3 0) -> 743 (3 2 9 3 0)
Hop 3: [765-807] 743 (3 2 9 3 0) -> 615 (3 0 9 3 0)
Hop 4: [765-807] 615 (3 0 9 3 0) -> 807 (4 0 9 3 0)
Hop 1: [808-809] 808 (4 0 10 0 0) -> 809 (4 0 10 1 0)
Hop 1: [1255-1273] 1255 (6 1 9 3 0) -> 1253 (6 1 9 1 0)
Hop 2: [1255-1273] 1253 (6 1 9 1 0) -> 1273 (6 1 14 1 0)
Hop 1: [853-807] 853 (4 1 5 1 0) -> 855 (4 1 5 3 0)
Hop 2: [853-807] 855 (4 1 5 3 0) -> 871 (4 1 9 3 0)
Hop 3: [853-807] 871 (4 1 9 3 0) -> 807 (4 0 9 3 0)
Hop 1: [806-805] 806 (4 0 9 2 0) -> 805 (4 0 9 1 0)
Hop 1: [809-806] 809 (4 0 10 1 0) -> 810 (4 0 10 2 0)
Hop 2: [809-806] 810 (4 0 10 2 0) -> 806 (4 0 9 2 0)
Hop 1: [1277-1278] 1277 (6 1 15 1 0) -> 1278 (6 1 15 2 0)
Hop 1: [1256-1274] 1256 (6 1 10 0 0) -> 1258 (6 1 10 2 0)
Hop 2: [1256-1274] 1258 (6 1 10 2 0) -> 1274 (6 1 14 2 0)
Hop 1: [852-807] 852 (4 1 5 0 0) -> 855 (4 1 5 3 0)
Hop 2: [852-807] 855 (4 1 5 3 0) -> 871 (4 1 9 3 0)
Hop 1: [805-807] 805 (4 0 9 1 0) -> 807 (4 0 9 3 0)
Hop 3: [852-807] 871 (4 1 9 3 0) -> 807 (4 0 9 3 0)
Hop 1: [1276-1279] 1276 (6 1 15 0 0) -> 1279 (6 1 15 3 0)
Hop 1: [1273-1275] 1273 (6 1 14 1 0) -> 1275 (6 1 14 3 0)
Hop 1: [1272-807] 1272 (6 1 14 0 0) -> 1275 (6 1 14 3 0)
Hop 2: [1272-807] 1275 (6 1 14 3 0) -> 1255 (6 1 9 3 0)
Hop 1: [807-765] 807 (4 0 9 3 0) -> 805 (4 0 9 1 0)
Hop 2: [807-765] 805 (4 0 9 1 0) -> 829 (4 0 15 1 0)
Hop 3: [807-765] 829 (4 0 15 1 0) -> 957 (4 2 15 1 0)
Hop 4: [807-765] 957 (4 2 15 1 0) -> 765 (3 2 15 1 0)
Hop 3: [1272-807] 1255 (6 1 9 3 0) -> 1191 (6 0 9 3 0)
Hop 4: [1272-807] 1191 (6 0 9 3 0) -> 807 (4 0 9 3 0)
Hop 1: [843-1279] 843 (4 1 2 3 0) -> 895 (4 1 15 3 0)
Hop 2: [843-1279] 895 (4 1 15 3 0) -> 1279 (6 1 15 3 0)
Hop 1: [1271-1279] 1271 (6 1 13 3 0) -> 1279 (6 1 15 3 0)
Hop 1: [1274-1275] 1274 (6 1 14 2 0) -> 1275 (6 1 14 3 0)
Hop 1: [804-807] 804 (4 0 9 0 0) -> 807 (4 0 9 3 0)
Hop 1: [813-805] 813 (4 0 11 1 0) -> 805 (4 0 9 1 0)
Hop 1: [812-806] 812 (4 0 11 0 0) -> 814 (4 0 11 2 0)
Hop 2: [812-806] 814 (4 0 11 2 0) -> 806 (4 0 9 2 0)
Hop 1: [765-808] 765 (3 2 15 1 0) -> 764 (3 2 15 0 0)
Hop 2: [765-808] 764 (3 2 15 0 0) -> 744 (3 2 10 0 0)
Hop 3: [765-808] 744 (3 2 10 0 0) -> 616 (3 0 10 0 0)
Hop 4: [765-808] 616 (3 0 10 0 0) -> 808 (4 0 10 0 0)
Hop 1: [1255-1274] 1255 (6 1 9 3 0) -> 1254 (6 1 9 2 0)
Hop 2: [1255-1274] 1254 (6 1 9 2 0) -> 1274 (6 1 14 2 0)
Hop 1: [806-807] 806 (4 0 9 2 0) -> 807 (4 0 9 3 0)
Hop 1: [809-807] 809 (4 0 10 1 0) -> 811 (4 0 10 3 0)
Hop 2: [809-807] 811 (4 0 10 3 0) -> 807 (4 0 9 3 0)
Hop 1: [1277-1279] 1277 (6 1 15 1 0) -> 1279 (6 1 15 3 0)
Hop 1: [1256-1276] 1256 (6 1 10 0 0) -> 1276 (6 1 15 0 0)
Hop 1: [1276-1280] 1276 (6 1 15 0 0) -> 1216 (6 1 0 0 0)
Hop 2: [1276-1280] 1216 (6 1 0 0 0) -> 1280 (6 2 0 0 0)
Hop 1: [807-804] 807 (4 0 9 3 0) -> 804 (4 0 9 0 0)
Hop 1: [1273-1276] 1273 (6 1 14 1 0) -> 1272 (6 1 14 0 0)
Hop 2: [1273-1276] 1272 (6 1 14 0 0) -> 1276 (6 1 15 0 0)
Hop 1: [843-806] 843 (4 1 2 3 0) -> 842 (4 1 2 2 0)
Hop 2: [843-806] 842 (4 1 2 2 0) -> 870 (4 1 9 2 0)
Hop 3: [843-806] 870 (4 1 9 2 0) -> 806 (4 0 9 2 0)
Hop 1: [1271-806] 1271 (6 1 13 3 0) -> 1270 (6 1 13 2 0)
Hop 2: [1271-806] 1270 (6 1 13 2 0) -> 1254 (6 1 9 2 0)
Hop 3: [1271-806] 1254 (6 1 9 2 0) -> 1190 (6 0 9 2 0)
Hop 4: [1271-806] 1190 (6 0 9 2 0) -> 806 (4 0 9 2 0)
Hop 1: [1274-1276] 1274 (6 1 14 2 0) -> 1272 (6 1 14 0 0)
Hop 2: [1274-1276] 1272 (6 1 14 0 0) -> 1276 (6 1 15 0 0)
Hop 1: [813-806] 813 (4 0 11 1 0) -> 814 (4 0 11 2 0)
Hop 2: [813-806] 814 (4 0 11 2 0) -> 806 (4 0 9 2 0)
Hop 1: [812-807] 812 (4 0 11 0 0) -> 815 (4 0 11 3 0)
Hop 2: [812-807] 815 (4 0 11 3 0) -> 807 (4 0 9 3 0)
Hop 1: [765-809] 765 (3 2 15 1 0) -> 745 (3 2 10 1 0)
Hop 2: [765-809] 745 (3 2 10 1 0) -> 617 (3 0 10 1 0)
Hop 3: [765-809] 617 (3 0 10 1 0) -> 809 (4 0 10 1 0)
Hop 1: [1255-1275] 1255 (6 1 9 3 0) -> 1275 (6 1 14 3 0)
Hop 1: [806-808] 806 (4 0 9 2 0) -> 804 (4 0 9 0 0)
Hop 2: [806-808] 804 (4 0 9 0 0) -> 808 (4 0 10 0 0)
Hop 1: [1256-765] 1256 (6 1 10 0 0) -> 1257 (6 1 10 1 0)
Hop 2: [1256-765] 1257 (6 1 10 1 0) -> 1277 (6 1 15 1 0)
Hop 1: [1277-1280] 1277 (6 1 15 1 0) -> 1276 (6 1 15 0 0)
Hop 2: [1277-1280] 1276 (6 1 15 0 0) -> 1216 (6 1 0 0 0)
Hop 3: [1256-765] 1277 (6 1 15 1 0) -> 1341 (6 2 15 1 0)
Hop 4: [1256-765] 1341 (6 2 15 1 0) -> 765 (3 2 15 1 0)
Hop 1: [809-808] 809 (4 0 10 1 0) -> 808 (4 0 10 0 0)
Hop 3: [1277-1280] 1216 (6 1 0 0 0) -> 1280 (6 2 0 0 0)
Hop 1: [807-805] 807 (4 0 9 3 0) -> 805 (4 0 9 1 0)
Hop 1: [1273-1277] 1273 (6 1 14 1 0) -> 1277 (6 1 15 1 0)
Hop 1: [843-809] 843 (4 1 2 3 0) -> 841 (4 1 2 1 0)
Hop 2: [843-809] 841 (4 1 2 1 0) -> 873 (4 1 10 1 0)
Hop 3: [843-809] 873 (4 1 10 1 0) -> 809 (4 0 10 1 0)
Hop 1: [1274-1277] 1274 (6 1 14 2 0) -> 1273 (6 1 14 1 0)
Hop 2: [1274-1277] 1273 (6 1 14 1 0) -> 1277 (6 1 15 1 0)
Hop 1: [813-807] 813 (4 0 11 1 0) -> 815 (4 0 11 3 0)
Hop 2: [813-807] 815 (4 0 11 3 0) -> 807 (4 0 9 3 0)
Hop 1: [812-808] 812 (4 0 11 0 0) -> 808 (4 0 10 0 0)
Hop 1: [806-809] 806 (4 0 9 2 0) -> 805 (4 0 9 1 0)
Hop 2: [806-809] 805 (4 0 9 1 0) -> 809 (4 0 10 1 0)
Hop 1: [1255-806] 1255 (6 1 9 3 0) -> 1254 (6 1 9 2 0)
Hop 2: [1255-806] 1254 (6 1 9 2 0) -> 1190 (6 0 9 2 0)
Hop 3: [1255-806] 1190 (6 0 9 2 0) -> 806 (4 0 9 2 0)
Hop 1: [1256-807] 1256 (6 1 10 0 0) -> 1259 (6 1 10 3 0)
Hop 2: [1256-807] 1259 (6 1 10 3 0) -> 1255 (6 1 9 3 0)
Hop 3: [1256-807] 1255 (6 1 9 3 0) -> 1191 (6 0 9 3 0)
Hop 4: [1256-807] 1191 (6 0 9 3 0) -> 807 (4 0 9 3 0)
Hop 1: [807-806] 807 (4 0 9 3 0) -> 806 (4 0 9 2 0)
Hop 1: [1273-1279] 1273 (6 1 14 1 0) -> 1275 (6 1 14 3 0)
Hop 2: [1273-1279] 1275 (6 1 14 3 0) -> 1279 (6 1 15 3 0)
Hop 1: [1274-1278] 1274 (6 1 14 2 0) -> 1278 (6 1 15 2 0)
Hop 1: [812-809] 812 (4 0 11 0 0) -> 813 (4 0 11 1 0)
Hop 2: [812-809] 813 (4 0 11 1 0) -> 809 (4 0 10 1 0)
Hop 1: [813-809] 813 (4 0 11 1 0) -> 809 (4 0 10 1 0)
Hop 1: [1255-807] 1255 (6 1 9 3 0) -> 1191 (6 0 9 3 0)
Hop 2: [1255-807] 1191 (6 0 9 3 0) -> 807 (4 0 9 3 0)
Hop 1: [807-809] 807 (4 0 9 3 0) -> 805 (4 0 9 1 0)
Hop 2: [807-809] 805 (4 0 9 1 0) -> 809 (4 0 10 1 0)
Hop 1: [1273-808] 1273 (6 1 14 1 0) -> 1272 (6 1 14 0 0)
Hop 2: [1273-808] 1272 (6 1 14 0 0) -> 1256 (6 1 10 0 0)
Hop 3: [1273-808] 1256 (6 1 10 0 0) -> 1192 (6 0 10 0 0)
Hop 4: [1273-808] 1192 (6 0 10 0 0) -> 808 (4 0 10 0 0)
Hop 1: [1274-809] 1274 (6 1 14 2 0) -> 1273 (6 1 14 1 0)
Hop 2: [1274-809] 1273 (6 1 14 1 0) -> 1257 (6 1 10 1 0)
Hop 3: [1274-809] 1257 (6 1 10 1 0) -> 1193 (6 0 10 1 0)
Hop 4: [1274-809] 1193 (6 0 10 1 0) -> 809 (4 0 10 1 0)
