Hop 1: [20-16] 20 (1 0 1 0 0 0) -> 16 (1 0 0 0 0 0)
Hop 1: [7-12] 7 (0 0 1 1 1 0) -> 5 (0 0 1 0 1 0)
Hop 2: [7-12] 5 (0 0 1 0 1 0) -> 13 (0 1 1 0 1 0)
Hop 3: [7-12] 13 (0 1 1 0 1 0) -> 12 (0 1 1 0 0 0)
Hop 1: [27-11] 27 (1 1 0 1 1 0) -> 11 (0 1 0 1 1 0)
Hop 1: [6-12] 6 (0 0 1 1 0 0) -> 4 (0 0 1 0 0 0)
Hop 1: [19-13] 19 (1 0 0 1 1 0) -> 17 (1 0 0 0 1 0)
Hop 1: [26-10] 26 (1 1 0 1 0 0) -> 10 (0 1 0 1 0 0)
Hop 1: [17-1] 17 (1 0 0 0 1 0) -> 1 (0 0 0 0 1 0)
Hop 1: [5-1] 5 (0 0 1 0 1 0) -> 1 (0 0 0 0 1 0)
Hop 1: [21-17] 21 (1 0 1 0 1 0) -> 17 (1 0 0 0 1 0)
Hop 1: [2-0] 2 (0 0 0 1 0 0) -> 0 (0 0 0 0 0 0)
Hop 1: [25-13] 25 (1 1 0 0 1 0) -> 29 (1 1 1 0 1 0)
Hop 1: [3-0] 3 (0 0 0 1 1 0) -> 1 (0 0 0 0 1 0)
Hop 2: [6-12] 4 (0 0 1 0 0 0) -> 12 (0 1 1 0 0 0)
Hop 2: [19-13] 17 (1 0 0 0 1 0) -> 21 (1 0 1 0 1 0)
Hop 1: [16-0] 16 (1 0 0 0 0 0) -> 0 (0 0 0 0 0 0)
Hop 1: [10-11] 10 (0 1 0 1 0 0) -> 11 (0 1 0 1 1 0)
Hop 1: [31-15] 31 (1 1 1 1 1 0) -> 15 (0 1 1 1 1 0)
Hop 1: [1-0] 1 (0 0 0 0 1 0) -> 0 (0 0 0 0 0 0)
Hop 1: [11-10] 11 (0 1 0 1 1 0) -> 10 (0 1 0 1 0 0)
Hop 1: [28-12] 28 (1 1 1 0 0 0) -> 12 (0 1 1 0 0 0)
Hop 1: [8-0] 8 (0 1 0 0 0 0) -> 0 (0 0 0 0 0 0)
Hop 1: [4-0] 4 (0 0 1 0 0 0) -> 0 (0 0 0 0 0 0)
Hop 1: [15-11] 15 (0 1 1 1 1 0) -> 11 (0 1 0 1 1 0)
Hop 1: [29-13] 29 (1 1 1 0 1 0) -> 13 (0 1 1 0 1 0)
Hop 1: [18-12] 18 (1 0 0 1 0 0) -> 16 (1 0 0 0 0 0)
Hop 1: [0-1] 0 (0 0 0 0 0 0) -> 1 (0 0 0 0 1 0)
Hop 1: [23-19] 23 (1 0 1 1 1 0) -> 19 (1 0 0 1 1 0)
Hop 1: [12-10] 12 (0 1 1 0 0 0) -> 14 (0 1 1 1 0 0)
Hop 1: [20-17] 20 (1 0 1 0 0 0) -> 16 (1 0 0 0 0 0)
Hop 1: [9-1] 9 (0 1 0 0 1 0) -> 1 (0 0 0 0 1 0)
Hop 1: [22-18] 22 (1 0 1 1 0 0) -> 18 (1 0 0 1 0 0)
Hop 1: [24-12] 24 (1 1 0 0 0 0) -> 28 (1 1 1 0 0 0)
Hop 1: [13-11] 13 (0 1 1 0 1 0) -> 15 (0 1 1 1 1 0)
Hop 1: [30-14] 30 (1 1 1 1 0 0) -> 14 (0 1 1 1 0 0)
Hop 1: [14-10] 14 (0 1 1 1 0 0) -> 10 (0 1 0 1 0 0)
Hop 2: [25-13] 29 (1 1 1 0 1 0) -> 13 (0 1 1 0 1 0)
Hop 2: [3-0] 1 (0 0 0 0 1 0) -> 0 (0 0 0 0 0 0)
Hop 3: [19-13] 21 (1 0 1 0 1 0) -> 29 (1 1 1 0 1 0)
Hop 1: [7-13] 7 (0 0 1 1 1 0) -> 5 (0 0 1 0 1 0)
Hop 2: [18-12] 16 (1 0 0 0 0 0) -> 20 (1 0 1 0 0 0)
Hop 2: [12-10] 14 (0 1 1 1 0 0) -> 10 (0 1 0 1 0 0)
Hop 2: [20-17] 16 (1 0 0 0 0 0) -> 17 (1 0 0 0 1 0)
Hop 2: [24-12] 28 (1 1 1 0 0 0) -> 12 (0 1 1 0 0 0)
Hop 2: [13-11] 15 (0 1 1 1 1 0) -> 11 (0 1 0 1 1 0)
Hop 4: [19-13] 29 (1 1 1 0 1 0) -> 13 (0 1 1 0 1 0)
Hop 3: [18-12] 20 (1 0 1 0 0 0) -> 28 (1 1 1 0 0 0)
Hop 2: [7-13] 5 (0 0 1 0 1 0) -> 13 (0 1 1 0 1 0)
Hop 1: [27-15] 27 (1 1 0 1 1 0) -> 31 (1 1 1 1 1 0)
Hop 1: [26-14] 26 (1 1 0 1 0 0) -> 30 (1 1 1 1 0 0)
Hop 1: [17-16] 17 (1 0 0 0 1 0) -> 16 (1 0 0 0 0 0)
Hop 4: [18-12] 28 (1 1 1 0 0 0) -> 12 (0 1 1 0 0 0)
Hop 2: [27-15] 31 (1 1 1 1 1 0) -> 15 (0 1 1 1 1 0)
Hop 1: [5-13] 5 (0 0 1 0 1 0) -> 13 (0 1 1 0 1 0)
Hop 1: [21-19] 21 (1 0 1 0 1 0) -> 23 (1 0 1 1 1 0)
Hop 1: [2-1] 2 (0 0 0 1 0 0) -> 0 (0 0 0 0 0 0)
Hop 1: [6-13] 6 (0 0 1 1 0 0) -> 4 (0 0 1 0 0 0)
Hop 1: [16-17] 16 (1 0 0 0 0 0) -> 17 (1 0 0 0 1 0)
Hop 1: [10-12] 10 (0 1 0 1 0 0) -> 8 (0 1 0 0 0 0)
Hop 1: [31-23] 31 (1 1 1 1 1 0) -> 23 (1 0 1 1 1 0)
Hop 1: [1-17] 1 (0 0 0 0 1 0) -> 17 (1 0 0 0 1 0)
Hop 2: [26-14] 30 (1 1 1 1 0 0) -> 14 (0 1 1 1 0 0)
Hop 1: [11-12] 11 (0 1 0 1 1 0) -> 9 (0 1 0 0 1 0)
Hop 1: [28-20] 28 (1 1 1 0 0 0) -> 20 (1 0 1 0 0 0)
Hop 1: [8-10] 8 (0 1 0 0 0 0) -> 10 (0 1 0 1 0 0)
Hop 1: [4-1] 4 (0 0 1 0 0 0) -> 0 (0 0 0 0 0 0)
Hop 1: [29-21] 29 (1 1 1 0 1 0) -> 21 (1 0 1 0 1 0)
Hop 1: [15-12] 15 (0 1 1 1 1 0) -> 13 (0 1 1 0 1 0)
Hop 1: [0-16] 0 (0 0 0 0 0 0) -> 16 (1 0 0 0 0 0)
Hop 1: [23-20] 23 (1 0 1 1 1 0) -> 21 (1 0 1 0 1 0)
Hop 1: [9-10] 9 (0 1 0 0 1 0) -> 11 (0 1 0 1 1 0)
Hop 1: [22-19] 22 (1 0 1 1 0 0) -> 18 (1 0 0 1 0 0)
Hop 1: [30-22] 30 (1 1 1 1 0 0) -> 22 (1 0 1 1 0 0)
Hop 1: [14-11] 14 (0 1 1 1 0 0) -> 10 (0 1 0 1 0 0)
Hop 2: [21-19] 23 (1 0 1 1 1 0) -> 19 (1 0 0 1 1 0)
Hop 2: [2-1] 0 (0 0 0 0 0 0) -> 1 (0 0 0 0 1 0)
Hop 1: [25-14] 25 (1 1 0 0 1 0) -> 27 (1 1 0 1 1 0)
Hop 1: [3-1] 3 (0 0 0 1 1 0) -> 1 (0 0 0 0 1 0)
Hop 2: [6-13] 4 (0 0 1 0 0 0) -> 12 (0 1 1 0 0 0)
Hop 2: [10-12] 8 (0 1 0 0 0 0) -> 12 (0 1 1 0 0 0)
Hop 2: [11-12] 9 (0 1 0 0 1 0) -> 13 (0 1 1 0 1 0)
Hop 2: [4-1] 0 (0 0 0 0 0 0) -> 1 (0 0 0 0 1 0)
Hop 2: [15-12] 13 (0 1 1 0 1 0) -> 12 (0 1 1 0 0 0)
Hop 1: [12-11] 12 (0 1 1 0 0 0) -> 14 (0 1 1 1 0 0)
Hop 2: [23-20] 21 (1 0 1 0 1 0) -> 20 (1 0 1 0 0 0)
Hop 2: [9-10] 11 (0 1 0 1 1 0) -> 10 (0 1 0 1 0 0)
Hop 1: [20-18] 20 (1 0 1 0 0 0) -> 22 (1 0 1 1 0 0)
Hop 2: [22-19] 18 (1 0 0 1 0 0) -> 19 (1 0 0 1 1 0)
Hop 1: [24-13] 24 (1 1 0 0 0 0) -> 28 (1 1 1 0 0 0)
Hop 1: [13-12] 13 (0 1 1 0 1 0) -> 12 (0 1 1 0 0 0)
Hop 2: [14-11] 10 (0 1 0 1 0 0) -> 11 (0 1 0 1 1 0)
Hop 2: [25-14] 27 (1 1 0 1 1 0) -> 31 (1 1 1 1 1 0)
Hop 3: [6-13] 12 (0 1 1 0 0 0) -> 13 (0 1 1 0 1 0)
Hop 1: [19-16] 19 (1 0 0 1 1 0) -> 17 (1 0 0 0 1 0)
Hop 3: [11-12] 13 (0 1 1 0 1 0) -> 12 (0 1 1 0 0 0)
Hop 1: [7-15] 7 (0 0 1 1 1 0) -> 15 (0 1 1 1 1 0)
Hop 2: [12-11] 14 (0 1 1 1 0 0) -> 10 (0 1 0 1 0 0)
Hop 2: [20-18] 22 (1 0 1 1 0 0) -> 18 (1 0 0 1 0 0)
Hop 2: [24-13] 28 (1 1 1 0 0 0) -> 12 (0 1 1 0 0 0)
Hop 3: [25-14] 31 (1 1 1 1 1 0) -> 15 (0 1 1 1 1 0)
Hop 2: [19-16] 17 (1 0 0 0 1 0) -> 16 (1 0 0 0 0 0)
Hop 1: [17-18] 17 (1 0 0 0 1 0) -> 19 (1 0 0 1 1 0)
Hop 1: [18-13] 18 (1 0 0 1 0 0) -> 16 (1 0 0 0 0 0)
Hop 1: [27-19] 27 (1 1 0 1 1 0) -> 19 (1 0 0 1 1 0)
Hop 3: [12-11] 10 (0 1 0 1 0 0) -> 11 (0 1 0 1 1 0)
Hop 1: [5-16] 5 (0 0 1 0 1 0) -> 1 (0 0 0 0 1 0)
Hop 3: [24-13] 12 (0 1 1 0 0 0) -> 13 (0 1 1 0 1 0)
Hop 4: [25-14] 15 (0 1 1 1 1 0) -> 14 (0 1 1 1 0 0)
Hop 1: [16-18] 16 (1 0 0 0 0 0) -> 18 (1 0 0 1 0 0)
Hop 1: [1-2] 1 (0 0 0 0 1 0) -> 3 (0 0 0 1 1 0)
Hop 1: [31-27] 31 (1 1 1 1 1 0) -> 27 (1 1 0 1 1 0)
Hop 1: [26-15] 26 (1 1 0 1 0 0) -> 30 (1 1 1 1 0 0)
Hop 1: [8-11] 8 (0 1 0 0 0 0) -> 10 (0 1 0 1 0 0)
Hop 1: [28-22] 28 (1 1 1 0 0 0) -> 30 (1 1 1 1 0 0)
Hop 2: [17-18] 19 (1 0 0 1 1 0) -> 18 (1 0 0 1 0 0)
Hop 1: [29-22] 29 (1 1 1 0 1 0) -> 31 (1 1 1 1 1 0)
Hop 2: [18-13] 16 (1 0 0 0 0 0) -> 20 (1 0 1 0 0 0)
Hop 1: [0-2] 0 (0 0 0 0 0 0) -> 2 (0 0 0 1 0 0)
Hop 2: [5-16] 1 (0 0 0 0 1 0) -> 17 (1 0 0 0 1 0)
Hop 1: [30-24] 30 (1 1 1 1 0 0) -> 28 (1 1 1 0 0 0)
Hop 1: [21-20] 21 (1 0 1 0 1 0) -> 20 (1 0 1 0 0 0)
Hop 1: [2-10] 2 (0 0 0 1 0 0) -> 10 (0 1 0 1 0 0)
Hop 1: [3-11] 3 (0 0 0 1 1 0) -> 11 (0 1 0 1 1 0)
Hop 1: [10-14] 10 (0 1 0 1 0 0) -> 14 (0 1 1 1 0 0)
Hop 2: [1-2] 3 (0 0 0 1 1 0) -> 2 (0 0 0 1 0 0)
Hop 2: [26-15] 30 (1 1 1 1 0 0) -> 14 (0 1 1 1 0 0)
Hop 2: [28-22] 30 (1 1 1 1 0 0) -> 22 (1 0 1 1 0 0)
Hop 2: [8-11] 10 (0 1 0 1 0 0) -> 11 (0 1 0 1 1 0)
Hop 1: [4-12] 4 (0 0 1 0 0 0) -> 12 (0 1 1 0 0 0)
Hop 2: [29-22] 31 (1 1 1 1 1 0) -> 23 (1 0 1 1 1 0)
Hop 1: [15-13] 15 (0 1 1 1 1 0) -> 13 (0 1 1 0 1 0)
Hop 3: [18-13] 20 (1 0 1 0 0 0) -> 28 (1 1 1 0 0 0)
Hop 1: [23-21] 23 (1 0 1 1 1 0) -> 21 (1 0 1 0 1 0)
Hop 1: [9-11] 9 (0 1 0 0 1 0) -> 11 (0 1 0 1 1 0)
Hop 1: [22-20] 22 (1 0 1 1 0 0) -> 20 (1 0 1 0 0 0)
Hop 3: [5-16] 17 (1 0 0 0 1 0) -> 16 (1 0 0 0 0 0)
Hop 1: [13-14] 13 (0 1 1 0 1 0) -> 15 (0 1 1 1 1 0)
Hop 2: [30-24] 28 (1 1 1 0 0 0) -> 24 (1 1 0 0 0 0)
Hop 1: [14-12] 14 (0 1 1 1 0 0) -> 12 (0 1 1 0 0 0)
Hop 1: [6-14] 6 (0 0 1 1 0 0) -> 14 (0 1 1 1 0 0)
Hop 3: [26-15] 14 (0 1 1 1 0 0) -> 15 (0 1 1 1 1 0)
Hop 1: [11-13] 11 (0 1 0 1 1 0) -> 9 (0 1 0 0 1 0)
Hop 3: [29-22] 23 (1 0 1 1 1 0) -> 22 (1 0 1 1 0 0)
Hop 4: [18-13] 28 (1 1 1 0 0 0) -> 12 (0 1 1 0 0 0)
Hop 1: [7-16] 7 (0 0 1 1 1 0) -> 5 (0 0 1 0 1 0)
Hop 1: [20-21] 20 (1 0 1 0 0 0) -> 21 (1 0 1 0 1 0)
Hop 2: [13-14] 15 (0 1 1 1 1 0) -> 14 (0 1 1 1 0 0)
Hop 1: [19-17] 19 (1 0 0 1 1 0) -> 17 (1 0 0 0 1 0)
Hop 2: [11-13] 9 (0 1 0 0 1 0) -> 13 (0 1 1 0 1 0)
Hop 5: [18-13] 12 (0 1 1 0 0 0) -> 13 (0 1 1 0 1 0)
Hop 1: [27-24] 27 (1 1 0 1 1 0) -> 25 (1 1 0 0 1 0)
Hop 2: [7-16] 5 (0 0 1 0 1 0) -> 1 (0 0 0 0 1 0)
Hop 1: [12-13] 12 (0 1 1 0 0 0) -> 13 (0 1 1 0 1 0)
Hop 1: [24-14] 24 (1 1 0 0 0 0) -> 26 (1 1 0 1 0 0)
Hop 1: [25-15] 25 (1 1 0 0 1 0) -> 27 (1 1 0 1 1 0)
Hop 1: [16-19] 16 (1 0 0 0 0 0) -> 18 (1 0 0 1 0 0)
Hop 1: [31-28] 31 (1 1 1 1 1 0) -> 29 (1 1 1 0 1 0)
Hop 1: [17-19] 17 (1 0 0 0 1 0) -> 19 (1 0 0 1 1 0)
Hop 2: [27-24] 25 (1 1 0 0 1 0) -> 24 (1 1 0 0 0 0)
Hop 3: [7-16] 1 (0 0 0 0 1 0) -> 17 (1 0 0 0 1 0)
Hop 1: [0-3] 0 (0 0 0 0 0 0) -> 2 (0 0 0 1 0 0)
Hop 2: [24-14] 26 (1 1 0 1 0 0) -> 30 (1 1 1 1 0 0)
Hop 1: [21-22] 21 (1 0 1 0 1 0) -> 23 (1 0 1 1 1 0)
Hop 2: [25-15] 27 (1 1 0 1 1 0) -> 31 (1 1 1 1 1 0)
Hop 1: [2-18] 2 (0 0 0 1 0 0) -> 18 (1 0 0 1 0 0)
Hop 2: [16-19] 18 (1 0 0 1 0 0) -> 19 (1 0 0 1 1 0)
Hop 1: [3-19] 3 (0 0 0 1 1 0) -> 19 (1 0 0 1 1 0)
Hop 2: [31-28] 29 (1 1 1 0 1 0) -> 28 (1 1 1 0 0 0)
Hop 1: [10-2] 10 (0 1 0 1 0 0) -> 2 (0 0 0 1 0 0)
Hop 1: [28-23] 28 (1 1 1 0 0 0) -> 30 (1 1 1 1 0 0)
Hop 1: [1-3] 1 (0 0 0 0 1 0) -> 3 (0 0 0 1 1 0)
Hop 1: [8-12] 8 (0 1 0 0 0 0) -> 12 (0 1 1 0 0 0)
Hop 1: [23-22] 23 (1 0 1 1 1 0) -> 22 (1 0 1 1 0 0)
Hop 1: [4-16] 4 (0 0 1 0 0 0) -> 0 (0 0 0 0 0 0)
Hop 1: [22-21] 22 (1 0 1 1 0 0) -> 20 (1 0 1 0 0 0)
Hop 1: [15-14] 15 (0 1 1 1 1 0) -> 14 (0 1 1 1 0 0)
Hop 3: [24-14] 30 (1 1 1 1 0 0) -> 14 (0 1 1 1 0 0)
Hop 4: [7-16] 17 (1 0 0 0 1 0) -> 16 (1 0 0 0 0 0)
Hop 1: [30-26] 30 (1 1 1 1 0 0) -> 26 (1 1 0 1 0 0)
Hop 2: [21-22] 23 (1 0 1 1 1 0) -> 22 (1 0 1 1 0 0)
Hop 2: [0-3] 2 (0 0 0 1 0 0) -> 3 (0 0 0 1 1 0)
Hop 3: [25-15] 31 (1 1 1 1 1 0) -> 15 (0 1 1 1 1 0)
Hop 1: [6-18] 6 (0 0 1 1 0 0) -> 2 (0 0 0 1 0 0)
Hop 1: [9-12] 9 (0 1 0 0 1 0) -> 13 (0 1 1 0 1 0)
Hop 1: [5-17] 5 (0 0 1 0 1 0) -> 1 (0 0 0 0 1 0)
Hop 1: [26-18] 26 (1 1 0 1 0 0) -> 18 (1 0 0 1 0 0)
Hop 2: [28-23] 30 (1 1 1 1 0 0) -> 22 (1 0 1 1 0 0)
Hop 1: [14-13] 14 (0 1 1 1 0 0) -> 12 (0 1 1 0 0 0)
Hop 1: [29-23] 29 (1 1 1 0 1 0) -> 31 (1 1 1 1 1 0)
Hop 1: [20-22] 20 (1 0 1 0 0 0) -> 22 (1 0 1 1 0 0)
Hop 2: [22-21] 20 (1 0 1 0 0 0) -> 21 (1 0 1 0 1 0)
Hop 2: [6-18] 2 (0 0 0 1 0 0) -> 18 (1 0 0 1 0 0)
Hop 2: [4-16] 0 (0 0 0 0 0 0) -> 16 (1 0 0 0 0 0)
Hop 3: [28-23] 22 (1 0 1 1 0 0) -> 23 (1 0 1 1 1 0)
Hop 2: [29-23] 31 (1 1 1 1 1 0) -> 23 (1 0 1 1 1 0)
Hop 1: [18-16] 18 (1 0 0 1 0 0) -> 16 (1 0 0 0 0 0)
Hop 2: [9-12] 13 (0 1 1 0 1 0) -> 12 (0 1 1 0 0 0)
Hop 2: [5-17] 1 (0 0 0 0 1 0) -> 17 (1 0 0 0 1 0)
Hop 1: [13-15] 13 (0 1 1 0 1 0) -> 15 (0 1 1 1 1 0)
Hop 2: [14-13] 12 (0 1 1 0 0 0) -> 13 (0 1 1 0 1 0)
Hop 1: [19-18] 19 (1 0 0 1 1 0) -> 18 (1 0 0 1 0 0)
Hop 1: [11-14] 11 (0 1 0 1 1 0) -> 15 (0 1 1 1 1 0)
Hop 1: [17-20] 17 (1 0 0 0 1 0) -> 21 (1 0 1 0 1 0)
Hop 1: [27-25] 27 (1 1 0 1 1 0) -> 25 (1 1 0 0 1 0)
Hop 1: [12-14] 12 (0 1 1 0 0 0) -> 14 (0 1 1 1 0 0)
Hop 1: [16-20] 16 (1 0 0 0 0 0) -> 20 (1 0 1 0 0 0)
Hop 1: [31-29] 31 (1 1 1 1 1 0) -> 29 (1 1 1 0 1 0)
Hop 2: [17-20] 21 (1 0 1 0 1 0) -> 20 (1 0 1 0 0 0)
Hop 2: [11-14] 15 (0 1 1 1 1 0) -> 14 (0 1 1 1 0 0)
Hop 1: [23-25] 23 (1 0 1 1 1 0) -> 21 (1 0 1 0 1 0)
Hop 1: [24-16] 24 (1 1 0 0 0 0) -> 16 (1 0 0 0 0 0)
Hop 1: [30-27] 30 (1 1 1 1 0 0) -> 26 (1 1 0 1 0 0)
Hop 1: [21-23] 21 (1 0 1 0 1 0) -> 23 (1 0 1 1 1 0)
Hop 1: [25-17] 25 (1 1 0 0 1 0) -> 17 (1 0 0 0 1 0)
Hop 1: [2-3] 2 (0 0 0 1 0 0) -> 3 (0 0 0 1 1 0)
Hop 1: [3-2] 3 (0 0 0 1 1 0) -> 2 (0 0 0 1 0 0)
Hop 1: [26-24] 26 (1 1 0 1 0 0) -> 24 (1 1 0 0 0 0)
Hop 1: [10-26] 10 (0 1 0 1 0 0) -> 26 (1 1 0 1 0 0)
Hop 1: [1-4] 1 (0 0 0 0 1 0) -> 5 (0 0 1 0 1 0)
Hop 1: [8-2] 8 (0 1 0 0 0 0) -> 10 (0 1 0 1 0 0)
Hop 2: [23-25] 21 (1 0 1 0 1 0) -> 17 (1 0 0 0 1 0)
Hop 1: [20-23] 20 (1 0 1 0 0 0) -> 22 (1 0 1 1 0 0)
Hop 1: [22-23] 22 (1 0 1 1 0 0) -> 23 (1 0 1 1 1 0)
Hop 1: [15-25] 15 (0 1 1 1 1 0) -> 13 (0 1 1 0 1 0)
Hop 1: [7-17] 7 (0 0 1 1 1 0) -> 5 (0 0 1 0 1 0)
Hop 2: [30-27] 26 (1 1 0 1 0 0) -> 27 (1 1 0 1 1 0)
Hop 1: [0-4] 0 (0 0 0 0 0 0) -> 4 (0 0 1 0 0 0)
Hop 1: [6-2] 6 (0 0 1 1 0 0) -> 2 (0 0 0 1 0 0)
Hop 1: [28-24] 28 (1 1 1 0 0 0) -> 24 (1 1 0 0 0 0)
Hop 1: [29-25] 29 (1 1 1 0 1 0) -> 25 (1 1 0 0 1 0)
Hop 1: [18-17] 18 (1 0 0 1 0 0) -> 16 (1 0 0 0 0 0)
Hop 3: [23-25] 17 (1 0 0 0 1 0) -> 25 (1 1 0 0 1 0)
Hop 2: [1-4] 5 (0 0 1 0 1 0) -> 4 (0 0 1 0 0 0)
Hop 2: [20-23] 22 (1 0 1 1 0 0) -> 23 (1 0 1 1 1 0)
Hop 2: [8-2] 10 (0 1 0 1 0 0) -> 2 (0 0 0 1 0 0)
Hop 1: [4-2] 4 (0 0 1 0 0 0) -> 6 (0 0 1 1 0 0)
Hop 2: [15-25] 13 (0 1 1 0 1 0) -> 9 (0 1 0 0 1 0)
Hop 2: [7-17] 5 (0 0 1 0 1 0) -> 1 (0 0 0 0 1 0)
Hop 1: [9-13] 9 (0 1 0 0 1 0) -> 13 (0 1 1 0 1 0)
Hop 1: [5-21] 5 (0 0 1 0 1 0) -> 21 (1 0 1 0 1 0)
Hop 1: [13-18] 13 (0 1 1 0 1 0) -> 15 (0 1 1 1 1 0)
Hop 2: [18-17] 16 (1 0 0 0 0 0) -> 17 (1 0 0 0 1 0)
Hop 1: [14-15] 14 (0 1 1 1 0 0) -> 15 (0 1 1 1 1 0)
Hop 1: [27-26] 27 (1 1 0 1 1 0) -> 26 (1 1 0 1 0 0)
Hop 1: [19-21] 19 (1 0 0 1 1 0) -> 17 (1 0 0 0 1 0)
Hop 1: [16-24] 16 (1 0 0 0 0 0) -> 24 (1 1 0 0 0 0)
Hop 1: [31-30] 31 (1 1 1 1 1 0) -> 30 (1 1 1 1 0 0)
Hop 2: [4-2] 6 (0 0 1 1 0 0) -> 2 (0 0 0 1 0 0)
Hop 3: [15-25] 9 (0 1 0 0 1 0) -> 25 (1 1 0 0 1 0)
Hop 3: [7-17] 1 (0 0 0 0 1 0) -> 17 (1 0 0 0 1 0)
Hop 1: [17-21] 17 (1 0 0 0 1 0) -> 21 (1 0 1 0 1 0)
Hop 1: [12-15] 12 (0 1 1 0 0 0) -> 14 (0 1 1 1 0 0)
Hop 2: [13-18] 15 (0 1 1 1 1 0) -> 11 (0 1 0 1 1 0)
Hop 1: [24-18] 24 (1 1 0 0 0 0) -> 26 (1 1 0 1 0 0)
Hop 1: [21-29] 21 (1 0 1 0 1 0) -> 29 (1 1 1 0 1 0)
Hop 1: [25-18] 25 (1 1 0 0 1 0) -> 27 (1 1 0 1 1 0)
Hop 2: [19-21] 17 (1 0 0 0 1 0) -> 21 (1 0 1 0 1 0)
Hop 1: [26-25] 26 (1 1 0 1 0 0) -> 24 (1 1 0 0 0 0)
Hop 1: [11-15] 11 (0 1 0 1 1 0) -> 15 (0 1 1 1 1 0)
Hop 1: [22-24] 22 (1 0 1 1 0 0) -> 20 (1 0 1 0 0 0)
Hop 2: [12-15] 14 (0 1 1 1 0 0) -> 15 (0 1 1 1 1 0)
Hop 2: [24-18] 26 (1 1 0 1 0 0) -> 18 (1 0 0 1 0 0)
Hop 1: [30-28] 30 (1 1 1 1 0 0) -> 28 (1 1 1 0 0 0)
Hop 2: [25-18] 27 (1 1 0 1 1 0) -> 19 (1 0 0 1 1 0)
Hop 3: [13-18] 11 (0 1 0 1 1 0) -> 3 (0 0 0 1 1 0)
Hop 1: [6-22] 6 (0 0 1 1 0 0) -> 22 (1 0 1 1 0 0)
Hop 1: [2-4] 2 (0 0 0 1 0 0) -> 0 (0 0 0 0 0 0)
Hop 2: [26-25] 24 (1 1 0 0 0 0) -> 25 (1 1 0 0 1 0)
Hop 1: [3-4] 3 (0 0 0 1 1 0) -> 1 (0 0 0 0 1 0)
Hop 1: [28-25] 28 (1 1 1 0 0 0) -> 24 (1 1 0 0 0 0)
Hop 1: [10-8] 10 (0 1 0 1 0 0) -> 8 (0 1 0 0 0 0)
Hop 1: [29-27] 29 (1 1 1 0 1 0) -> 31 (1 1 1 1 1 0)
Hop 1: [23-28] 23 (1 0 1 1 1 0) -> 21 (1 0 1 0 1 0)
Hop 1: [20-28] 20 (1 0 1 0 0 0) -> 28 (1 1 1 0 0 0)
Hop 2: [22-24] 20 (1 0 1 0 0 0) -> 16 (1 0 0 0 0 0)
Hop 1: [0-8] 0 (0 0 0 0 0 0) -> 8 (0 1 0 0 0 0)
Hop 3: [25-18] 19 (1 0 0 1 1 0) -> 18 (1 0 0 1 0 0)
Hop 4: [13-18] 3 (0 0 0 1 1 0) -> 19 (1 0 0 1 1 0)
Hop 2: [28-25] 24 (1 1 0 0 0 0) -> 25 (1 1 0 0 1 0)
Hop 2: [2-4] 0 (0 0 0 0 0 0) -> 4 (0 0 1 0 0 0)
Hop 2: [3-4] 1 (0 0 0 0 1 0) -> 5 (0 0 1 0 1 0)
Hop 2: [29-27] 31 (1 1 1 1 1 0) -> 27 (1 1 0 1 1 0)
Hop 1: [18-19] 18 (1 0 0 1 0 0) -> 19 (1 0 0 1 1 0)
Hop 1: [27-28] 27 (1 1 0 1 1 0) -> 25 (1 1 0 0 1 0)
Hop 1: [1-5] 1 (0 0 0 0 1 0) -> 5 (0 0 1 0 1 0)
Hop 2: [23-28] 21 (1 0 1 0 1 0) -> 29 (1 1 1 0 1 0)
Hop 1: [8-24] 8 (0 1 0 0 0 0) -> 24 (1 1 0 0 0 0)
Hop 3: [22-24] 16 (1 0 0 0 0 0) -> 24 (1 1 0 0 0 0)
Hop 1: [9-14] 9 (0 1 0 0 1 0) -> 11 (0 1 0 1 1 0)
Hop 1: [16-4] 16 (1 0 0 0 0 0) -> 20 (1 0 1 0 0 0)
Hop 1: [5-3] 5 (0 0 1 0 1 0) -> 7 (0 0 1 1 1 0)
Hop 5: [13-18] 19 (1 0 0 1 1 0) -> 18 (1 0 0 1 0 0)
Hop 1: [17-25] 17 (1 0 0 0 1 0) -> 25 (1 1 0 0 1 0)
Hop 1: [14-24] 14 (0 1 1 1 0 0) -> 12 (0 1 1 0 0 0)
Hop 3: [3-4] 5 (0 0 1 0 1 0) -> 4 (0 0 1 0 0 0)
Hop 2: [27-28] 25 (1 1 0 0 1 0) -> 29 (1 1 1 0 1 0)
Hop 3: [23-28] 29 (1 1 1 0 1 0) -> 28 (1 1 1 0 0 0)
Hop 1: [4-20] 4 (0 0 1 0 0 0) -> 20 (1 0 1 0 0 0)
Hop 1: [21-5] 21 (1 0 1 0 1 0) -> 5 (0 0 1 0 1 0)
Hop 1: [15-26] 15 (0 1 1 1 1 0) -> 11 (0 1 0 1 1 0)
Hop 1: [7-18] 7 (0 0 1 1 1 0) -> 3 (0 0 0 1 1 0)
Hop 2: [16-4] 20 (1 0 1 0 0 0) -> 4 (0 0 1 0 0 0)
Hop 2: [9-14] 11 (0 1 0 1 1 0) -> 15 (0 1 1 1 1 0)
Hop 2: [5-3] 7 (0 0 1 1 1 0) -> 3 (0 0 0 1 1 0)
Hop 2: [14-24] 12 (0 1 1 0 0 0) -> 8 (0 1 0 0 0 0)
Hop 3: [27-28] 29 (1 1 1 0 1 0) -> 28 (1 1 1 0 0 0)
Hop 1: [19-22] 19 (1 0 0 1 1 0) -> 23 (1 0 1 1 1 0)
Hop 1: [24-19] 24 (1 1 0 0 0 0) -> 26 (1 1 0 1 0 0)
Hop 1: [11-27] 11 (0 1 0 1 1 0) -> 27 (1 1 0 1 1 0)
Hop 1: [30-31] 30 (1 1 1 1 0 0) -> 31 (1 1 1 1 1 0)
Hop 1: [6-3] 6 (0 0 1 1 0 0) -> 2 (0 0 0 1 0 0)
Hop 2: [15-26] 11 (0 1 0 1 1 0) -> 27 (1 1 0 1 1 0)
Hop 2: [7-18] 3 (0 0 0 1 1 0) -> 19 (1 0 0 1 1 0)
Hop 1: [26-27] 26 (1 1 0 1 0 0) -> 27 (1 1 0 1 1 0)
Hop 1: [12-18] 12 (0 1 1 0 0 0) -> 14 (0 1 1 1 0 0)
Hop 3: [9-14] 15 (0 1 1 1 1 0) -> 14 (0 1 1 1 0 0)
Hop 3: [14-24] 8 (0 1 0 0 0 0) -> 24 (1 1 0 0 0 0)
Hop 1: [20-4] 20 (1 0 1 0 0 0) -> 4 (0 0 1 0 0 0)
Hop 2: [19-22] 23 (1 0 1 1 1 0) -> 22 (1 0 1 1 0 0)
Hop 2: [24-19] 26 (1 1 0 1 0 0) -> 18 (1 0 0 1 0 0)
Hop 1: [10-9] 10 (0 1 0 1 0 0) -> 8 (0 1 0 0 0 0)
Hop 1: [25-19] 25 (1 1 0 0 1 0) -> 27 (1 1 0 1 1 0)
Hop 2: [6-3] 2 (0 0 0 1 0 0) -> 3 (0 0 0 1 1 0)
Hop 3: [15-26] 27 (1 1 0 1 1 0) -> 26 (1 1 0 1 0 0)
Hop 1: [28-26] 28 (1 1 1 0 0 0) -> 30 (1 1 1 1 0 0)
Hop 3: [7-18] 19 (1 0 0 1 1 0) -> 18 (1 0 0 1 0 0)
Hop 2: [12-18] 14 (0 1 1 1 0 0) -> 10 (0 1 0 1 0 0)
Hop 1: [29-28] 29 (1 1 1 0 1 0) -> 28 (1 1 1 0 0 0)
Hop 1: [18-2] 18 (1 0 0 1 0 0) -> 2 (0 0 0 1 0 0)
Hop 1: [22-25] 22 (1 0 1 1 0 0) -> 20 (1 0 1 0 0 0)
Hop 1: [2-6] 2 (0 0 0 1 0 0) -> 6 (0 0 1 1 0 0)
Hop 3: [24-19] 18 (1 0 0 1 0 0) -> 19 (1 0 0 1 1 0)
Hop 2: [25-19] 27 (1 1 0 1 1 0) -> 19 (1 0 0 1 1 0)
Hop 2: [10-9] 8 (0 1 0 0 0 0) -> 9 (0 1 0 0 1 0)
Hop 1: [1-9] 1 (0 0 0 0 1 0) -> 9 (0 1 0 0 1 0)
Hop 2: [28-26] 30 (1 1 1 1 0 0) -> 26 (1 1 0 1 0 0)
Hop 1: [17-5] 17 (1 0 0 0 1 0) -> 21 (1 0 1 0 1 0)
Hop 1: [8-3] 8 (0 1 0 0 0 0) -> 10 (0 1 0 1 0 0)
Hop 1: [23-29] 23 (1 0 1 1 1 0) -> 21 (1 0 1 0 1 0)
Hop 2: [22-25] 20 (1 0 1 0 0 0) -> 16 (1 0 0 0 0 0)
Hop 3: [12-18] 10 (0 1 0 1 0 0) -> 2 (0 0 0 1 0 0)
Hop 1: [13-19] 13 (0 1 1 0 1 0) -> 15 (0 1 1 1 1 0)
Hop 1: [16-5] 16 (1 0 0 0 0 0) -> 20 (1 0 1 0 0 0)
Hop 1: [3-5] 3 (0 0 0 1 1 0) -> 1 (0 0 0 0 1 0)
Hop 2: [17-5] 21 (1 0 1 0 1 0) -> 5 (0 0 1 0 1 0)
Hop 1: [27-29] 27 (1 1 0 1 1 0) -> 25 (1 1 0 0 1 0)
Hop 2: [23-29] 21 (1 0 1 0 1 0) -> 29 (1 1 1 0 1 0)
Hop 3: [22-25] 16 (1 0 0 0 0 0) -> 24 (1 1 0 0 0 0)
Hop 2: [8-3] 10 (0 1 0 1 0 0) -> 2 (0 0 0 1 0 0)
Hop 1: [4-3] 4 (0 0 1 0 0 0) -> 6 (0 0 1 1 0 0)
Hop 2: [16-5] 20 (1 0 1 0 0 0) -> 4 (0 0 1 0 0 0)
Hop 4: [12-18] 2 (0 0 0 1 0 0) -> 18 (1 0 0 1 0 0)
Hop 1: [26-28] 26 (1 1 0 1 0 0) -> 24 (1 1 0 0 0 0)
Hop 1: [5-4] 5 (0 0 1 0 1 0) -> 4 (0 0 1 0 0 0)
Hop 2: [13-19] 15 (0 1 1 1 1 0) -> 11 (0 1 0 1 1 0)
Hop 2: [27-29] 25 (1 1 0 0 1 0) -> 29 (1 1 1 0 1 0)
Hop 2: [3-5] 1 (0 0 0 0 1 0) -> 5 (0 0 1 0 1 0)
Hop 4: [22-25] 24 (1 1 0 0 0 0) -> 25 (1 1 0 0 1 0)
Hop 1: [11-3] 11 (0 1 0 1 1 0) -> 3 (0 0 0 1 1 0)
Hop 3: [8-3] 2 (0 0 0 1 0 0) -> 3 (0 0 0 1 1 0)
Hop 2: [4-3] 6 (0 0 1 1 0 0) -> 2 (0 0 0 1 0 0)
Hop 1: [6-4] 6 (0 0 1 1 0 0) -> 4 (0 0 1 0 0 0)
Hop 3: [16-5] 4 (0 0 1 0 0 0) -> 5 (0 0 1 0 1 0)
Hop 2: [26-28] 24 (1 1 0 0 0 0) -> 28 (1 1 1 0 0 0)
Hop 1: [9-25] 9 (0 1 0 0 1 0) -> 25 (1 1 0 0 1 0)
Hop 1: [29-31] 29 (1 1 1 0 1 0) -> 31 (1 1 1 1 1 0)
Hop 1: [18-20] 18 (1 0 0 1 0 0) -> 16 (1 0 0 0 0 0)
Hop 3: [13-19] 11 (0 1 0 1 1 0) -> 3 (0 0 0 1 1 0)
Hop 1: [14-25] 14 (0 1 1 1 0 0) -> 12 (0 1 1 0 0 0)
Hop 1: [24-22] 24 (1 1 0 0 0 0) -> 26 (1 1 0 1 0 0)
Hop 1: [19-23] 19 (1 0 0 1 1 0) -> 23 (1 0 1 1 1 0)
Hop 1: [25-22] 25 (1 1 0 0 1 0) -> 27 (1 1 0 1 1 0)
Hop 3: [4-3] 2 (0 0 0 1 0 0) -> 3 (0 0 0 1 1 0)
Hop 1: [15-27] 15 (0 1 1 1 1 0) -> 11 (0 1 0 1 1 0)
Hop 1: [28-27] 28 (1 1 1 0 0 0) -> 30 (1 1 1 1 0 0)
Hop 1: [7-19] 7 (0 0 1 1 1 0) -> 3 (0 0 0 1 1 0)
Hop 2: [18-20] 16 (1 0 0 0 0 0) -> 20 (1 0 1 0 0 0)
Hop 4: [13-19] 3 (0 0 0 1 1 0) -> 19 (1 0 0 1 1 0)
Hop 2: [14-25] 12 (0 1 1 0 0 0) -> 8 (0 1 0 0 0 0)
Hop 2: [24-22] 26 (1 1 0 1 0 0) -> 30 (1 1 1 1 0 0)
Hop 1: [2-8] 2 (0 0 0 1 0 0) -> 0 (0 0 0 0 0 0)
Hop 2: [25-22] 27 (1 1 0 1 1 0) -> 31 (1 1 1 1 1 0)
Hop 2: [28-27] 30 (1 1 1 1 0 0) -> 26 (1 1 0 1 0 0)
Hop 1: [17-7] 17 (1 0 0 0 1 0) -> 19 (1 0 0 1 1 0)
Hop 2: [15-27] 11 (0 1 0 1 1 0) -> 27 (1 1 0 1 1 0)
Hop 2: [7-19] 3 (0 0 0 1 1 0) -> 19 (1 0 0 1 1 0)
Hop 1: [23-31] 23 (1 0 1 1 1 0) -> 31 (1 1 1 1 1 0)
Hop 3: [24-22] 30 (1 1 1 1 0 0) -> 22 (1 0 1 1 0 0)
Hop 3: [25-22] 31 (1 1 1 1 1 0) -> 23 (1 0 1 1 1 0)
Hop 3: [14-25] 8 (0 1 0 0 0 0) -> 24 (1 1 0 0 0 0)
Hop 2: [2-8] 0 (0 0 0 0 0 0) -> 8 (0 1 0 0 0 0)
Hop 3: [28-27] 26 (1 1 0 1 0 0) -> 27 (1 1 0 1 1 0)
Hop 2: [17-7] 19 (1 0 0 1 1 0) -> 23 (1 0 1 1 1 0)
Hop 1: [27-30] 27 (1 1 0 1 1 0) -> 31 (1 1 1 1 1 0)
Hop 1: [22-28] 22 (1 0 1 1 0 0) -> 20 (1 0 1 0 0 0)
Hop 4: [25-22] 23 (1 0 1 1 1 0) -> 22 (1 0 1 1 0 0)
Hop 1: [6-5] 6 (0 0 1 1 0 0) -> 4 (0 0 1 0 0 0)
Hop 1: [12-24] 12 (0 1 1 0 0 0) -> 8 (0 1 0 0 0 0)
Hop 1: [16-7] 16 (1 0 0 0 0 0) -> 18 (1 0 0 1 0 0)
Hop 1: [26-30] 26 (1 1 0 1 0 0) -> 30 (1 1 1 1 0 0)
Hop 1: [5-6] 5 (0 0 1 0 1 0) -> 7 (0 0 1 1 1 0)
Hop 3: [17-7] 23 (1 0 1 1 1 0) -> 7 (0 0 1 1 1 0)
Hop 4: [14-25] 24 (1 1 0 0 0 0) -> 25 (1 1 0 0 1 0)
Hop 2: [27-30] 31 (1 1 1 1 1 0) -> 30 (1 1 1 1 0 0)
Hop 1: [3-6] 3 (0 0 0 1 1 0) -> 7 (0 0 1 1 1 0)
Hop 2: [22-28] 20 (1 0 1 0 0 0) -> 28 (1 1 1 0 0 0)
Hop 1: [11-8] 11 (0 1 0 1 1 0) -> 9 (0 1 0 0 1 0)
Hop 2: [6-5] 4 (0 0 1 0 0 0) -> 5 (0 0 1 0 1 0)
Hop 1: [8-6] 8 (0 1 0 0 0 0) -> 10 (0 1 0 1 0 0)
Hop 2: [16-7] 18 (1 0 0 1 0 0) -> 22 (1 0 1 1 0 0)
Hop 1: [18-22] 18 (1 0 0 1 0 0) -> 22 (1 0 1 1 0 0)
Hop 2: [12-24] 8 (0 1 0 0 0 0) -> 24 (1 1 0 0 0 0)
Hop 1: [9-3] 9 (0 1 0 0 1 0) -> 11 (0 1 0 1 1 0)
Hop 2: [5-6] 7 (0 0 1 1 1 0) -> 6 (0 0 1 1 0 0)
Hop 2: [3-6] 7 (0 0 1 1 1 0) -> 6 (0 0 1 1 0 0)
Hop 3: [16-7] 22 (1 0 1 1 0 0) -> 6 (0 0 1 1 0 0)
Hop 1: [19-24] 19 (1 0 0 1 1 0) -> 17 (1 0 0 0 1 0)
Hop 2: [11-8] 9 (0 1 0 0 1 0) -> 8 (0 1 0 0 0 0)
Hop 2: [8-6] 10 (0 1 0 1 0 0) -> 14 (0 1 1 1 0 0)
Hop 1: [4-5] 4 (0 0 1 0 0 0) -> 5 (0 0 1 0 1 0)
Hop 1: [23-7] 23 (1 0 1 1 1 0) -> 7 (0 0 1 1 1 0)
Hop 1: [24-25] 24 (1 1 0 0 0 0) -> 25 (1 1 0 0 1 0)
Hop 2: [9-3] 11 (0 1 0 1 1 0) -> 3 (0 0 0 1 1 0)
Hop 4: [16-7] 6 (0 0 1 1 0 0) -> 7 (0 0 1 1 1 0)
Hop 1: [28-29] 28 (1 1 1 0 0 0) -> 29 (1 1 1 0 1 0)
Hop 1: [13-24] 13 (0 1 1 0 1 0) -> 9 (0 1 0 0 1 0)
Hop 2: [19-24] 17 (1 0 0 0 1 0) -> 25 (1 1 0 0 1 0)
Hop 1: [25-23] 25 (1 1 0 0 1 0) -> 27 (1 1 0 1 1 0)
Hop 3: [8-6] 14 (0 1 1 1 0 0) -> 6 (0 0 1 1 0 0)
Hop 1: [15-31] 15 (0 1 1 1 1 0) -> 31 (1 1 1 1 1 0)
Hop 1: [7-23] 7 (0 0 1 1 1 0) -> 23 (1 0 1 1 1 0)
Hop 1: [27-31] 27 (1 1 0 1 1 0) -> 31 (1 1 1 1 1 0)
Hop 1: [22-29] 22 (1 0 1 1 0 0) -> 20 (1 0 1 0 0 0)
Hop 2: [13-24] 9 (0 1 0 0 1 0) -> 25 (1 1 0 0 1 0)
Hop 2: [25-23] 27 (1 1 0 1 1 0) -> 31 (1 1 1 1 1 0)
Hop 1: [6-7] 6 (0 0 1 1 0 0) -> 7 (0 0 1 1 1 0)
Hop 1: [18-24] 18 (1 0 0 1 0 0) -> 16 (1 0 0 0 0 0)
Hop 3: [19-24] 25 (1 1 0 0 1 0) -> 24 (1 1 0 0 0 0)
Hop 2: [22-29] 20 (1 0 1 0 0 0) -> 28 (1 1 1 0 0 0)
Hop 3: [25-23] 31 (1 1 1 1 1 0) -> 23 (1 0 1 1 1 0)
Hop 2: [18-24] 16 (1 0 0 0 0 0) -> 24 (1 1 0 0 0 0)
Hop 3: [22-29] 28 (1 1 1 0 0 0) -> 29 (1 1 1 0 1 0)
Hop 1: [24-26] 24 (1 1 0 0 0 0) -> 26 (1 1 0 1 0 0)
Hop 3: [13-24] 25 (1 1 0 0 1 0) -> 24 (1 1 0 0 0 0)
Hop 1: [28-30] 28 (1 1 1 0 0 0) -> 30 (1 1 1 1 0 0)
Hop 1: [14-26] 14 (0 1 1 1 0 0) -> 10 (0 1 0 1 0 0)
Hop 1: [6-8] 6 (0 0 1 1 0 0) -> 4 (0 0 1 0 0 0)
Hop 1: [12-28] 12 (0 1 1 0 0 0) -> 28 (1 1 1 0 0 0)
Hop 1: [5-7] 5 (0 0 1 0 1 0) -> 7 (0 0 1 1 1 0)
Hop 1: [25-24] 25 (1 1 0 0 1 0) -> 24 (1 1 0 0 0 0)
Hop 2: [14-26] 10 (0 1 0 1 0 0) -> 26 (1 1 0 1 0 0)
Hop 2: [6-8] 4 (0 0 1 0 0 0) -> 0 (0 0 0 0 0 0)
Hop 1: [3-7] 3 (0 0 0 1 1 0) -> 7 (0 0 1 1 1 0)
Hop 1: [18-25] 18 (1 0 0 1 0 0) -> 16 (1 0 0 0 0 0)
Hop 1: [11-9] 11 (0 1 0 1 1 0) -> 9 (0 1 0 0 1 0)
Hop 1: [22-30] 22 (1 0 1 1 0 0) -> 30 (1 1 1 1 0 0)
Hop 1: [24-27] 24 (1 1 0 0 0 0) -> 26 (1 1 0 1 0 0)
Hop 1: [4-6] 4 (0 0 1 0 0 0) -> 6 (0 0 1 1 0 0)
Hop 3: [6-8] 0 (0 0 0 0 0 0) -> 8 (0 1 0 0 0 0)
Hop 1: [28-31] 28 (1 1 1 0 0 0) -> 30 (1 1 1 1 0 0)
Hop 2: [18-25] 16 (1 0 0 0 0 0) -> 24 (1 1 0 0 0 0)
Hop 1: [9-6] 9 (0 1 0 0 1 0) -> 11 (0 1 0 1 1 0)
Hop 2: [24-27] 26 (1 1 0 1 0 0) -> 27 (1 1 0 1 1 0)
Hop 2: [28-31] 30 (1 1 1 1 0 0) -> 31 (1 1 1 1 1 0)
Hop 3: [18-25] 24 (1 1 0 0 0 0) -> 25 (1 1 0 0 1 0)
Hop 1: [8-9] 8 (0 1 0 0 0 0) -> 9 (0 1 0 0 1 0)
Hop 1: [15-7] 15 (0 1 1 1 1 0) -> 7 (0 0 1 1 1 0)
Hop 1: [7-3] 7 (0 0 1 1 1 0) -> 3 (0 0 0 1 1 0)
Hop 1: [25-26] 25 (1 1 0 0 1 0) -> 27 (1 1 0 1 1 0)
Hop 2: [9-6] 11 (0 1 0 1 1 0) -> 15 (0 1 1 1 1 0)
Hop 1: [22-6] 22 (1 0 1 1 0 0) -> 6 (0 0 1 1 0 0)
Hop 2: [25-26] 27 (1 1 0 1 1 0) -> 26 (1 1 0 1 0 0)
Hop 1: [6-9] 6 (0 0 1 1 0 0) -> 4 (0 0 1 0 0 0)
Hop 1: [19-25] 19 (1 0 0 1 1 0) -> 17 (1 0 0 0 1 0)
Hop 1: [24-28] 24 (1 1 0 0 0 0) -> 28 (1 1 1 0 0 0)
Hop 2: [6-9] 4 (0 0 1 0 0 0) -> 0 (0 0 0 0 0 0)
Hop 1: [18-26] 18 (1 0 0 1 0 0) -> 26 (1 1 0 1 0 0)
Hop 3: [9-6] 15 (0 1 1 1 1 0) -> 7 (0 0 1 1 1 0)
Hop 1: [13-25] 13 (0 1 1 0 1 0) -> 9 (0 1 0 0 1 0)
Hop 3: [6-9] 0 (0 0 0 0 0 0) -> 8 (0 1 0 0 0 0)
Hop 2: [19-25] 17 (1 0 0 0 1 0) -> 25 (1 1 0 0 1 0)
Hop 4: [6-9] 8 (0 1 0 0 0 0) -> 9 (0 1 0 0 1 0)
Hop 1: [12-4] 12 (0 1 1 0 0 0) -> 4 (0 0 1 0 0 0)
Hop 1: [25-27] 25 (1 1 0 0 1 0) -> 27 (1 1 0 1 1 0)
Hop 4: [9-6] 7 (0 0 1 1 1 0) -> 6 (0 0 1 1 0 0)
Hop 2: [13-25] 9 (0 1 0 0 1 0) -> 25 (1 1 0 0 1 0)
Hop 1: [24-30] 24 (1 1 0 0 0 0) -> 26 (1 1 0 1 0 0)
Hop 1: [14-30] 14 (0 1 1 1 0 0) -> 30 (1 1 1 1 0 0)
Hop 1: [3-8] 3 (0 0 0 1 1 0) -> 1 (0 0 0 0 1 0)
Hop 1: [18-6] 18 (1 0 0 1 0 0) -> 22 (1 0 1 1 0 0)
Hop 2: [24-30] 26 (1 1 0 1 0 0) -> 30 (1 1 1 1 0 0)
Hop 1: [4-7] 4 (0 0 1 0 0 0) -> 6 (0 0 1 1 0 0)
Hop 2: [18-6] 22 (1 0 1 1 0 0) -> 6 (0 0 1 1 0 0)
Hop 1: [25-28] 25 (1 1 0 0 1 0) -> 29 (1 1 1 0 1 0)
Hop 2: [3-8] 1 (0 0 0 0 1 0) -> 9 (0 1 0 0 1 0)
Hop 2: [25-28] 29 (1 1 1 0 1 0) -> 28 (1 1 1 0 0 0)
Hop 2: [4-7] 6 (0 0 1 1 0 0) -> 7 (0 0 1 1 1 0)
Hop 1: [7-4] 7 (0 0 1 1 1 0) -> 5 (0 0 1 0 1 0)
Hop 1: [24-8] 24 (1 1 0 0 0 0) -> 8 (0 1 0 0 0 0)
Hop 1: [18-7] 18 (1 0 0 1 0 0) -> 22 (1 0 1 1 0 0)
Hop 2: [18-7] 22 (1 0 1 1 0 0) -> 6 (0 0 1 1 0 0)
Hop 3: [3-8] 9 (0 1 0 0 1 0) -> 8 (0 1 0 0 0 0)
Hop 3: [18-7] 6 (0 0 1 1 0 0) -> 7 (0 0 1 1 1 0)
Hop 1: [25-29] 25 (1 1 0 0 1 0) -> 29 (1 1 1 0 1 0)
Hop 2: [7-4] 5 (0 0 1 0 1 0) -> 4 (0 0 1 0 0 0)
Hop 1: [25-9] 25 (1 1 0 0 1 0) -> 9 (0 1 0 0 1 0)
Hop 1: [19-27] 19 (1 0 0 1 1 0) -> 27 (1 1 0 1 1 0)
Hop 1: [12-6] 12 (0 1 1 0 0 0) -> 14 (0 1 1 1 0 0)
Hop 1: [9-7] 9 (0 1 0 0 1 0) -> 11 (0 1 0 1 1 0)
Hop 1: [13-29] 13 (0 1 1 0 1 0) -> 29 (1 1 1 0 1 0)
Hop 1: [14-6] 14 (0 1 1 1 0 0) -> 6 (0 0 1 1 0 0)
Hop 2: [12-6] 14 (0 1 1 1 0 0) -> 6 (0 0 1 1 0 0)
Hop 2: [9-7] 11 (0 1 0 1 1 0) -> 15 (0 1 1 1 1 0)
Hop 3: [9-7] 15 (0 1 1 1 1 0) -> 7 (0 0 1 1 1 0)
Hop 1: [3-9] 3 (0 0 0 1 1 0) -> 1 (0 0 0 0 1 0)
Hop 1: [7-5] 7 (0 0 1 1 1 0) -> 5 (0 0 1 0 1 0)
Hop 2: [3-9] 1 (0 0 0 0 1 0) -> 9 (0 1 0 0 1 0)
Hop 1: [19-3] 19 (1 0 0 1 1 0) -> 3 (0 0 0 1 1 0)
Hop 1: [13-5] 13 (0 1 1 0 1 0) -> 5 (0 0 1 0 1 0)
Hop 1: [14-9] 14 (0 1 1 1 0 0) -> 12 (0 1 1 0 0 0)
Hop 1: [12-7] 12 (0 1 1 0 0 0) -> 14 (0 1 1 1 0 0)
Hop 2: [14-9] 12 (0 1 1 0 0 0) -> 8 (0 1 0 0 0 0)
Hop 2: [12-7] 14 (0 1 1 1 0 0) -> 6 (0 0 1 1 0 0)
Hop 1: [9-8] 9 (0 1 0 0 1 0) -> 8 (0 1 0 0 0 0)
Hop 3: [14-9] 8 (0 1 0 0 0 0) -> 9 (0 1 0 0 1 0)
Hop 1: [7-6] 7 (0 0 1 1 1 0) -> 6 (0 0 1 1 0 0)
Hop 3: [12-7] 6 (0 0 1 1 0 0) -> 7 (0 0 1 1 1 0)
Hop 1: [19-7] 19 (1 0 0 1 1 0) -> 23 (1 0 1 1 1 0)
Hop 1: [13-6] 13 (0 1 1 0 1 0) -> 15 (0 1 1 1 1 0)
Hop 2: [19-7] 23 (1 0 1 1 1 0) -> 7 (0 0 1 1 1 0)
Hop 2: [13-6] 15 (0 1 1 1 1 0) -> 7 (0 0 1 1 1 0)
Hop 3: [13-6] 7 (0 0 1 1 1 0) -> 6 (0 0 1 1 0 0)
Hop 1: [7-9] 7 (0 0 1 1 1 0) -> 5 (0 0 1 0 1 0)
Hop 1: [12-8] 12 (0 1 1 0 0 0) -> 8 (0 1 0 0 0 0)
Hop 2: [7-9] 5 (0 0 1 0 1 0) -> 1 (0 0 0 0 1 0)
Hop 3: [7-9] 1 (0 0 0 0 1 0) -> 9 (0 1 0 0 1 0)
Hop 1: [13-7] 13 (0 1 1 0 1 0) -> 15 (0 1 1 1 1 0)
Hop 1: [12-9] 12 (0 1 1 0 0 0) -> 8 (0 1 0 0 0 0)
Hop 2: [13-7] 15 (0 1 1 1 1 0) -> 7 (0 0 1 1 1 0)
Hop 2: [12-9] 8 (0 1 0 0 0 0) -> 9 (0 1 0 0 1 0)
Hop 1: [13-9] 13 (0 1 1 0 1 0) -> 9 (0 1 0 0 1 0)
