Hop 1: [0-1] 0 (0 0 0 0 0 0) -> 1 (0 0 0 0 1 0)
Hop 1: [6-0] 6 (0 0 1 1 0 0) -> 4 (0 0 1 0 0 0)
Hop 1: [13-10] 13 (0 0 3 0 1 0) -> 15 (0 0 3 1 1 0)
Hop 1: [33-1] 33 (1 0 0 0 1 0) -> 1 (0 0 0 0 1 0)
Hop 2: [6-0] 4 (0 0 1 0 0 0) -> 0 (0 0 0 0 0 0)
Hop 2: [13-10] 15 (0 0 3 1 1 0) -> 11 (0 0 2 1 1 0)
Hop 1: [27-11] 27 (0 1 2 1 1 0) -> 11 (0 0 2 1 1 0)
Hop 1: [49-17] 49 (1 1 0 0 1 0) -> 17 (0 1 0 0 1 0)
Hop 1: [8-0] 8 (0 0 2 0 0 0) -> 12 (0 0 3 0 0 0)
Hop 1: [36-32] 36 (1 0 1 0 0 0) -> 32 (1 0 0 0 0 0)
Hop 1: [25-10] 25 (0 1 2 0 1 0) -> 27 (0 1 2 1 1 0)
Hop 1: [46-14] 46 (1 0 3 1 0 0) -> 14 (0 0 3 1 0 0)
Hop 1: [31-15] 31 (0 1 3 1 1 0) -> 15 (0 0 3 1 1 0)
Hop 3: [13-10] 11 (0 0 2 1 1 0) -> 10 (0 0 2 1 0 0)
Hop 1: [17-1] 17 (0 1 0 0 1 0) -> 1 (0 0 0 0 1 0)
Hop 1: [37-32] 37 (1 0 1 0 1 0) -> 33 (1 0 0 0 1 0)
Hop 1: [28-12] 28 (0 1 3 0 0 0) -> 12 (0 0 3 0 0 0)
Hop 1: [32-0] 32 (1 0 0 0 0 0) -> 0 (0 0 0 0 0 0)
Hop 1: [9-1] 9 (0 0 2 0 1 0) -> 13 (0 0 3 0 1 0)
Hop 1: [53-21] 53 (1 1 1 0 1 0) -> 21 (0 1 1 0 1 0)
Hop 1: [15-10] 15 (0 0 3 1 1 0) -> 11 (0 0 2 1 1 0)
Hop 2: [8-0] 12 (0 0 3 0 0 0) -> 0 (0 0 0 0 0 0)
Hop 2: [25-10] 27 (0 1 2 1 1 0) -> 11 (0 0 2 1 1 0)
Hop 1: [50-18] 50 (1 1 0 1 0 0) -> 18 (0 1 0 1 0 0)
Hop 1: [26-10] 26 (0 1 2 1 0 0) -> 10 (0 0 2 1 0 0)
Hop 1: [54-22] 54 (1 1 1 1 0 0) -> 22 (0 1 1 1 0 0)
Hop 1: [39-33] 39 (1 0 1 1 1 0) -> 37 (1 0 1 0 1 0)
Hop 1: [20-16] 20 (0 1 1 0 0 0) -> 16 (0 1 0 0 0 0)
Hop 1: [29-13] 29 (0 1 3 0 1 0) -> 13 (0 0 3 0 1 0)
Hop 2: [37-32] 33 (1 0 0 0 1 0) -> 32 (1 0 0 0 0 0)
Hop 1: [11-10] 11 (0 0 2 1 1 0) -> 10 (0 0 2 1 0 0)
Hop 1: [34-14] 34 (1 0 0 1 0 0) -> 2 (0 0 0 1 0 0)
Hop 1: [47-15] 47 (1 0 3 1 1 0) -> 15 (0 0 3 1 1 0)
Hop 1: [38-34] 38 (1 0 1 1 0 0) -> 34 (1 0 0 1 0 0)
Hop 1: [3-0] 3 (0 0 0 1 1 0) -> 1 (0 0 0 0 1 0)
Hop 1: [12-1] 12 (0 0 3 0 0 0) -> 0 (0 0 0 0 0 0)
Hop 1: [51-19] 51 (1 1 0 1 1 0) -> 19 (0 1 0 1 1 0)
Hop 1: [14-10] 14 (0 0 3 1 0 0) -> 10 (0 0 2 1 0 0)
Hop 1: [30-14] 30 (0 1 3 1 0 0) -> 14 (0 0 3 1 0 0)
Hop 1: [48-16] 48 (1 1 0 0 0 0) -> 16 (0 1 0 0 0 0)
Hop 1: [24-10] 24 (0 1 2 0 0 0) -> 26 (0 1 2 1 0 0)
Hop 1: [52-20] 52 (1 1 1 0 0 0) -> 20 (0 1 1 0 0 0)
Hop 1: [55-23] 55 (1 1 1 1 1 0) -> 23 (0 1 1 1 1 0)
Hop 1: [1-0] 1 (0 0 0 0 1 0) -> 0 (0 0 0 0 0 0)
Hop 2: [9-1] 13 (0 0 3 0 1 0) -> 1 (0 0 0 0 1 0)
Hop 2: [15-10] 11 (0 0 2 1 1 0) -> 10 (0 0 2 1 0 0)
Hop 3: [25-10] 11 (0 0 2 1 1 0) -> 10 (0 0 2 1 0 0)
Hop 1: [61-29] 61 (1 1 3 0 1 0) -> 29 (0 1 3 0 1 0)
Hop 2: [39-33] 37 (1 0 1 0 1 0) -> 33 (1 0 0 0 1 0)
Hop 2: [34-14] 2 (0 0 0 1 0 0) -> 14 (0 0 3 1 0 0)
Hop 1: [0-16] 0 (0 0 0 0 0 0) -> 16 (0 1 0 0 0 0)
Hop 2: [12-1] 0 (0 0 0 0 0 0) -> 1 (0 0 0 0 1 0)
Hop 1: [33-12] 33 (1 0 0 0 1 0) -> 1 (0 0 0 0 1 0)
Hop 2: [24-10] 26 (0 1 2 1 0 0) -> 10 (0 0 2 1 0 0)
Hop 1: [5-0] 5 (0 0 1 0 1 0) -> 1 (0 0 0 0 1 0)
Hop 1: [45-13] 45 (1 0 3 0 1 0) -> 13 (0 0 3 0 1 0)
Hop 1: [6-1] 6 (0 0 1 1 0 0) -> 4 (0 0 1 0 0 0)
Hop 1: [7-0] 7 (0 0 1 1 1 0) -> 5 (0 0 1 0 1 0)
Hop 2: [3-0] 1 (0 0 0 0 1 0) -> 0 (0 0 0 0 0 0)
Hop 1: [62-30] 62 (1 1 3 1 0 0) -> 30 (0 1 3 1 0 0)
Hop 2: [33-12] 1 (0 0 0 0 1 0) -> 13 (0 0 3 0 1 0)
Hop 1: [2-0] 2 (0 0 0 1 0 0) -> 0 (0 0 0 0 0 0)
Hop 1: [23-18] 23 (0 1 1 1 1 0) -> 19 (0 1 0 1 1 0)
Hop 1: [22-16] 22 (0 1 1 1 0 0) -> 20 (0 1 1 0 0 0)
Hop 1: [27-19] 27 (0 1 2 1 1 0) -> 31 (0 1 3 1 1 0)
Hop 1: [40-12] 40 (1 0 2 0 0 0) -> 8 (0 0 2 0 0 0)
Hop 1: [49-20] 49 (1 1 0 0 1 0) -> 17 (0 1 0 0 1 0)
Hop 1: [60-28] 60 (1 1 3 0 0 0) -> 28 (0 1 3 0 0 0)
Hop 1: [36-33] 36 (1 0 1 0 0 0) -> 32 (1 0 0 0 0 0)
Hop 1: [18-16] 18 (0 1 0 1 0 0) -> 16 (0 1 0 0 0 0)
Hop 2: [6-1] 4 (0 0 1 0 0 0) -> 0 (0 0 0 0 0 0)
Hop 1: [31-23] 31 (0 1 3 1 1 0) -> 27 (0 1 2 1 1 0)
Hop 1: [59-27] 59 (1 1 2 1 1 0) -> 27 (0 1 2 1 1 0)
Hop 1: [13-11] 13 (0 0 3 0 1 0) -> 15 (0 0 3 1 1 0)
Hop 1: [35-12] 35 (1 0 0 1 1 0) -> 33 (1 0 0 0 1 0)
Hop 1: [63-31] 63 (1 1 3 1 1 0) -> 31 (0 1 3 1 1 0)
Hop 1: [28-14] 28 (0 1 3 0 0 0) -> 30 (0 1 3 1 0 0)
Hop 1: [32-33] 32 (1 0 0 0 0 0) -> 33 (1 0 0 0 1 0)
Hop 1: [10-1] 10 (0 0 2 1 0 0) -> 8 (0 0 2 0 0 0)
Hop 1: [4-0] 4 (0 0 1 0 0 0) -> 0 (0 0 0 0 0 0)
Hop 3: [33-12] 13 (0 0 3 0 1 0) -> 12 (0 0 3 0 0 0)
Hop 1: [58-26] 58 (1 1 2 1 0 0) -> 26 (0 1 2 1 0 0)
Hop 1: [43-11] 43 (1 0 2 1 1 0) -> 11 (0 0 2 1 1 0)
Hop 2: [5-0] 1 (0 0 0 0 1 0) -> 0 (0 0 0 0 0 0)
Hop 2: [27-19] 31 (0 1 3 1 1 0) -> 19 (0 1 0 1 1 0)
Hop 1: [21-14] 21 (0 1 1 0 1 0) -> 23 (0 1 1 1 1 0)
Hop 1: [53-37] 53 (1 1 1 0 1 0) -> 37 (1 0 1 0 1 0)
Hop 1: [19-16] 19 (0 1 0 1 1 0) -> 17 (0 1 0 0 1 0)
Hop 2: [49-20] 17 (0 1 0 0 1 0) -> 21 (0 1 1 0 1 0)
Hop 1: [16-0] 16 (0 1 0 0 0 0) -> 0 (0 0 0 0 0 0)
Hop 1: [8-1] 8 (0 0 2 0 0 0) -> 12 (0 0 3 0 0 0)
Hop 2: [36-33] 32 (1 0 0 0 0 0) -> 33 (1 0 0 0 1 0)
Hop 3: [6-1] 0 (0 0 0 0 0 0) -> 1 (0 0 0 0 1 0)
Hop 1: [41-12] 41 (1 0 2 0 1 0) -> 9 (0 0 2 0 1 0)
Hop 2: [31-23] 27 (0 1 2 1 1 0) -> 23 (0 1 1 1 1 0)
Hop 1: [50-22] 50 (1 1 0 1 0 0) -> 18 (0 1 0 1 0 0)
Hop 2: [7-0] 5 (0 0 1 0 1 0) -> 1 (0 0 0 0 1 0)
Hop 1: [26-16] 26 (0 1 2 1 0 0) -> 24 (0 1 2 0 0 0)
Hop 1: [54-38] 54 (1 1 1 1 0 0) -> 38 (1 0 1 1 0 0)
Hop 1: [44-12] 44 (1 0 3 0 0 0) -> 12 (0 0 3 0 0 0)
Hop 2: [13-11] 15 (0 0 3 1 1 0) -> 11 (0 0 2 1 1 0)
Hop 1: [29-15] 29 (0 1 3 0 1 0) -> 31 (0 1 3 1 1 0)
Hop 1: [37-33] 37 (1 0 1 0 1 0) -> 33 (1 0 0 0 1 0)
Hop 1: [57-25] 57 (1 1 2 0 1 0) -> 25 (0 1 2 0 1 0)
Hop 1: [11-13] 11 (0 0 2 1 1 0) -> 9 (0 0 2 0 1 0)
Hop 1: [42-10] 42 (1 0 2 1 0 0) -> 10 (0 0 2 1 0 0)
Hop 1: [47-39] 47 (1 0 3 1 1 0) -> 43 (1 0 2 1 1 0)
Hop 1: [38-35] 38 (1 0 1 1 0 0) -> 34 (1 0 0 1 0 0)
Hop 2: [28-14] 30 (0 1 3 1 0 0) -> 14 (0 0 3 1 0 0)
Hop 1: [56-24] 56 (1 1 2 0 0 0) -> 24 (0 1 2 0 0 0)
Hop 1: [51-22] 51 (1 1 0 1 1 0) -> 19 (0 1 0 1 1 0)
Hop 1: [14-11] 14 (0 0 3 1 0 0) -> 10 (0 0 2 1 0 0)
Hop 1: [30-18] 30 (0 1 3 1 0 0) -> 18 (0 1 0 1 0 0)
Hop 1: [48-20] 48 (1 1 0 0 0 0) -> 16 (0 1 0 0 0 0)
Hop 2: [23-18] 19 (0 1 0 1 1 0) -> 18 (0 1 0 1 0 0)
Hop 1: [52-36] 52 (1 1 1 0 0 0) -> 36 (1 0 1 0 0 0)
Hop 2: [22-16] 20 (0 1 1 0 0 0) -> 16 (0 1 0 0 0 0)
Hop 1: [55-39] 55 (1 1 1 1 1 0) -> 39 (1 0 1 1 1 0)
Hop 1: [9-10] 9 (0 0 2 0 1 0) -> 11 (0 0 2 1 1 0)
Hop 2: [40-12] 8 (0 0 2 0 0 0) -> 12 (0 0 3 0 0 0)
Hop 1: [15-11] 15 (0 0 3 1 1 0) -> 11 (0 0 2 1 1 0)
Hop 3: [49-20] 21 (0 1 1 0 1 0) -> 20 (0 1 1 0 0 0)
Hop 2: [8-1] 12 (0 0 3 0 0 0) -> 0 (0 0 0 0 0 0)
Hop 1: [25-11] 25 (0 1 2 0 1 0) -> 27 (0 1 2 1 1 0)
Hop 2: [50-22] 18 (0 1 0 1 0 0) -> 22 (0 1 1 1 0 0)
Hop 2: [26-16] 24 (0 1 2 0 0 0) -> 28 (0 1 3 0 0 0)
Hop 1: [39-34] 39 (1 0 1 1 1 0) -> 35 (1 0 0 1 1 0)
Hop 2: [29-15] 31 (0 1 3 1 1 0) -> 15 (0 0 3 1 1 0)
Hop 2: [35-12] 33 (1 0 0 0 1 0) -> 1 (0 0 0 0 1 0)
Hop 2: [11-13] 9 (0 0 2 0 1 0) -> 13 (0 0 3 0 1 0)
Hop 1: [34-2] 34 (1 0 0 1 0 0) -> 2 (0 0 0 1 0 0)
Hop 2: [47-39] 43 (1 0 2 1 1 0) -> 39 (1 0 1 1 1 0)
Hop 2: [38-35] 34 (1 0 0 1 0 0) -> 35 (1 0 0 1 1 0)
Hop 2: [10-1] 8 (0 0 2 0 0 0) -> 12 (0 0 3 0 0 0)
Hop 1: [12-10] 12 (0 0 3 0 0 0) -> 14 (0 0 3 1 0 0)
Hop 2: [51-22] 19 (0 1 0 1 1 0) -> 23 (0 1 1 1 1 0)
Hop 2: [14-11] 10 (0 0 2 1 0 0) -> 11 (0 0 2 1 1 0)
Hop 2: [48-20] 16 (0 1 0 0 0 0) -> 20 (0 1 1 0 0 0)
Hop 1: [24-11] 24 (0 1 2 0 0 0) -> 26 (0 1 2 1 0 0)
Hop 2: [21-14] 23 (0 1 1 1 1 0) -> 7 (0 0 1 1 1 0)
Hop 2: [9-10] 11 (0 0 2 1 1 0) -> 10 (0 0 2 1 0 0)
Hop 2: [19-16] 17 (0 1 0 0 1 0) -> 16 (0 1 0 0 0 0)
Hop 3: [8-1] 0 (0 0 0 0 0 0) -> 1 (0 0 0 0 1 0)
Hop 2: [25-11] 27 (0 1 2 1 1 0) -> 11 (0 0 2 1 1 0)
Hop 2: [41-12] 9 (0 0 2 0 1 0) -> 13 (0 0 3 0 1 0)
Hop 3: [7-0] 1 (0 0 0 0 1 0) -> 0 (0 0 0 0 0 0)
Hop 3: [26-16] 28 (0 1 3 0 0 0) -> 16 (0 1 0 0 0 0)
Hop 2: [39-34] 35 (1 0 0 1 1 0) -> 34 (1 0 0 1 0 0)
Hop 2: [12-10] 14 (0 0 3 1 0 0) -> 10 (0 0 2 1 0 0)
Hop 3: [51-22] 23 (0 1 1 1 1 0) -> 22 (0 1 1 1 0 0)
Hop 2: [24-11] 26 (0 1 2 1 0 0) -> 10 (0 0 2 1 0 0)
Hop 1: [46-38] 46 (1 0 3 1 0 0) -> 42 (1 0 2 1 0 0)
Hop 1: [17-10] 17 (0 1 0 0 1 0) -> 19 (0 1 0 1 1 0)
Hop 3: [35-12] 1 (0 0 0 0 1 0) -> 13 (0 0 3 0 1 0)
Hop 1: [32-34] 32 (1 0 0 0 0 0) -> 34 (1 0 0 1 0 0)
Hop 3: [10-1] 12 (0 0 3 0 0 0) -> 0 (0 0 0 0 0 0)
Hop 1: [33-13] 33 (1 0 0 0 1 0) -> 1 (0 0 0 0 1 0)
Hop 3: [24-11] 10 (0 0 2 1 0 0) -> 11 (0 0 2 1 1 0)
Hop 1: [27-21] 27 (0 1 2 1 1 0) -> 25 (0 1 2 0 1 0)
Hop 3: [21-14] 7 (0 0 1 1 1 0) -> 3 (0 0 0 1 1 0)
Hop 1: [53-39] 53 (1 1 1 0 1 0) -> 55 (1 1 1 1 1 0)
Hop 1: [36-34] 36 (1 0 1 0 0 0) -> 38 (1 0 1 1 0 0)
Hop 1: [6-10] 6 (0 0 1 1 0 0) -> 10 (0 0 2 1 0 0)
Hop 3: [41-12] 13 (0 0 3 0 1 0) -> 12 (0 0 3 0 0 0)
Hop 1: [31-26] 31 (0 1 3 1 1 0) -> 27 (0 1 2 1 1 0)
Hop 1: [54-50] 54 (1 1 1 1 0 0) -> 50 (1 1 0 1 0 0)
Hop 1: [13-12] 13 (0 0 3 0 1 0) -> 12 (0 0 3 0 0 0)
Hop 1: [20-17] 20 (0 1 1 0 0 0) -> 16 (0 1 0 0 0 0)
Hop 1: [37-34] 37 (1 0 1 0 1 0) -> 39 (1 0 1 1 1 0)
Hop 1: [28-15] 28 (0 1 3 0 0 0) -> 30 (0 1 3 1 0 0)
Hop 2: [33-13] 1 (0 0 0 0 1 0) -> 13 (0 0 3 0 1 0)
Hop 1: [30-21] 30 (0 1 3 1 0 0) -> 28 (0 1 3 0 0 0)
Hop 1: [52-38] 52 (1 1 1 0 0 0) -> 54 (1 1 1 1 0 0)
Hop 2: [27-21] 25 (0 1 2 0 1 0) -> 21 (0 1 1 0 1 0)
Hop 1: [55-50] 55 (1 1 1 1 1 0) -> 51 (1 1 0 1 1 0)
Hop 1: [1-10] 1 (0 0 0 0 1 0) -> 3 (0 0 0 1 1 0)
Hop 2: [53-39] 55 (1 1 1 1 1 0) -> 39 (1 0 1 1 1 0)
Hop 1: [15-12] 15 (0 0 3 1 1 0) -> 13 (0 0 3 0 1 0)
Hop 1: [49-21] 49 (1 1 0 0 1 0) -> 17 (0 1 0 0 1 0)
Hop 2: [36-34] 38 (1 0 1 1 0 0) -> 34 (1 0 0 1 0 0)
Hop 2: [46-38] 42 (1 0 2 1 0 0) -> 38 (1 0 1 1 0 0)
Hop 2: [31-26] 27 (0 1 2 1 1 0) -> 26 (0 1 2 1 0 0)
Hop 1: [50-23] 50 (1 1 0 1 0 0) -> 18 (0 1 0 1 0 0)
Hop 1: [61-45] 61 (1 1 3 0 1 0) -> 45 (1 0 3 0 1 0)
Hop 2: [17-10] 19 (0 1 0 1 1 0) -> 3 (0 0 0 1 1 0)
Hop 1: [29-17] 29 (0 1 3 0 1 0) -> 17 (0 1 0 0 1 0)
Hop 2: [37-34] 39 (1 0 1 1 1 0) -> 35 (1 0 0 1 1 0)
Hop 4: [35-12] 13 (0 0 3 0 1 0) -> 12 (0 0 3 0 0 0)
Hop 1: [11-14] 11 (0 0 2 1 1 0) -> 15 (0 0 3 1 1 0)
Hop 1: [34-20] 34 (1 0 0 1 0 0) -> 32 (1 0 0 0 0 0)
Hop 1: [0-2] 0 (0 0 0 0 0 0) -> 2 (0 0 0 1 0 0)
Hop 1: [47-42] 47 (1 0 3 1 1 0) -> 43 (1 0 2 1 1 0)
Hop 1: [38-36] 38 (1 0 1 1 0 0) -> 36 (1 0 1 0 0 0)
Hop 2: [28-15] 30 (0 1 3 1 0 0) -> 14 (0 0 3 1 0 0)
Hop 4: [10-1] 0 (0 0 0 0 0 0) -> 1 (0 0 0 0 1 0)
Hop 1: [14-12] 14 (0 0 3 1 0 0) -> 12 (0 0 3 0 0 0)
Hop 2: [30-21] 28 (0 1 3 0 0 0) -> 24 (0 1 2 0 0 0)
Hop 1: [48-21] 48 (1 1 0 0 0 0) -> 16 (0 1 0 0 0 0)
Hop 2: [52-38] 54 (1 1 1 1 0 0) -> 38 (1 0 1 1 0 0)
Hop 2: [55-50] 51 (1 1 0 1 1 0) -> 50 (1 1 0 1 0 0)
Hop 4: [21-14] 3 (0 0 0 1 1 0) -> 15 (0 0 3 1 1 0)
Hop 1: [9-11] 9 (0 0 2 0 1 0) -> 11 (0 0 2 1 1 0)
Hop 2: [15-12] 13 (0 0 3 0 1 0) -> 12 (0 0 3 0 0 0)
Hop 2: [49-21] 17 (0 1 0 0 1 0) -> 21 (0 1 1 0 1 0)
Hop 1: [8-10] 8 (0 0 2 0 0 0) -> 10 (0 0 2 1 0 0)
Hop 1: [45-37] 45 (1 0 3 0 1 0) -> 41 (1 0 2 0 1 0)
Hop 1: [25-14] 25 (0 1 2 0 1 0) -> 27 (0 1 2 1 1 0)
Hop 2: [50-23] 18 (0 1 0 1 0 0) -> 22 (0 1 1 1 0 0)
Hop 1: [26-17] 26 (0 1 2 1 0 0) -> 24 (0 1 2 0 0 0)
Hop 1: [39-35] 39 (1 0 1 1 1 0) -> 35 (1 0 0 1 1 0)
Hop 2: [20-17] 16 (0 1 0 0 0 0) -> 17 (0 1 0 0 1 0)
Hop 3: [37-34] 35 (1 0 0 1 1 0) -> 34 (1 0 0 1 0 0)
Hop 2: [11-14] 15 (0 0 3 1 1 0) -> 14 (0 0 3 1 0 0)
Hop 2: [34-20] 32 (1 0 0 0 0 0) -> 48 (1 1 0 0 0 0)
Hop 2: [47-42] 43 (1 0 2 1 1 0) -> 42 (1 0 2 1 0 0)
Hop 1: [3-1] 3 (0 0 0 1 1 0) -> 1 (0 0 0 0 1 0)
Hop 3: [28-15] 14 (0 0 3 1 0 0) -> 15 (0 0 3 1 1 0)
Hop 1: [12-13] 12 (0 0 3 0 0 0) -> 13 (0 0 3 0 1 0)
Hop 1: [51-23] 51 (1 1 0 1 1 0) -> 19 (0 1 0 1 1 0)
Hop 1: [62-46] 62 (1 1 3 1 0 0) -> 46 (1 0 3 1 0 0)
Hop 1: [2-1] 2 (0 0 0 1 0 0) -> 0 (0 0 0 0 0 0)
Hop 3: [30-21] 24 (0 1 2 0 0 0) -> 20 (0 1 1 0 0 0)
Hop 2: [48-21] 16 (0 1 0 0 0 0) -> 20 (0 1 1 0 0 0)
Hop 2: [1-10] 3 (0 0 0 1 1 0) -> 7 (0 0 1 1 1 0)
Hop 1: [60-44] 60 (1 1 3 0 0 0) -> 44 (1 0 3 0 0 0)
Hop 1: [18-17] 18 (0 1 0 1 0 0) -> 16 (0 1 0 0 0 0)
Hop 2: [25-14] 27 (0 1 2 1 1 0) -> 11 (0 0 2 1 1 0)
Hop 3: [50-23] 22 (0 1 1 1 0 0) -> 23 (0 1 1 1 1 0)
Hop 2: [26-17] 24 (0 1 2 0 0 0) -> 28 (0 1 3 0 0 0)
Hop 1: [59-31] 59 (1 1 2 1 1 0) -> 27 (0 1 2 1 1 0)
Hop 3: [17-10] 3 (0 0 0 1 1 0) -> 7 (0 0 1 1 1 0)
Hop 3: [34-20] 48 (1 1 0 0 0 0) -> 16 (0 1 0 0 0 0)
Hop 1: [63-47] 63 (1 1 3 1 1 0) -> 47 (1 0 3 1 1 0)
Hop 1: [32-36] 32 (1 0 0 0 0 0) -> 36 (1 0 1 0 0 0)
Hop 2: [51-23] 19 (0 1 0 1 1 0) -> 23 (0 1 1 1 1 0)
Hop 1: [4-1] 4 (0 0 1 0 0 0) -> 0 (0 0 0 0 0 0)
Hop 1: [58-29] 58 (1 1 2 1 0 0) -> 56 (1 1 2 0 0 0)
Hop 4: [30-21] 20 (0 1 1 0 0 0) -> 21 (0 1 1 0 1 0)
Hop 3: [48-21] 20 (0 1 1 0 0 0) -> 21 (0 1 1 0 1 0)
Hop 1: [43-13] 43 (1 0 2 1 1 0) -> 41 (1 0 2 0 1 0)
Hop 1: [24-14] 24 (0 1 2 0 0 0) -> 26 (0 1 2 1 0 0)
Hop 1: [5-1] 5 (0 0 1 0 1 0) -> 1 (0 0 0 0 1 0)
Hop 5: [21-14] 15 (0 0 3 1 1 0) -> 14 (0 0 3 1 0 0)
Hop 1: [16-17] 16 (0 1 0 0 0 0) -> 17 (0 1 0 0 1 0)
Hop 2: [45-37] 41 (1 0 2 0 1 0) -> 37 (1 0 1 0 1 0)
Hop 3: [25-14] 11 (0 0 2 1 1 0) -> 15 (0 0 3 1 1 0)
Hop 1: [6-12] 6 (0 0 1 1 0 0) -> 4 (0 0 1 0 0 0)
Hop 3: [26-17] 28 (0 1 3 0 0 0) -> 16 (0 1 0 0 0 0)
Hop 1: [54-51] 54 (1 1 1 1 0 0) -> 50 (1 1 0 1 0 0)
Hop 1: [44-36] 44 (1 0 3 0 0 0) -> 40 (1 0 2 0 0 0)
Hop 1: [13-14] 13 (0 0 3 0 1 0) -> 15 (0 0 3 1 1 0)
Hop 1: [57-29] 57 (1 1 2 0 1 0) -> 25 (0 1 2 0 1 0)
Hop 4: [34-20] 16 (0 1 0 0 0 0) -> 20 (0 1 1 0 0 0)
Hop 1: [42-14] 42 (1 0 2 1 0 0) -> 10 (0 0 2 1 0 0)
Hop 1: [56-28] 56 (1 1 2 0 0 0) -> 24 (0 1 2 0 0 0)
Hop 1: [33-14] 33 (1 0 0 0 1 0) -> 35 (1 0 0 1 1 0)
Hop 2: [2-1] 0 (0 0 0 0 0 0) -> 1 (0 0 0 0 1 0)
Hop 1: [23-19] 23 (0 1 1 1 1 0) -> 19 (0 1 0 1 1 0)
Hop 2: [24-14] 26 (0 1 2 1 0 0) -> 10 (0 0 2 1 0 0)
Hop 1: [22-18] 22 (0 1 1 1 0 0) -> 18 (0 1 0 1 0 0)
Hop 1: [27-23] 27 (0 1 2 1 1 0) -> 23 (0 1 1 1 1 0)
Hop 3: [1-10] 7 (0 0 1 1 1 0) -> 11 (0 0 2 1 1 0)
Hop 1: [53-42] 53 (1 1 1 0 1 0) -> 55 (1 1 1 1 1 0)
Hop 1: [40-13] 40 (1 0 2 0 0 0) -> 8 (0 0 2 0 0 0)
Hop 1: [36-37] 36 (1 0 1 0 0 0) -> 37 (1 0 1 0 1 0)
Hop 2: [18-17] 16 (0 1 0 0 0 0) -> 17 (0 1 0 0 1 0)
Hop 4: [25-14] 15 (0 0 3 1 1 0) -> 14 (0 0 3 1 0 0)
Hop 2: [6-12] 4 (0 0 1 0 0 0) -> 0 (0 0 0 0 0 0)
Hop 1: [31-27] 31 (0 1 3 1 1 0) -> 27 (0 1 2 1 1 0)
Hop 4: [26-17] 16 (0 1 0 0 0 0) -> 17 (0 1 0 0 1 0)
Hop 2: [54-51] 50 (1 1 0 1 0 0) -> 51 (1 1 0 1 1 0)
Hop 2: [59-31] 27 (0 1 2 1 1 0) -> 31 (0 1 3 1 1 0)
Hop 2: [13-14] 15 (0 0 3 1 1 0) -> 14 (0 0 3 1 0 0)
Hop 4: [17-10] 7 (0 0 1 1 1 0) -> 11 (0 0 2 1 1 0)
Hop 1: [29-19] 29 (0 1 3 0 1 0) -> 31 (0 1 3 1 1 0)
Hop 1: [38-37] 38 (1 0 1 1 0 0) -> 36 (1 0 1 0 0 0)
Hop 2: [4-1] 0 (0 0 0 0 0 0) -> 1 (0 0 0 0 1 0)
Hop 1: [14-13] 14 (0 0 3 1 0 0) -> 12 (0 0 3 0 0 0)
Hop 2: [33-14] 35 (1 0 0 1 1 0) -> 3 (0 0 0 1 1 0)
Hop 2: [58-29] 56 (1 1 2 0 0 0) -> 24 (0 1 2 0 0 0)
Hop 2: [43-13] 41 (1 0 2 0 1 0) -> 9 (0 0 2 0 1 0)
Hop 3: [24-14] 10 (0 0 2 1 0 0) -> 14 (0 0 3 1 0 0)
Hop 1: [52-39] 52 (1 1 1 0 0 0) -> 54 (1 1 1 1 0 0)
Hop 1: [55-51] 55 (1 1 1 1 1 0) -> 51 (1 1 0 1 1 0)
Hop 1: [9-12] 9 (0 0 2 0 1 0) -> 13 (0 0 3 0 1 0)
Hop 2: [53-42] 55 (1 1 1 1 1 0) -> 39 (1 0 1 1 1 0)
Hop 1: [19-17] 19 (0 1 0 1 1 0) -> 17 (0 1 0 0 1 0)
Hop 1: [15-13] 15 (0 0 3 1 1 0) -> 13 (0 0 3 0 1 0)
Hop 1: [49-28] 49 (1 1 0 0 1 0) -> 17 (0 1 0 0 1 0)
Hop 1: [8-11] 8 (0 0 2 0 0 0) -> 10 (0 0 2 1 0 0)
Hop 3: [6-12] 0 (0 0 0 0 0 0) -> 12 (0 0 3 0 0 0)
Hop 1: [7-1] 7 (0 0 1 1 1 0) -> 5 (0 0 1 0 1 0)
Hop 2: [44-36] 40 (1 0 2 0 0 0) -> 36 (1 0 1 0 0 0)
Hop 1: [39-36] 39 (1 0 1 1 1 0) -> 37 (1 0 1 0 1 0)
Hop 2: [29-19] 31 (0 1 3 1 1 0) -> 19 (0 1 0 1 1 0)
Hop 1: [37-35] 37 (1 0 1 0 1 0) -> 39 (1 0 1 1 1 0)
Hop 2: [57-29] 25 (0 1 2 0 1 0) -> 29 (0 1 3 0 1 0)
Hop 1: [11-15] 11 (0 0 2 1 1 0) -> 15 (0 0 3 1 1 0)
Hop 2: [42-14] 10 (0 0 2 1 0 0) -> 14 (0 0 3 1 0 0)
Hop 1: [47-43] 47 (1 0 3 1 1 0) -> 43 (1 0 2 1 1 0)
Hop 2: [38-37] 36 (1 0 1 0 0 0) -> 37 (1 0 1 0 1 0)
Hop 1: [28-16] 28 (0 1 3 0 0 0) -> 16 (0 1 0 0 0 0)
Hop 2: [56-28] 24 (0 1 2 0 0 0) -> 28 (0 1 3 0 0 0)
Hop 1: [12-14] 12 (0 0 3 0 0 0) -> 14 (0 0 3 1 0 0)
Hop 2: [14-13] 12 (0 0 3 0 0 0) -> 13 (0 0 3 0 1 0)
Hop 3: [33-14] 3 (0 0 0 1 1 0) -> 15 (0 0 3 1 1 0)
Hop 2: [52-39] 54 (1 1 1 1 0 0) -> 38 (1 0 1 1 0 0)
Hop 4: [1-10] 11 (0 0 2 1 1 0) -> 10 (0 0 2 1 0 0)
Hop 2: [9-12] 13 (0 0 3 0 1 0) -> 12 (0 0 3 0 0 0)
Hop 3: [53-42] 39 (1 0 1 1 1 0) -> 43 (1 0 2 1 1 0)
Hop 2: [40-13] 8 (0 0 2 0 0 0) -> 12 (0 0 3 0 0 0)
Hop 2: [49-28] 17 (0 1 0 0 1 0) -> 29 (0 1 3 0 1 0)
Hop 2: [8-11] 10 (0 0 2 1 0 0) -> 11 (0 0 2 1 1 0)
Hop 1: [50-34] 50 (1 1 0 1 0 0) -> 34 (1 0 0 1 0 0)
Hop 2: [39-36] 37 (1 0 1 0 1 0) -> 36 (1 0 1 0 0 0)
Hop 5: [17-10] 11 (0 0 2 1 1 0) -> 10 (0 0 2 1 0 0)
Hop 2: [37-35] 39 (1 0 1 1 1 0) -> 35 (1 0 0 1 1 0)
Hop 1: [32-37] 32 (1 0 0 0 0 0) -> 36 (1 0 1 0 0 0)
Hop 1: [51-28] 51 (1 1 0 1 1 0) -> 49 (1 1 0 0 1 0)
Hop 4: [33-14] 15 (0 0 3 1 1 0) -> 14 (0 0 3 1 0 0)
Hop 3: [58-29] 24 (0 1 2 0 0 0) -> 28 (0 1 3 0 0 0)
Hop 1: [30-22] 30 (0 1 3 1 0 0) -> 26 (0 1 2 1 0 0)
Hop 1: [48-23] 48 (1 1 0 0 0 0) -> 50 (1 1 0 1 0 0)
Hop 3: [43-13] 9 (0 0 2 0 1 0) -> 13 (0 0 3 0 1 0)
Hop 3: [52-39] 38 (1 0 1 1 0 0) -> 39 (1 0 1 1 1 0)
Hop 4: [53-42] 43 (1 0 2 1 1 0) -> 42 (1 0 2 1 0 0)
Hop 3: [49-28] 29 (0 1 3 0 1 0) -> 28 (0 1 3 0 0 0)
Hop 1: [41-13] 41 (1 0 2 0 1 0) -> 9 (0 0 2 0 1 0)
Hop 2: [7-1] 5 (0 0 1 0 1 0) -> 1 (0 0 0 0 1 0)
Hop 1: [34-32] 34 (1 0 0 1 0 0) -> 32 (1 0 0 0 0 0)
Hop 2: [32-37] 36 (1 0 1 0 0 0) -> 37 (1 0 1 0 1 0)
Hop 2: [51-28] 49 (1 1 0 0 1 0) -> 17 (0 1 0 0 1 0)
Hop 2: [30-22] 26 (0 1 2 1 0 0) -> 22 (0 1 1 1 0 0)
Hop 2: [48-23] 50 (1 1 0 1 0 0) -> 18 (0 1 0 1 0 0)
Hop 1: [27-25] 27 (0 1 2 1 1 0) -> 25 (0 1 2 0 1 0)
Hop 3: [40-13] 12 (0 0 3 0 0 0) -> 13 (0 0 3 0 1 0)
Hop 1: [36-38] 36 (1 0 1 0 0 0) -> 38 (1 0 1 1 0 0)
Hop 1: [25-15] 25 (0 1 2 0 1 0) -> 27 (0 1 2 1 1 0)
Hop 1: [46-39] 46 (1 0 3 1 0 0) -> 42 (1 0 2 1 0 0)
Hop 1: [31-28] 31 (0 1 3 1 1 0) -> 29 (0 1 3 0 1 0)
Hop 1: [61-47] 61 (1 1 3 0 1 0) -> 63 (1 1 3 1 1 0)
Hop 1: [26-18] 26 (0 1 2 1 0 0) -> 30 (0 1 3 1 0 0)
Hop 1: [54-52] 54 (1 1 1 1 0 0) -> 52 (1 1 1 0 0 0)
Hop 1: [13-15] 13 (0 0 3 0 1 0) -> 15 (0 0 3 1 1 0)
Hop 1: [35-14] 35 (1 0 0 1 1 0) -> 3 (0 0 0 1 1 0)
Hop 1: [0-3] 0 (0 0 0 0 0 0) -> 2 (0 0 0 1 0 0)
Hop 1: [10-11] 10 (0 0 2 1 0 0) -> 11 (0 0 2 1 1 0)
Hop 3: [51-28] 17 (0 1 0 0 1 0) -> 29 (0 1 3 0 1 0)
Hop 4: [58-29] 28 (0 1 3 0 0 0) -> 29 (0 1 3 0 1 0)
Hop 3: [48-23] 18 (0 1 0 1 0 0) -> 22 (0 1 1 1 0 0)
Hop 1: [24-15] 24 (0 1 2 0 0 0) -> 26 (0 1 2 1 0 0)
Hop 1: [55-53] 55 (1 1 1 1 1 0) -> 53 (1 1 1 0 1 0)
Hop 1: [15-14] 15 (0 0 3 1 1 0) -> 14 (0 0 3 1 0 0)
Hop 2: [25-15] 27 (0 1 2 1 1 0) -> 11 (0 0 2 1 1 0)
Hop 1: [6-14] 6 (0 0 1 1 0 0) -> 2 (0 0 0 1 0 0)
Hop 2: [41-13] 9 (0 0 2 0 1 0) -> 13 (0 0 3 0 1 0)
Hop 2: [31-28] 29 (0 1 3 0 1 0) -> 28 (0 1 3 0 0 0)
Hop 2: [26-18] 30 (0 1 3 1 0 0) -> 18 (0 1 0 1 0 0)
Hop 1: [20-18] 20 (0 1 1 0 0 0) -> 22 (0 1 1 1 0 0)
Hop 1: [29-20] 29 (0 1 3 0 1 0) -> 25 (0 1 2 0 1 0)
Hop 1: [11-24] 11 (0 0 2 1 1 0) -> 9 (0 0 2 0 1 0)
Hop 1: [47-44] 47 (1 0 3 1 1 0) -> 45 (1 0 3 0 1 0)
Hop 1: [38-39] 38 (1 0 1 1 0 0) -> 39 (1 0 1 1 1 0)
Hop 1: [3-10] 3 (0 0 0 1 1 0) -> 7 (0 0 1 1 1 0)
Hop 1: [28-18] 28 (0 1 3 0 0 0) -> 30 (0 1 3 1 0 0)
Hop 1: [12-15] 12 (0 0 3 0 0 0) -> 14 (0 0 3 1 0 0)
Hop 4: [51-28] 29 (0 1 3 0 1 0) -> 28 (0 1 3 0 0 0)
Hop 1: [62-53] 62 (1 1 3 1 0 0) -> 60 (1 1 3 0 0 0)
Hop 1: [14-15] 14 (0 0 3 1 0 0) -> 15 (0 0 3 1 1 0)
Hop 4: [48-23] 22 (0 1 1 1 0 0) -> 23 (0 1 1 1 1 0)
Hop 2: [24-15] 26 (0 1 2 1 0 0) -> 10 (0 0 2 1 0 0)
Hop 1: [9-13] 9 (0 0 2 0 1 0) -> 13 (0 0 3 0 1 0)
Hop 1: [60-46] 60 (1 1 3 0 0 0) -> 62 (1 1 3 1 0 0)
Hop 1: [8-12] 8 (0 0 2 0 0 0) -> 12 (0 0 3 0 0 0)
Hop 3: [25-15] 11 (0 0 2 1 1 0) -> 15 (0 0 3 1 1 0)
Hop 2: [6-14] 2 (0 0 0 1 0 0) -> 14 (0 0 3 1 0 0)
Hop 2: [46-39] 42 (1 0 2 1 0 0) -> 38 (1 0 1 1 0 0)
Hop 1: [50-48] 50 (1 1 0 1 0 0) -> 48 (1 1 0 0 0 0)
Hop 2: [61-47] 63 (1 1 3 1 1 0) -> 47 (1 0 3 1 1 0)
Hop 1: [39-37] 39 (1 0 1 1 1 0) -> 37 (1 0 1 0 1 0)
Hop 2: [29-20] 25 (0 1 2 0 1 0) -> 21 (0 1 1 0 1 0)
Hop 1: [37-36] 37 (1 0 1 0 1 0) -> 36 (1 0 1 0 0 0)
Hop 2: [35-14] 3 (0 0 0 1 1 0) -> 15 (0 0 3 1 1 0)
Hop 2: [11-24] 9 (0 0 2 0 1 0) -> 25 (0 1 2 0 1 0)
Hop 2: [0-3] 2 (0 0 0 1 0 0) -> 3 (0 0 0 1 1 0)
Hop 2: [47-44] 45 (1 0 3 0 1 0) -> 44 (1 0 3 0 0 0)
Hop 1: [63-53] 63 (1 1 3 1 1 0) -> 61 (1 1 3 0 1 0)
Hop 2: [28-18] 30 (0 1 3 1 0 0) -> 18 (0 1 0 1 0 0)
Hop 2: [12-15] 14 (0 0 3 1 0 0) -> 15 (0 0 3 1 1 0)
Hop 1: [33-32] 33 (1 0 0 0 1 0) -> 32 (1 0 0 0 0 0)
Hop 3: [24-15] 10 (0 0 2 1 0 0) -> 14 (0 0 3 1 0 0)
Hop 1: [52-48] 52 (1 1 1 0 0 0) -> 48 (1 1 0 0 0 0)
Hop 1: [5-10] 5 (0 0 1 0 1 0) -> 7 (0 0 1 1 1 0)
Hop 1: [21-16] 21 (0 1 1 0 1 0) -> 17 (0 1 0 0 1 0)
Hop 1: [53-46] 53 (1 1 1 0 1 0) -> 55 (1 1 1 1 1 0)
Hop 1: [49-29] 49 (1 1 0 0 1 0) -> 17 (0 1 0 0 1 0)
Hop 1: [16-18] 16 (0 1 0 0 0 0) -> 18 (0 1 0 1 0 0)
Hop 1: [45-40] 45 (1 0 3 0 1 0) -> 41 (1 0 2 0 1 0)
Hop 2: [20-18] 22 (0 1 1 1 0 0) -> 18 (0 1 0 1 0 0)
Hop 3: [29-20] 21 (0 1 1 0 1 0) -> 20 (0 1 1 0 0 0)
Hop 3: [11-24] 25 (0 1 2 0 1 0) -> 24 (0 1 2 0 0 0)
Hop 1: [34-33] 34 (1 0 0 1 0 0) -> 32 (1 0 0 0 0 0)
Hop 2: [3-10] 7 (0 0 1 1 1 0) -> 11 (0 0 2 1 1 0)
Hop 1: [32-4] 32 (1 0 0 0 0 0) -> 0 (0 0 0 0 0 0)
Hop 2: [62-53] 60 (1 1 3 0 0 0) -> 56 (1 1 2 0 0 0)
Hop 1: [2-10] 2 (0 0 0 1 0 0) -> 6 (0 0 1 1 0 0)
Hop 1: [30-23] 30 (0 1 3 1 0 0) -> 26 (0 1 2 1 0 0)
Hop 1: [23-20] 23 (0 1 1 1 1 0) -> 21 (0 1 1 0 1 0)
Hop 4: [24-15] 14 (0 0 3 1 0 0) -> 15 (0 0 3 1 1 0)
Hop 1: [22-19] 22 (0 1 1 1 0 0) -> 18 (0 1 0 1 0 0)
Hop 1: [27-26] 27 (0 1 2 1 1 0) -> 26 (0 1 2 1 0 0)
Hop 2: [53-46] 55 (1 1 1 1 1 0) -> 39 (1 0 1 1 1 0)
Hop 2: [49-29] 17 (0 1 0 0 1 0) -> 29 (0 1 3 0 1 0)
Hop 2: [60-46] 62 (1 1 3 1 0 0) -> 46 (1 0 3 1 0 0)
Hop 1: [36-39] 36 (1 0 1 0 0 0) -> 38 (1 0 1 1 0 0)
Hop 1: [18-19] 18 (0 1 0 1 0 0) -> 19 (0 1 0 1 1 0)
Hop 3: [46-39] 38 (1 0 1 1 0 0) -> 39 (1 0 1 1 1 0)
Hop 1: [54-53] 54 (1 1 1 1 0 0) -> 52 (1 1 1 0 0 0)
Hop 1: [59-43] 59 (1 1 2 1 1 0) -> 43 (1 0 2 1 1 0)
Hop 1: [13-29] 13 (0 0 3 0 1 0) -> 29 (0 1 3 0 1 0)
Hop 3: [35-14] 15 (0 0 3 1 1 0) -> 14 (0 0 3 1 0 0)
Hop 2: [34-33] 32 (1 0 0 0 0 0) -> 33 (1 0 0 0 1 0)
Hop 2: [63-53] 61 (1 1 3 0 1 0) -> 57 (1 1 2 0 1 0)
Hop 2: [32-4] 0 (0 0 0 0 0 0) -> 4 (0 0 1 0 0 0)
Hop 1: [4-12] 4 (0 0 1 0 0 0) -> 0 (0 0 0 0 0 0)
Hop 2: [30-23] 26 (0 1 2 1 0 0) -> 22 (0 1 1 1 0 0)
Hop 2: [5-10] 7 (0 0 1 1 1 0) -> 11 (0 0 2 1 1 0)
Hop 1: [55-54] 55 (1 1 1 1 1 0) -> 54 (1 1 1 1 0 0)
Hop 2: [21-16] 17 (0 1 0 0 1 0) -> 16 (0 1 0 0 0 0)
Hop 3: [53-46] 39 (1 0 1 1 1 0) -> 35 (1 0 0 1 1 0)
Hop 1: [19-18] 19 (0 1 0 1 1 0) -> 18 (0 1 0 1 0 0)
Hop 1: [15-24] 15 (0 0 3 1 1 0) -> 13 (0 0 3 0 1 0)
Hop 2: [36-39] 38 (1 0 1 1 0 0) -> 39 (1 0 1 1 1 0)
Hop 2: [45-40] 41 (1 0 2 0 1 0) -> 40 (1 0 2 0 0 0)
Hop 1: [31-29] 31 (0 1 3 1 1 0) -> 29 (0 1 3 0 1 0)
Hop 1: [26-19] 26 (0 1 2 1 0 0) -> 30 (0 1 3 1 0 0)
Hop 2: [54-53] 52 (1 1 1 0 0 0) -> 53 (1 1 1 0 1 0)
Hop 1: [44-37] 44 (1 0 3 0 0 0) -> 40 (1 0 2 0 0 0)
Hop 1: [57-35] 57 (1 1 2 0 1 0) -> 59 (1 1 2 1 1 0)
Hop 1: [42-15] 42 (1 0 2 1 0 0) -> 10 (0 0 2 1 0 0)
Hop 1: [38-42] 38 (1 0 1 1 0 0) -> 42 (1 0 2 1 0 0)
Hop 3: [3-10] 11 (0 0 2 1 1 0) -> 10 (0 0 2 1 0 0)
Hop 1: [56-29] 56 (1 1 2 0 0 0) -> 24 (0 1 2 0 0 0)
Hop 1: [51-29] 51 (1 1 0 1 1 0) -> 49 (1 1 0 0 1 0)
Hop 3: [62-53] 56 (1 1 2 0 0 0) -> 52 (1 1 1 0 0 0)
Hop 1: [14-21] 14 (0 0 3 1 0 0) -> 12 (0 0 3 0 0 0)
Hop 2: [2-10] 6 (0 0 1 1 0 0) -> 10 (0 0 2 1 0 0)
Hop 3: [30-23] 22 (0 1 1 1 0 0) -> 23 (0 1 1 1 1 0)
Hop 1: [48-28] 48 (1 1 0 0 0 0) -> 16 (0 1 0 0 0 0)
Hop 2: [23-20] 21 (0 1 1 0 1 0) -> 20 (0 1 1 0 0 0)
Hop 2: [22-19] 18 (0 1 0 1 0 0) -> 19 (0 1 0 1 1 0)
Hop 1: [1-12] 1 (0 0 0 0 1 0) -> 13 (0 0 3 0 1 0)
Hop 1: [9-25] 9 (0 0 2 0 1 0) -> 25 (0 1 2 0 1 0)
Hop 4: [53-46] 35 (1 0 0 1 1 0) -> 47 (1 0 3 1 1 0)
Hop 2: [15-24] 13 (0 0 3 0 1 0) -> 29 (0 1 3 0 1 0)
Hop 1: [8-13] 8 (0 0 2 0 0 0) -> 12 (0 0 3 0 0 0)
Hop 1: [25-17] 25 (0 1 2 0 1 0) -> 29 (0 1 3 0 1 0)
Hop 1: [6-16] 6 (0 0 1 1 0 0) -> 4 (0 0 1 0 0 0)
Hop 1: [50-49] 50 (1 1 0 1 0 0) -> 48 (1 1 0 0 0 0)
Hop 2: [26-19] 30 (0 1 3 1 0 0) -> 18 (0 1 0 1 0 0)
Hop 1: [39-38] 39 (1 0 1 1 1 0) -> 38 (1 0 1 1 0 0)
Hop 1: [17-16] 17 (0 1 0 0 1 0) -> 16 (0 1 0 0 0 0)
Hop 1: [37-38] 37 (1 0 1 0 1 0) -> 39 (1 0 1 1 1 0)
Hop 1: [47-45] 47 (1 0 3 1 1 0) -> 45 (1 0 3 0 1 0)
Hop 3: [63-53] 57 (1 1 2 0 1 0) -> 53 (1 1 1 0 1 0)
Hop 1: [28-20] 28 (0 1 3 0 0 0) -> 24 (0 1 2 0 0 0)
Hop 1: [12-28] 12 (0 0 3 0 0 0) -> 28 (0 1 3 0 0 0)
Hop 2: [51-29] 49 (1 1 0 0 1 0) -> 17 (0 1 0 0 1 0)
Hop 2: [4-12] 0 (0 0 0 0 0 0) -> 12 (0 0 3 0 0 0)
Hop 2: [14-21] 12 (0 0 3 0 0 0) -> 28 (0 1 3 0 0 0)
Hop 1: [33-34] 33 (1 0 0 0 1 0) -> 35 (1 0 0 1 1 0)
Hop 2: [48-28] 16 (0 1 0 0 0 0) -> 28 (0 1 3 0 0 0)
Hop 1: [43-15] 43 (1 0 2 1 1 0) -> 11 (0 0 2 1 1 0)
Hop 1: [52-49] 52 (1 1 1 0 0 0) -> 48 (1 1 0 0 0 0)
Hop 3: [5-10] 11 (0 0 2 1 1 0) -> 10 (0 0 2 1 0 0)
Hop 5: [53-46] 47 (1 0 3 1 1 0) -> 46 (1 0 3 1 0 0)
Hop 3: [15-24] 29 (0 1 3 0 1 0) -> 25 (0 1 2 0 1 0)
Hop 2: [8-13] 12 (0 0 3 0 0 0) -> 13 (0 0 3 0 1 0)
Hop 2: [25-17] 29 (0 1 3 0 1 0) -> 17 (0 1 0 0 1 0)
Hop 2: [6-16] 4 (0 0 1 0 0 0) -> 20 (0 1 1 0 0 0)
Hop 2: [50-49] 48 (1 1 0 0 0 0) -> 49 (1 1 0 0 1 0)
Hop 1: [7-10] 7 (0 0 1 1 1 0) -> 11 (0 0 2 1 1 0)
Hop 3: [26-19] 18 (0 1 0 1 0 0) -> 19 (0 1 0 1 1 0)
Hop 2: [44-37] 40 (1 0 2 0 0 0) -> 36 (1 0 1 0 0 0)
Hop 1: [29-21] 29 (0 1 3 0 1 0) -> 25 (0 1 2 0 1 0)
Hop 2: [37-38] 39 (1 0 1 1 1 0) -> 38 (1 0 1 1 0 0)
Hop 2: [57-35] 59 (1 1 2 1 1 0) -> 43 (1 0 2 1 1 0)
Hop 1: [11-25] 11 (0 0 2 1 1 0) -> 9 (0 0 2 0 1 0)
Hop 2: [42-15] 10 (0 0 2 1 0 0) -> 14 (0 0 3 1 0 0)
Hop 2: [28-20] 24 (0 1 2 0 0 0) -> 20 (0 1 1 0 0 0)
Hop 2: [56-29] 24 (0 1 2 0 0 0) -> 28 (0 1 3 0 0 0)
Hop 3: [51-29] 17 (0 1 0 0 1 0) -> 29 (0 1 3 0 1 0)
Hop 4: [62-53] 52 (1 1 1 0 0 0) -> 53 (1 1 1 0 1 0)
Hop 3: [14-21] 28 (0 1 3 0 0 0) -> 24 (0 1 2 0 0 0)
Hop 2: [33-34] 35 (1 0 0 1 1 0) -> 34 (1 0 0 1 0 0)
Hop 1: [24-16] 24 (0 1 2 0 0 0) -> 28 (0 1 3 0 0 0)
Hop 2: [52-49] 48 (1 1 0 0 0 0) -> 49 (1 1 0 0 1 0)
Hop 1: [27-29] 27 (0 1 2 1 1 0) -> 25 (0 1 2 0 1 0)
Hop 2: [1-12] 13 (0 0 3 0 1 0) -> 12 (0 0 3 0 0 0)
Hop 1: [40-32] 40 (1 0 2 0 0 0) -> 44 (1 0 3 0 0 0)
Hop 4: [15-24] 25 (0 1 2 0 1 0) -> 24 (0 1 2 0 0 0)
Hop 1: [49-30] 49 (1 1 0 0 1 0) -> 51 (1 1 0 1 1 0)
Hop 3: [6-16] 20 (0 1 1 0 0 0) -> 16 (0 1 0 0 0 0)
Hop 1: [13-33] 13 (0 0 3 0 1 0) -> 45 (1 0 3 0 1 0)
Hop 2: [29-21] 25 (0 1 2 0 1 0) -> 21 (0 1 1 0 1 0)
Hop 2: [11-25] 9 (0 0 2 0 1 0) -> 25 (0 1 2 0 1 0)
Hop 1: [34-35] 34 (1 0 0 1 0 0) -> 35 (1 0 0 1 1 0)
Hop 1: [32-40] 32 (1 0 0 0 0 0) -> 36 (1 0 1 0 0 0)
Hop 1: [10-12] 10 (0 0 2 1 0 0) -> 8 (0 0 2 0 0 0)
Hop 4: [14-21] 24 (0 1 2 0 0 0) -> 20 (0 1 1 0 0 0)
Hop 1: [58-30] 58 (1 1 2 1 0 0) -> 26 (0 1 2 1 0 0)
Hop 2: [43-15] 11 (0 0 2 1 1 0) -> 15 (0 0 3 1 1 0)
Hop 2: [24-16] 28 (0 1 3 0 0 0) -> 16 (0 1 0 0 0 0)
Hop 2: [27-29] 25 (0 1 2 0 1 0) -> 29 (0 1 3 0 1 0)
Hop 1: [55-56] 55 (1 1 1 1 1 0) -> 53 (1 1 1 0 1 0)
Hop 2: [49-30] 51 (1 1 0 1 1 0) -> 19 (0 1 0 1 1 0)
Hop 1: [36-4] 36 (1 0 1 0 0 0) -> 4 (0 0 1 0 0 0)
Hop 1: [41-15] 41 (1 0 2 0 1 0) -> 43 (1 0 2 1 1 0)
Hop 1: [31-30] 31 (0 1 3 1 1 0) -> 30 (0 1 3 1 0 0)
Hop 2: [7-10] 11 (0 0 2 1 1 0) -> 10 (0 0 2 1 0 0)
Hop 1: [54-55] 54 (1 1 1 1 0 0) -> 55 (1 1 1 1 1 0)
Hop 3: [44-37] 36 (1 0 1 0 0 0) -> 37 (1 0 1 0 1 0)
Hop 2: [13-33] 45 (1 0 3 0 1 0) -> 33 (1 0 0 0 1 0)
Hop 3: [57-35] 43 (1 0 2 1 1 0) -> 47 (1 0 3 1 1 0)
Hop 3: [42-15] 14 (0 0 3 1 0 0) -> 15 (0 0 3 1 1 0)
Hop 1: [38-44] 38 (1 0 1 1 0 0) -> 36 (1 0 1 0 0 0)
Hop 2: [32-40] 36 (1 0 1 0 0 0) -> 40 (1 0 2 0 0 0)
Hop 3: [56-29] 28 (0 1 3 0 0 0) -> 29 (0 1 3 0 1 0)
Hop 5: [14-21] 20 (0 1 1 0 0 0) -> 21 (0 1 1 0 1 0)
Hop 1: [30-26] 30 (0 1 3 1 0 0) -> 26 (0 1 2 1 0 0)
Hop 2: [55-56] 53 (1 1 1 0 1 0) -> 57 (1 1 2 0 1 0)
Hop 1: [9-3] 9 (0 0 2 0 1 0) -> 11 (0 0 2 1 1 0)
Hop 2: [40-32] 44 (1 0 3 0 0 0) -> 32 (1 0 0 0 0 0)
Hop 3: [49-30] 19 (0 1 0 1 1 0) -> 31 (0 1 3 1 1 0)
Hop 1: [61-53] 61 (1 1 3 0 1 0) -> 57 (1 1 2 0 1 0)
Hop 1: [39-42] 39 (1 0 1 1 1 0) -> 43 (1 0 2 1 1 0)
Hop 1: [0-32] 0 (0 0 0 0 0 0) -> 32 (1 0 0 0 0 0)
Hop 1: [47-46] 47 (1 0 3 1 1 0) -> 46 (1 0 3 1 0 0)
Hop 2: [38-44] 36 (1 0 1 0 0 0) -> 32 (1 0 0 0 0 0)
Hop 2: [10-12] 8 (0 0 2 0 0 0) -> 12 (0 0 3 0 0 0)
Hop 1: [12-33] 12 (0 0 3 0 0 0) -> 44 (1 0 3 0 0 0)
Hop 2: [58-30] 26 (0 1 2 1 0 0) -> 30 (0 1 3 1 0 0)
Hop 1: [48-32] 48 (1 1 0 0 0 0) -> 32 (1 0 0 0 0 0)
Hop 3: [55-56] 57 (1 1 2 0 1 0) -> 56 (1 1 2 0 0 0)
Hop 2: [9-3] 11 (0 0 2 1 1 0) -> 15 (0 0 3 1 1 0)
Hop 1: [53-48] 53 (1 1 1 0 1 0) -> 49 (1 1 0 0 1 0)
Hop 4: [49-30] 31 (0 1 3 1 1 0) -> 30 (0 1 3 1 0 0)
Hop 1: [16-19] 16 (0 1 0 0 0 0) -> 18 (0 1 0 1 0 0)
Hop 1: [8-14] 8 (0 0 2 0 0 0) -> 10 (0 0 2 1 0 0)
Hop 1: [25-19] 25 (0 1 2 0 1 0) -> 27 (0 1 2 1 1 0)
Hop 2: [41-15] 43 (1 0 2 1 1 0) -> 11 (0 0 2 1 1 0)
Hop 1: [50-51] 50 (1 1 0 1 0 0) -> 51 (1 1 0 1 1 0)
Hop 1: [26-21] 26 (0 1 2 1 0 0) -> 24 (0 1 2 0 0 0)
Hop 2: [39-42] 43 (1 0 2 1 1 0) -> 42 (1 0 2 1 0 0)
Hop 1: [20-2] 20 (0 1 1 0 0 0) -> 22 (0 1 1 1 0 0)
Hop 1: [37-39] 37 (1 0 1 0 1 0) -> 39 (1 0 1 1 1 0)
Hop 4: [57-35] 47 (1 0 3 1 1 0) -> 35 (1 0 0 1 1 0)
Hop 3: [38-44] 32 (1 0 0 0 0 0) -> 44 (1 0 3 0 0 0)
Hop 1: [28-21] 28 (0 1 3 0 0 0) -> 24 (0 1 2 0 0 0)
Hop 2: [12-33] 44 (1 0 3 0 0 0) -> 32 (1 0 0 0 0 0)
Hop 1: [51-30] 51 (1 1 0 1 1 0) -> 19 (0 1 0 1 1 0)
Hop 1: [33-35] 33 (1 0 0 0 1 0) -> 35 (1 0 0 1 1 0)
Hop 1: [52-53] 52 (1 1 1 0 0 0) -> 53 (1 1 1 0 1 0)
Hop 3: [9-3] 15 (0 0 3 1 1 0) -> 3 (0 0 0 1 1 0)
Hop 2: [53-48] 49 (1 1 0 0 1 0) -> 48 (1 1 0 0 0 0)
Hop 1: [15-25] 15 (0 0 3 1 1 0) -> 13 (0 0 3 0 1 0)
Hop 1: [60-47] 60 (1 1 3 0 0 0) -> 62 (1 1 3 1 0 0)
Hop 2: [8-14] 10 (0 0 2 1 0 0) -> 14 (0 0 3 1 0 0)
Hop 1: [18-2] 18 (0 1 0 1 0 0) -> 2 (0 0 0 1 0 0)
Hop 2: [25-19] 27 (0 1 2 1 1 0) -> 31 (0 1 3 1 1 0)
Hop 1: [6-17] 6 (0 0 1 1 0 0) -> 4 (0 0 1 0 0 0)
Hop 1: [46-42] 46 (1 0 3 1 0 0) -> 42 (1 0 2 1 0 0)
Hop 2: [61-53] 57 (1 1 2 0 1 0) -> 53 (1 1 1 0 1 0)
Hop 2: [26-21] 24 (0 1 2 0 0 0) -> 20 (0 1 1 0 0 0)
Hop 1: [59-49] 59 (1 1 2 1 1 0) -> 57 (1 1 2 0 1 0)
Hop 1: [29-22] 29 (0 1 3 0 1 0) -> 31 (0 1 3 1 1 0)
Hop 1: [35-15] 35 (1 0 0 1 1 0) -> 3 (0 0 0 1 1 0)
Hop 1: [11-27] 11 (0 0 2 1 1 0) -> 27 (0 1 2 1 1 0)
Hop 1: [34-36] 34 (1 0 0 1 0 0) -> 32 (1 0 0 0 0 0)
Hop 2: [28-21] 24 (0 1 2 0 0 0) -> 20 (0 1 1 0 0 0)
Hop 3: [12-33] 32 (1 0 0 0 0 0) -> 33 (1 0 0 0 1 0)
Hop 2: [51-30] 19 (0 1 0 1 1 0) -> 31 (0 1 3 1 1 0)
Hop 1: [24-17] 24 (0 1 2 0 0 0) -> 28 (0 1 3 0 0 0)
Hop 1: [27-30] 27 (0 1 2 1 1 0) -> 31 (0 1 3 1 1 0)
Hop 1: [21-17] 21 (0 1 1 0 1 0) -> 17 (0 1 0 0 1 0)
Hop 1: [19-21] 19 (0 1 0 1 1 0) -> 17 (0 1 0 0 1 0)
Hop 2: [15-25] 13 (0 0 3 0 1 0) -> 29 (0 1 3 0 1 0)
Hop 2: [16-19] 18 (0 1 0 1 0 0) -> 19 (0 1 0 1 1 0)
Hop 1: [36-40] 36 (1 0 1 0 0 0) -> 40 (1 0 2 0 0 0)
Hop 1: [45-41] 45 (1 0 3 0 1 0) -> 41 (1 0 2 0 1 0)
Hop 3: [25-19] 31 (0 1 3 1 1 0) -> 19 (0 1 0 1 1 0)
Hop 2: [6-17] 4 (0 0 1 0 0 0) -> 20 (0 1 1 0 0 0)
Hop 3: [41-15] 11 (0 0 2 1 1 0) -> 15 (0 0 3 1 1 0)
Hop 1: [31-51] 31 (0 1 3 1 1 0) -> 63 (1 1 3 1 1 0)
Hop 3: [26-21] 20 (0 1 1 0 0 0) -> 21 (0 1 1 0 1 0)
Hop 1: [54-58] 54 (1 1 1 1 0 0) -> 58 (1 1 2 1 0 0)
Hop 1: [13-40] 13 (0 0 3 0 1 0) -> 45 (1 0 3 0 1 0)
Hop 2: [20-2] 22 (0 1 1 1 0 0) -> 6 (0 0 1 1 0 0)
Hop 2: [29-22] 31 (0 1 3 1 1 0) -> 27 (0 1 2 1 1 0)
Hop 2: [34-36] 32 (1 0 0 0 0 0) -> 36 (1 0 1 0 0 0)
Hop 1: [3-11] 3 (0 0 0 1 1 0) -> 7 (0 0 1 1 1 0)
Hop 3: [28-21] 20 (0 1 1 0 0 0) -> 21 (0 1 1 0 1 0)
Hop 1: [32-48] 32 (1 0 0 0 0 0) -> 48 (1 1 0 0 0 0)
Hop 3: [51-30] 31 (0 1 3 1 1 0) -> 30 (0 1 3 1 0 0)
Hop 1: [14-24] 14 (0 0 3 1 0 0) -> 12 (0 0 3 0 0 0)
Hop 1: [2-16] 2 (0 0 0 1 0 0) -> 0 (0 0 0 0 0 0)
Hop 1: [30-27] 30 (0 1 3 1 0 0) -> 26 (0 1 2 1 0 0)
Hop 1: [23-21] 23 (0 1 1 1 1 0) -> 21 (0 1 1 0 1 0)
Hop 2: [24-17] 28 (0 1 3 0 0 0) -> 16 (0 1 0 0 0 0)
Hop 1: [22-20] 22 (0 1 1 1 0 0) -> 20 (0 1 1 0 0 0)
Hop 2: [27-30] 31 (0 1 3 1 1 0) -> 30 (0 1 3 1 0 0)
Hop 3: [15-25] 29 (0 1 3 0 1 0) -> 25 (0 1 2 0 1 0)
Hop 2: [60-47] 62 (1 1 3 1 0 0) -> 46 (1 0 3 1 0 0)
Hop 3: [6-17] 20 (0 1 1 0 0 0) -> 16 (0 1 0 0 0 0)
Hop 2: [31-51] 63 (1 1 3 1 1 0) -> 51 (1 1 0 1 1 0)
Hop 2: [59-49] 57 (1 1 2 0 1 0) -> 61 (1 1 3 0 1 0)
Hop 2: [13-40] 45 (1 0 3 0 1 0) -> 41 (1 0 2 0 1 0)
Hop 1: [17-18] 17 (0 1 0 0 1 0) -> 19 (0 1 0 1 1 0)
Hop 3: [29-22] 27 (0 1 2 1 1 0) -> 23 (0 1 1 1 1 0)
Hop 2: [35-15] 3 (0 0 0 1 1 0) -> 15 (0 0 3 1 1 0)
Hop 1: [47-56] 47 (1 0 3 1 1 0) -> 45 (1 0 3 0 1 0)
Hop 1: [63-55] 63 (1 1 3 1 1 0) -> 59 (1 1 2 1 1 0)
Hop 1: [4-2] 4 (0 0 1 0 0 0) -> 6 (0 0 1 1 0 0)
Hop 2: [14-24] 12 (0 0 3 0 0 0) -> 28 (0 1 3 0 0 0)
Hop 2: [30-27] 26 (0 1 2 1 0 0) -> 27 (0 1 2 1 1 0)
Hop 1: [48-34] 48 (1 1 0 0 0 0) -> 50 (1 1 0 1 0 0)
Hop 3: [24-17] 16 (0 1 0 0 0 0) -> 17 (0 1 0 0 1 0)
Hop 1: [5-12] 5 (0 0 1 0 1 0) -> 1 (0 0 0 0 1 0)
Hop 1: [55-58] 55 (1 1 1 1 1 0) -> 59 (1 1 2 1 1 0)
Hop 2: [19-21] 17 (0 1 0 0 1 0) -> 21 (0 1 1 0 1 0)
Hop 1: [49-33] 49 (1 1 0 0 1 0) -> 33 (1 0 0 0 1 0)
Hop 4: [6-17] 16 (0 1 0 0 0 0) -> 17 (0 1 0 0 1 0)
Hop 1: [50-54] 50 (1 1 0 1 0 0) -> 54 (1 1 1 1 0 0)
Hop 3: [13-40] 41 (1 0 2 0 1 0) -> 40 (1 0 2 0 0 0)
Hop 1: [39-43] 39 (1 0 1 1 1 0) -> 43 (1 0 2 1 1 0)
Hop 3: [20-2] 6 (0 0 1 1 0 0) -> 2 (0 0 0 1 0 0)
Hop 4: [29-22] 23 (0 1 1 1 1 0) -> 22 (0 1 1 1 0 0)
Hop 1: [37-40] 37 (1 0 1 0 1 0) -> 41 (1 0 2 0 1 0)
Hop 2: [47-56] 45 (1 0 3 0 1 0) -> 61 (1 1 3 0 1 0)
Hop 1: [38-46] 38 (1 0 1 1 0 0) -> 34 (1 0 0 1 0 0)
Hop 2: [3-11] 7 (0 0 1 1 1 0) -> 11 (0 0 2 1 1 0)
Hop 1: [62-54] 62 (1 1 3 1 0 0) -> 58 (1 1 2 1 0 0)
Hop 3: [14-24] 28 (0 1 3 0 0 0) -> 24 (0 1 2 0 0 0)
Hop 1: [33-36] 33 (1 0 0 0 1 0) -> 37 (1 0 1 0 1 0)
Hop 2: [2-16] 0 (0 0 0 0 0 0) -> 16 (0 1 0 0 0 0)
Hop 2: [48-34] 50 (1 1 0 1 0 0) -> 34 (1 0 0 1 0 0)
Hop 1: [52-54] 52 (1 1 1 0 0 0) -> 54 (1 1 1 1 0 0)
Hop 2: [55-58] 59 (1 1 2 1 1 0) -> 58 (1 1 2 1 0 0)
Hop 1: [1-17] 1 (0 0 0 0 1 0) -> 17 (0 1 0 0 1 0)
Hop 1: [9-41] 9 (0 0 2 0 1 0) -> 41 (1 0 2 0 1 0)
Hop 1: [53-49] 53 (1 1 1 0 1 0) -> 49 (1 1 0 0 1 0)
Hop 3: [60-47] 46 (1 0 3 1 0 0) -> 47 (1 0 3 1 1 0)
Hop 1: [8-24] 8 (0 0 2 0 0 0) -> 24 (0 1 2 0 0 0)
Hop 3: [59-49] 61 (1 1 3 0 1 0) -> 49 (1 1 0 0 1 0)
Hop 2: [17-18] 19 (0 1 0 1 1 0) -> 18 (0 1 0 1 0 0)
Hop 2: [37-40] 41 (1 0 2 0 1 0) -> 40 (1 0 2 0 0 0)
Hop 1: [11-3] 11 (0 0 2 1 1 0) -> 15 (0 0 3 1 1 0)
Hop 3: [47-56] 61 (1 1 3 0 1 0) -> 57 (1 1 2 0 1 0)
Hop 2: [38-46] 34 (1 0 0 1 0 0) -> 46 (1 0 3 1 0 0)
Hop 2: [63-55] 59 (1 1 2 1 1 0) -> 55 (1 1 1 1 1 0)
Hop 1: [12-35] 12 (0 0 3 0 0 0) -> 14 (0 0 3 1 0 0)
Hop 2: [4-2] 6 (0 0 1 1 0 0) -> 2 (0 0 0 1 0 0)
Hop 2: [33-36] 37 (1 0 1 0 1 0) -> 36 (1 0 1 0 0 0)
Hop 1: [43-29] 43 (1 0 2 1 1 0) -> 41 (1 0 2 0 1 0)
Hop 2: [5-12] 1 (0 0 0 0 1 0) -> 13 (0 0 3 0 1 0)
Hop 1: [36-44] 36 (1 0 1 0 0 0) -> 32 (1 0 0 0 0 0)
Hop 1: [25-21] 25 (0 1 2 0 1 0) -> 21 (0 1 1 0 1 0)
Hop 1: [7-11] 7 (0 0 1 1 1 0) -> 11 (0 0 2 1 1 0)
Hop 1: [26-22] 26 (0 1 2 1 0 0) -> 22 (0 1 1 1 0 0)
Hop 1: [54-60] 54 (1 1 1 1 0 0) -> 52 (1 1 1 0 0 0)
Hop 1: [44-38] 44 (1 0 3 0 0 0) -> 46 (1 0 3 1 0 0)
Hop 2: [11-3] 15 (0 0 3 1 1 0) -> 3 (0 0 0 1 1 0)
Hop 1: [34-37] 34 (1 0 0 1 0 0) -> 32 (1 0 0 0 0 0)
Hop 1: [42-29] 42 (1 0 2 1 0 0) -> 40 (1 0 2 0 0 0)
Hop 4: [47-56] 57 (1 1 2 0 1 0) -> 56 (1 1 2 0 0 0)
Hop 1: [28-22] 28 (0 1 3 0 0 0) -> 30 (0 1 3 1 0 0)
Hop 1: [32-5] 32 (1 0 0 0 0 0) -> 0 (0 0 0 0 0 0)
Hop 1: [56-30] 56 (1 1 2 0 0 0) -> 58 (1 1 2 1 0 0)
Hop 2: [12-35] 14 (0 0 3 1 0 0) -> 46 (1 0 3 1 0 0)
Hop 1: [51-31] 51 (1 1 0 1 1 0) -> 19 (0 1 0 1 1 0)
Hop 2: [62-54] 58 (1 1 2 1 0 0) -> 54 (1 1 1 1 0 0)
Hop 1: [27-31] 27 (0 1 2 1 1 0) -> 31 (0 1 3 1 1 0)
Hop 1: [40-33] 40 (1 0 2 0 0 0) -> 44 (1 0 3 0 0 0)
Hop 1: [15-28] 15 (0 0 3 1 1 0) -> 13 (0 0 3 0 1 0)
Hop 2: [36-44] 32 (1 0 0 0 0 0) -> 44 (1 0 3 0 0 0)
Hop 1: [31-56] 31 (0 1 3 1 1 0) -> 29 (0 1 3 0 1 0)
Hop 2: [54-60] 52 (1 1 1 0 0 0) -> 48 (1 1 0 0 0 0)
Hop 2: [34-37] 32 (1 0 0 0 0 0) -> 36 (1 0 1 0 0 0)
Hop 1: [0-4] 0 (0 0 0 0 0 0) -> 4 (0 0 1 0 0 0)
Hop 2: [28-22] 30 (0 1 3 1 0 0) -> 26 (0 1 2 1 0 0)
Hop 2: [32-5] 0 (0 0 0 0 0 0) -> 4 (0 0 1 0 0 0)
Hop 1: [10-13] 10 (0 0 2 1 0 0) -> 8 (0 0 2 0 0 0)
Hop 3: [12-35] 46 (1 0 3 1 0 0) -> 34 (1 0 0 1 0 0)
Hop 2: [51-31] 19 (0 1 0 1 1 0) -> 31 (0 1 3 1 1 0)
Hop 1: [58-31] 58 (1 1 2 1 0 0) -> 26 (0 1 2 1 0 0)
Hop 1: [30-28] 30 (0 1 3 1 0 0) -> 28 (0 1 3 0 0 0)
Hop 2: [43-29] 41 (1 0 2 0 1 0) -> 57 (1 1 2 0 1 0)
Hop 1: [24-19] 24 (0 1 2 0 0 0) -> 26 (0 1 2 1 0 0)
Hop 3: [5-12] 13 (0 0 3 0 1 0) -> 12 (0 0 3 0 0 0)
Hop 2: [15-28] 13 (0 0 3 0 1 0) -> 29 (0 1 3 0 1 0)
Hop 1: [49-35] 49 (1 1 0 0 1 0) -> 51 (1 1 0 1 1 0)
Hop 1: [6-2] 6 (0 0 1 1 0 0) -> 2 (0 0 0 1 0 0)
Hop 2: [31-56] 29 (0 1 3 0 1 0) -> 61 (1 1 3 0 1 0)
Hop 1: [50-55] 50 (1 1 0 1 0 0) -> 54 (1 1 1 1 0 0)
Hop 3: [54-60] 48 (1 1 0 0 0 0) -> 60 (1 1 3 0 0 0)
Hop 2: [44-38] 46 (1 0 3 1 0 0) -> 42 (1 0 2 1 0 0)
Hop 1: [13-41] 13 (0 0 3 0 1 0) -> 45 (1 0 3 0 1 0)
Hop 1: [39-44] 39 (1 0 1 1 1 0) -> 37 (1 0 1 0 1 0)
Hop 1: [29-23] 29 (0 1 3 0 1 0) -> 31 (0 1 3 1 1 0)
Hop 1: [57-39] 57 (1 1 2 0 1 0) -> 59 (1 1 2 1 1 0)
Hop 3: [34-37] 36 (1 0 1 0 0 0) -> 37 (1 0 1 0 1 0)
Hop 2: [42-29] 40 (1 0 2 0 0 0) -> 56 (1 1 2 0 0 0)
Hop 3: [28-22] 26 (0 1 2 1 0 0) -> 22 (0 1 1 1 0 0)
Hop 3: [32-5] 4 (0 0 1 0 0 0) -> 5 (0 0 1 0 1 0)
Hop 2: [56-30] 58 (1 1 2 1 0 0) -> 26 (0 1 2 1 0 0)
Hop 4: [12-35] 34 (1 0 0 1 0 0) -> 35 (1 0 0 1 1 0)
Hop 1: [14-25] 14 (0 0 3 1 0 0) -> 12 (0 0 3 0 0 0)
Hop 1: [48-35] 48 (1 1 0 0 0 0) -> 50 (1 1 0 1 0 0)
Hop 2: [24-19] 26 (0 1 2 1 0 0) -> 30 (0 1 3 1 0 0)
Hop 1: [52-56] 52 (1 1 1 0 0 0) -> 56 (1 1 2 0 0 0)
Hop 1: [55-59] 55 (1 1 1 1 1 0) -> 59 (1 1 2 1 1 0)
Hop 1: [9-5] 9 (0 0 2 0 1 0) -> 5 (0 0 1 0 1 0)
Hop 1: [53-51] 53 (1 1 1 0 1 0) -> 55 (1 1 1 1 1 0)
Hop 2: [40-33] 44 (1 0 3 0 0 0) -> 32 (1 0 0 0 0 0)
Hop 3: [15-28] 29 (0 1 3 0 1 0) -> 28 (0 1 3 0 0 0)
Hop 2: [49-35] 51 (1 1 0 1 1 0) -> 35 (1 0 0 1 1 0)
Hop 1: [8-3] 8 (0 0 2 0 0 0) -> 10 (0 0 2 1 0 0)
Hop 1: [18-20] 18 (0 1 0 1 0 0) -> 16 (0 1 0 0 0 0)
Hop 1: [46-43] 46 (1 0 3 1 0 0) -> 42 (1 0 2 1 0 0)
Hop 3: [31-56] 61 (1 1 3 0 1 0) -> 57 (1 1 2 0 1 0)
Hop 2: [50-55] 54 (1 1 1 1 0 0) -> 55 (1 1 1 1 1 0)
Hop 1: [61-56] 61 (1 1 3 0 1 0) -> 57 (1 1 2 0 1 0)
Hop 2: [13-41] 45 (1 0 3 0 1 0) -> 41 (1 0 2 0 1 0)
Hop 2: [39-44] 37 (1 0 1 0 1 0) -> 33 (1 0 0 0 1 0)
Hop 2: [29-23] 31 (0 1 3 1 1 0) -> 27 (0 1 2 1 1 0)
Hop 1: [37-41] 37 (1 0 1 0 1 0) -> 41 (1 0 2 0 1 0)
Hop 1: [38-52] 38 (1 0 1 1 0 0) -> 36 (1 0 1 0 0 0)
Hop 2: [10-13] 8 (0 0 2 0 0 0) -> 12 (0 0 3 0 0 0)
Hop 2: [14-25] 12 (0 0 3 0 0 0) -> 28 (0 1 3 0 0 0)
Hop 1: [33-37] 33 (1 0 0 0 1 0) -> 37 (1 0 1 0 1 0)
Hop 2: [58-31] 26 (0 1 2 1 0 0) -> 30 (0 1 3 1 0 0)
Hop 2: [48-35] 50 (1 1 0 1 0 0) -> 34 (1 0 0 1 0 0)
Hop 3: [43-29] 57 (1 1 2 0 1 0) -> 25 (0 1 2 0 1 0)
Hop 3: [24-19] 30 (0 1 3 1 0 0) -> 18 (0 1 0 1 0 0)
Hop 1: [21-18] 21 (0 1 1 0 1 0) -> 23 (0 1 1 1 1 0)
Hop 2: [53-51] 55 (1 1 1 1 1 0) -> 51 (1 1 0 1 1 0)
Hop 1: [16-2] 16 (0 1 0 0 0 0) -> 18 (0 1 0 1 0 0)
Hop 2: [8-3] 10 (0 0 2 1 0 0) -> 14 (0 0 3 1 0 0)
Hop 1: [45-42] 45 (1 0 3 0 1 0) -> 47 (1 0 3 1 1 0)
Hop 1: [25-24] 25 (0 1 2 0 1 0) -> 24 (0 1 2 0 0 0)
Hop 1: [41-29] 41 (1 0 2 0 1 0) -> 57 (1 1 2 0 1 0)
Hop 4: [31-56] 57 (1 1 2 0 1 0) -> 56 (1 1 2 0 0 0)
Hop 1: [26-23] 26 (0 1 2 1 0 0) -> 22 (0 1 1 1 0 0)
Hop 3: [44-38] 42 (1 0 2 1 0 0) -> 38 (1 0 1 1 0 0)
Hop 3: [39-44] 33 (1 0 0 0 1 0) -> 45 (1 0 3 0 1 0)
Hop 3: [29-23] 27 (0 1 2 1 1 0) -> 23 (0 1 1 1 1 0)
Hop 2: [57-39] 59 (1 1 2 1 1 0) -> 43 (1 0 2 1 1 0)
Hop 1: [11-43] 11 (0 0 2 1 1 0) -> 43 (1 0 2 1 1 0)
Hop 3: [42-29] 56 (1 1 2 0 0 0) -> 24 (0 1 2 0 0 0)
Hop 1: [47-57] 47 (1 0 3 1 1 0) -> 45 (1 0 3 0 1 0)
Hop 2: [38-52] 36 (1 0 1 0 0 0) -> 52 (1 1 1 0 0 0)
Hop 3: [56-30] 26 (0 1 2 1 0 0) -> 30 (0 1 3 1 0 0)
Hop 3: [14-25] 28 (0 1 3 0 0 0) -> 24 (0 1 2 0 0 0)
Hop 3: [48-35] 34 (1 0 0 1 0 0) -> 35 (1 0 0 1 1 0)
Hop 1: [23-22] 23 (0 1 1 1 1 0) -> 22 (0 1 1 1 0 0)
Hop 4: [24-19] 18 (0 1 0 1 0 0) -> 19 (0 1 0 1 1 0)
Hop 1: [22-21] 22 (0 1 1 1 0 0) -> 20 (0 1 1 0 0 0)
Hop 1: [27-59] 27 (0 1 2 1 1 0) -> 59 (1 1 2 1 1 0)
Hop 3: [40-33] 32 (1 0 0 0 0 0) -> 33 (1 0 0 0 1 0)
Hop 3: [8-3] 14 (0 0 3 1 0 0) -> 2 (0 0 0 1 0 0)
Hop 1: [36-52] 36 (1 0 1 0 0 0) -> 52 (1 1 1 0 0 0)
Hop 2: [18-20] 16 (0 1 0 0 0 0) -> 20 (0 1 1 0 0 0)
Hop 2: [46-43] 42 (1 0 2 1 0 0) -> 43 (1 0 2 1 1 0)
Hop 2: [61-56] 57 (1 1 2 0 1 0) -> 56 (1 1 2 0 0 0)
Hop 2: [26-23] 22 (0 1 1 1 0 0) -> 23 (0 1 1 1 1 0)
Hop 4: [39-44] 45 (1 0 3 0 1 0) -> 44 (1 0 3 0 0 0)
Hop 1: [35-21] 35 (1 0 0 1 1 0) -> 33 (1 0 0 0 1 0)
Hop 2: [47-57] 45 (1 0 3 0 1 0) -> 61 (1 1 3 0 1 0)
Hop 3: [10-13] 12 (0 0 3 0 0 0) -> 13 (0 0 3 0 1 0)
Hop 1: [51-35] 51 (1 1 0 1 1 0) -> 35 (1 0 0 1 1 0)
Hop 4: [14-25] 24 (0 1 2 0 0 0) -> 25 (0 1 2 0 1 0)
Hop 3: [58-31] 30 (0 1 3 1 0 0) -> 31 (0 1 3 1 1 0)
Hop 1: [30-29] 30 (0 1 3 1 0 0) -> 28 (0 1 3 0 0 0)
Hop 4: [43-29] 25 (0 1 2 0 1 0) -> 29 (0 1 3 0 1 0)
Hop 2: [21-18] 23 (0 1 1 1 1 0) -> 19 (0 1 0 1 1 0)
Hop 1: [19-22] 19 (0 1 0 1 1 0) -> 23 (0 1 1 1 1 0)
Hop 2: [16-2] 18 (0 1 0 1 0 0) -> 2 (0 0 0 1 0 0)
Hop 4: [8-3] 2 (0 0 0 1 0 0) -> 3 (0 0 0 1 1 0)
Hop 2: [45-42] 47 (1 0 3 1 1 0) -> 43 (1 0 2 1 1 0)
Hop 1: [6-20] 6 (0 0 1 1 0 0) -> 4 (0 0 1 0 0 0)
Hop 2: [41-29] 57 (1 1 2 0 1 0) -> 25 (0 1 2 0 1 0)
Hop 1: [54-62] 54 (1 1 1 1 0 0) -> 50 (1 1 0 1 0 0)
Hop 1: [20-21] 20 (0 1 1 0 0 0) -> 21 (0 1 1 0 1 0)
Hop 3: [57-39] 43 (1 0 2 1 1 0) -> 39 (1 0 1 1 1 0)
Hop 1: [34-38] 34 (1 0 0 1 0 0) -> 38 (1 0 1 1 0 0)
Hop 4: [42-29] 24 (0 1 2 0 0 0) -> 28 (0 1 3 0 0 0)
Hop 3: [47-57] 61 (1 1 3 0 1 0) -> 57 (1 1 2 0 1 0)
Hop 1: [3-14] 3 (0 0 0 1 1 0) -> 15 (0 0 3 1 1 0)
Hop 1: [28-23] 28 (0 1 3 0 0 0) -> 30 (0 1 3 1 0 0)
Hop 1: [32-6] 32 (1 0 0 0 0 0) -> 34 (1 0 0 1 0 0)
Hop 1: [12-4] 12 (0 0 3 0 0 0) -> 8 (0 0 2 0 0 0)
Hop 1: [2-17] 2 (0 0 0 1 0 0) -> 0 (0 0 0 0 0 0)
Hop 2: [30-29] 28 (0 1 3 0 0 0) -> 29 (0 1 3 0 1 0)
Hop 1: [52-60] 52 (1 1 1 0 0 0) -> 48 (1 1 0 0 0 0)
Hop 2: [22-21] 20 (0 1 1 0 0 0) -> 21 (0 1 1 0 1 0)
Hop 1: [9-8] 9 (0 0 2 0 1 0) -> 8 (0 0 2 0 0 0)
Hop 1: [55-60] 55 (1 1 1 1 1 0) -> 53 (1 1 1 0 1 0)
Hop 1: [1-2] 1 (0 0 0 0 1 0) -> 3 (0 0 0 1 1 0)
Hop 1: [15-29] 15 (0 0 3 1 1 0) -> 13 (0 0 3 0 1 0)
Hop 1: [49-39] 49 (1 1 0 0 1 0) -> 51 (1 1 0 1 1 0)
Hop 1: [60-52] 60 (1 1 3 0 0 0) -> 56 (1 1 2 0 0 0)
Hop 2: [6-20] 4 (0 0 1 0 0 0) -> 20 (0 1 1 0 0 0)
Hop 1: [50-58] 50 (1 1 0 1 0 0) -> 54 (1 1 1 1 0 0)
Hop 2: [54-62] 50 (1 1 0 1 0 0) -> 62 (1 1 3 1 0 0)
Hop 1: [13-43] 13 (0 0 3 0 1 0) -> 15 (0 0 3 1 1 0)
Hop 1: [59-51] 59 (1 1 2 1 1 0) -> 63 (1 1 3 1 1 0)
Hop 1: [37-42] 37 (1 0 1 0 1 0) -> 39 (1 0 1 1 1 0)
Hop 1: [17-19] 17 (0 1 0 0 1 0) -> 19 (0 1 0 1 1 0)
Hop 2: [35-21] 33 (1 0 0 0 1 0) -> 49 (1 1 0 0 1 0)
Hop 2: [28-23] 30 (0 1 3 1 0 0) -> 26 (0 1 2 1 0 0)
Hop 2: [32-6] 34 (1 0 0 1 0 0) -> 2 (0 0 0 1 0 0)
Hop 1: [63-57] 63 (1 1 3 1 1 0) -> 61 (1 1 3 0 1 0)
Hop 2: [12-4] 8 (0 0 2 0 0 0) -> 4 (0 0 1 0 0 0)
Hop 1: [33-39] 33 (1 0 0 0 1 0) -> 35 (1 0 0 1 1 0)
Hop 1: [4-20] 4 (0 0 1 0 0 0) -> 20 (0 1 1 0 0 0)
Hop 2: [52-60] 48 (1 1 0 0 0 0) -> 60 (1 1 3 0 0 0)
Hop 2: [55-60] 53 (1 1 1 0 1 0) -> 49 (1 1 0 0 1 0)
Hop 2: [15-29] 13 (0 0 3 0 1 0) -> 29 (0 1 3 0 1 0)
Hop 1: [53-52] 53 (1 1 1 0 1 0) -> 52 (1 1 1 0 0 0)
Hop 3: [21-18] 19 (0 1 0 1 1 0) -> 18 (0 1 0 1 0 0)
Hop 2: [49-39] 51 (1 1 0 1 1 0) -> 35 (1 0 0 1 1 0)
Hop 2: [19-22] 23 (0 1 1 1 1 0) -> 22 (0 1 1 1 0 0)
Hop 1: [25-26] 25 (0 1 2 0 1 0) -> 27 (0 1 2 1 1 0)
Hop 1: [31-58] 31 (0 1 3 1 1 0) -> 63 (1 1 3 1 1 0)
Hop 2: [50-58] 54 (1 1 1 1 0 0) -> 58 (1 1 2 1 0 0)
Hop 3: [45-42] 43 (1 0 2 1 1 0) -> 42 (1 0 2 1 0 0)
Hop 3: [41-29] 25 (0 1 2 0 1 0) -> 29 (0 1 3 0 1 0)
Hop 2: [13-43] 15 (0 0 3 1 1 0) -> 47 (1 0 3 1 1 0)
Hop 1: [7-12] 7 (0 0 1 1 1 0) -> 5 (0 0 1 0 1 0)
Hop 1: [29-25] 29 (0 1 3 0 1 0) -> 25 (0 1 2 0 1 0)
Hop 2: [37-42] 39 (1 0 1 1 1 0) -> 43 (1 0 2 1 1 0)
Hop 1: [11-7] 11 (0 0 2 1 1 0) -> 7 (0 0 1 1 1 0)
Hop 1: [38-54] 38 (1 0 1 1 0 0) -> 54 (1 1 1 1 0 0)
Hop 3: [28-23] 26 (0 1 2 1 0 0) -> 22 (0 1 1 1 0 0)
Hop 3: [32-6] 2 (0 0 0 1 0 0) -> 6 (0 0 1 1 0 0)
Hop 5: [42-29] 28 (0 1 3 0 0 0) -> 29 (0 1 3 0 1 0)
Hop 2: [3-14] 15 (0 0 3 1 1 0) -> 14 (0 0 3 1 0 0)
Hop 2: [33-39] 35 (1 0 0 1 1 0) -> 39 (1 0 1 1 1 0)
Hop 1: [48-39] 48 (1 1 0 0 0 0) -> 50 (1 1 0 1 0 0)
Hop 1: [62-55] 62 (1 1 3 1 0 0) -> 58 (1 1 2 1 0 0)
Hop 1: [24-21] 24 (0 1 2 0 0 0) -> 20 (0 1 1 0 0 0)
Hop 2: [2-17] 0 (0 0 0 0 0 0) -> 16 (0 1 0 0 0 0)
Hop 3: [55-60] 49 (1 1 0 0 1 0) -> 61 (1 1 3 0 1 0)
Hop 2: [25-26] 27 (0 1 2 1 1 0) -> 26 (0 1 2 1 0 0)
Hop 3: [49-39] 35 (1 0 0 1 1 0) -> 39 (1 0 1 1 1 0)
Hop 2: [1-2] 3 (0 0 0 1 1 0) -> 2 (0 0 0 1 0 0)
Hop 2: [31-58] 63 (1 1 3 1 1 0) -> 59 (1 1 2 1 1 0)
Hop 1: [26-24] 26 (0 1 2 1 0 0) -> 24 (0 1 2 0 0 0)
Hop 2: [60-52] 56 (1 1 2 0 0 0) -> 52 (1 1 1 0 0 0)
Hop 3: [13-43] 47 (1 0 3 1 1 0) -> 43 (1 0 2 1 1 0)
Hop 1: [39-46] 39 (1 0 1 1 1 0) -> 35 (1 0 0 1 1 0)
Hop 3: [37-42] 43 (1 0 2 1 1 0) -> 42 (1 0 2 1 0 0)
Hop 2: [59-51] 63 (1 1 3 1 1 0) -> 51 (1 1 0 1 1 0)
Hop 4: [28-23] 22 (0 1 1 1 0 0) -> 23 (0 1 1 1 1 0)
Hop 1: [51-49] 51 (1 1 0 1 1 0) -> 49 (1 1 0 0 1 0)
Hop 3: [35-21] 49 (1 1 0 0 1 0) -> 17 (0 1 0 0 1 0)
Hop 1: [14-28] 14 (0 0 3 1 0 0) -> 12 (0 0 3 0 0 0)
Hop 1: [0-5] 0 (0 0 0 0 0 0) -> 4 (0 0 1 0 0 0)
Hop 2: [48-39] 50 (1 1 0 1 0 0) -> 34 (1 0 0 1 0 0)
Hop 2: [63-57] 61 (1 1 3 0 1 0) -> 57 (1 1 2 0 1 0)
Hop 2: [24-21] 20 (0 1 1 0 0 0) -> 21 (0 1 1 0 1 0)
Hop 4: [55-60] 61 (1 1 3 0 1 0) -> 60 (1 1 3 0 0 0)
Hop 1: [8-40] 8 (0 0 2 0 0 0) -> 40 (1 0 2 0 0 0)
Hop 3: [31-58] 59 (1 1 2 1 1 0) -> 58 (1 1 2 1 0 0)
Hop 2: [39-46] 35 (1 0 0 1 1 0) -> 47 (1 0 3 1 1 0)
Hop 1: [5-13] 5 (0 0 1 0 1 0) -> 1 (0 0 0 0 1 0)
Hop 1: [34-39] 34 (1 0 0 1 0 0) -> 38 (1 0 1 1 0 0)
Hop 1: [47-60] 47 (1 0 3 1 1 0) -> 45 (1 0 3 0 1 0)
Hop 2: [7-12] 5 (0 0 1 0 1 0) -> 1 (0 0 0 0 1 0)
Hop 3: [48-39] 34 (1 0 0 1 0 0) -> 38 (1 0 1 1 0 0)
Hop 2: [14-28] 12 (0 0 3 0 0 0) -> 28 (0 1 3 0 0 0)
Hop 1: [30-31] 30 (0 1 3 1 0 0) -> 31 (0 1 3 1 1 0)
Hop 1: [6-22] 6 (0 0 1 1 0 0) -> 22 (0 1 1 1 0 0)
Hop 3: [39-46] 47 (1 0 3 1 1 0) -> 46 (1 0 3 1 0 0)
Hop 2: [62-55] 58 (1 1 2 1 0 0) -> 54 (1 1 1 1 0 0)
Hop 2: [34-39] 38 (1 0 1 1 0 0) -> 39 (1 0 1 1 1 0)
Hop 3: [2-17] 16 (0 1 0 0 0 0) -> 17 (0 1 0 0 1 0)
Hop 2: [47-60] 45 (1 0 3 0 1 0) -> 61 (1 1 3 0 1 0)
Hop 4: [48-39] 38 (1 0 1 1 0 0) -> 39 (1 0 1 1 1 0)
Hop 1: [12-40] 12 (0 0 3 0 0 0) -> 44 (1 0 3 0 0 0)
Hop 1: [53-54] 53 (1 1 1 0 1 0) -> 55 (1 1 1 1 1 0)
Hop 1: [15-31] 15 (0 0 3 1 1 0) -> 31 (0 1 3 1 1 0)
Hop 4: [35-21] 17 (0 1 0 0 1 0) -> 21 (0 1 1 0 1 0)
Hop 2: [0-5] 4 (0 0 1 0 0 0) -> 5 (0 0 1 0 1 0)
Hop 1: [38-6] 38 (1 0 1 1 0 0) -> 6 (0 0 1 1 0 0)
Hop 1: [32-7] 32 (1 0 0 0 0 0) -> 34 (1 0 0 1 0 0)
Hop 1: [33-40] 33 (1 0 0 0 1 0) -> 37 (1 0 1 0 1 0)
Hop 1: [29-26] 29 (0 1 3 0 1 0) -> 31 (0 1 3 1 1 0)
Hop 1: [11-8] 11 (0 0 2 1 1 0) -> 9 (0 0 2 0 1 0)
Hop 2: [5-13] 1 (0 0 0 0 1 0) -> 13 (0 0 3 0 1 0)
Hop 3: [47-60] 61 (1 1 3 0 1 0) -> 60 (1 1 3 0 0 0)
Hop 2: [53-54] 55 (1 1 1 1 1 0) -> 54 (1 1 1 1 0 0)
Hop 1: [49-42] 49 (1 1 0 0 1 0) -> 51 (1 1 0 1 1 0)
Hop 2: [12-40] 44 (1 0 3 0 0 0) -> 40 (1 0 2 0 0 0)
Hop 1: [37-43] 37 (1 0 1 0 1 0) -> 39 (1 0 1 1 1 0)
Hop 3: [7-12] 1 (0 0 0 0 1 0) -> 13 (0 0 3 0 1 0)
Hop 1: [44-39] 44 (1 0 3 0 0 0) -> 46 (1 0 3 1 0 0)
Hop 2: [32-7] 34 (1 0 0 1 0 0) -> 2 (0 0 0 1 0 0)
Hop 1: [25-27] 25 (0 1 2 0 1 0) -> 27 (0 1 2 1 1 0)
Hop 1: [51-50] 51 (1 1 0 1 1 0) -> 50 (1 1 0 1 0 0)
Hop 2: [33-40] 37 (1 0 1 0 1 0) -> 41 (1 0 2 0 1 0)
Hop 1: [26-25] 26 (0 1 2 1 0 0) -> 24 (0 1 2 0 0 0)
Hop 1: [13-45] 13 (0 0 3 0 1 0) -> 45 (1 0 3 0 1 0)
Hop 1: [55-62] 55 (1 1 1 1 1 0) -> 51 (1 1 0 1 1 0)
Hop 1: [56-31] 56 (1 1 2 0 0 0) -> 58 (1 1 2 1 0 0)
Hop 2: [29-26] 31 (0 1 3 1 1 0) -> 27 (0 1 2 1 1 0)
Hop 3: [62-55] 54 (1 1 1 1 0 0) -> 55 (1 1 1 1 1 0)
Hop 2: [11-8] 9 (0 0 2 0 1 0) -> 8 (0 0 2 0 0 0)
Hop 2: [49-42] 51 (1 1 0 1 1 0) -> 35 (1 0 0 1 1 0)
Hop 1: [23-26] 23 (0 1 1 1 1 0) -> 27 (0 1 2 1 1 0)
Hop 1: [28-24] 28 (0 1 3 0 0 0) -> 24 (0 1 2 0 0 0)
Hop 2: [37-43] 39 (1 0 1 1 1 0) -> 43 (1 0 2 1 1 0)
Hop 1: [40-36] 40 (1 0 2 0 0 0) -> 36 (1 0 1 0 0 0)
Hop 3: [32-7] 2 (0 0 0 1 0 0) -> 6 (0 0 1 1 0 0)
Hop 1: [24-22] 24 (0 1 2 0 0 0) -> 26 (0 1 2 1 0 0)
Hop 1: [18-21] 18 (0 1 0 1 0 0) -> 16 (0 1 0 0 0 0)
Hop 3: [33-40] 41 (1 0 2 0 1 0) -> 40 (1 0 2 0 0 0)
Hop 1: [46-44] 46 (1 0 3 1 0 0) -> 44 (1 0 3 0 0 0)
Hop 1: [8-5] 8 (0 0 2 0 0 0) -> 4 (0 0 1 0 0 0)
Hop 1: [61-57] 61 (1 1 3 0 1 0) -> 57 (1 1 2 0 1 0)
Hop 2: [55-62] 51 (1 1 0 1 1 0) -> 63 (1 1 3 1 1 0)
Hop 1: [31-59] 31 (0 1 3 1 1 0) -> 63 (1 1 3 1 1 0)
Hop 2: [26-25] 24 (0 1 2 0 0 0) -> 25 (0 1 2 0 1 0)
Hop 3: [49-42] 35 (1 0 0 1 1 0) -> 39 (1 0 1 1 1 0)
Hop 1: [6-3] 6 (0 0 1 1 0 0) -> 2 (0 0 0 1 0 0)
Hop 3: [29-26] 27 (0 1 2 1 1 0) -> 26 (0 1 2 1 0 0)
Hop 1: [39-47] 39 (1 0 1 1 1 0) -> 35 (1 0 0 1 1 0)
Hop 1: [10-14] 10 (0 0 2 1 0 0) -> 14 (0 0 3 1 0 0)
Hop 1: [34-42] 34 (1 0 0 1 0 0) -> 38 (1 0 1 1 0 0)
Hop 4: [32-7] 6 (0 0 1 1 0 0) -> 7 (0 0 1 1 1 0)
Hop 1: [58-42] 58 (1 1 2 1 0 0) -> 42 (1 0 2 1 0 0)
Hop 1: [43-33] 43 (1 0 2 1 1 0) -> 41 (1 0 2 0 1 0)
Hop 1: [14-3] 14 (0 0 3 1 0 0) -> 2 (0 0 0 1 0 0)
Hop 1: [30-49] 30 (0 1 3 1 0 0) -> 28 (0 1 3 0 0 0)
Hop 1: [48-49] 48 (1 1 0 0 0 0) -> 49 (1 1 0 0 1 0)
Hop 2: [24-22] 26 (0 1 2 1 0 0) -> 22 (0 1 1 1 0 0)
Hop 3: [55-62] 63 (1 1 3 1 1 0) -> 62 (1 1 3 1 0 0)
Hop 1: [16-20] 16 (0 1 0 0 0 0) -> 20 (0 1 1 0 0 0)
Hop 2: [8-5] 4 (0 0 1 0 0 0) -> 5 (0 0 1 0 1 0)
Hop 4: [49-42] 39 (1 0 1 1 1 0) -> 43 (1 0 2 1 1 0)
Hop 2: [6-3] 2 (0 0 0 1 0 0) -> 3 (0 0 0 1 1 0)
Hop 2: [31-59] 63 (1 1 3 1 1 0) -> 59 (1 1 2 1 1 0)
Hop 2: [39-47] 35 (1 0 0 1 1 0) -> 47 (1 0 3 1 1 0)
Hop 4: [7-12] 13 (0 0 3 0 1 0) -> 12 (0 0 3 0 0 0)
Hop 2: [44-39] 46 (1 0 3 1 0 0) -> 42 (1 0 2 1 0 0)
Hop 2: [34-42] 38 (1 0 1 1 0 0) -> 42 (1 0 2 1 0 0)
Hop 1: [20-22] 20 (0 1 1 0 0 0) -> 22 (0 1 1 1 0 0)
Hop 1: [57-41] 57 (1 1 2 0 1 0) -> 41 (1 0 2 0 1 0)
Hop 2: [56-31] 58 (1 1 2 1 0 0) -> 26 (0 1 2 1 0 0)
Hop 2: [14-3] 2 (0 0 0 1 0 0) -> 3 (0 0 0 1 1 0)
Hop 1: [53-55] 53 (1 1 1 0 1 0) -> 55 (1 1 1 1 1 0)
Hop 2: [30-49] 28 (0 1 3 0 0 0) -> 60 (1 1 3 0 0 0)
Hop 5: [49-42] 43 (1 0 2 1 1 0) -> 42 (1 0 2 1 0 0)
Hop 2: [23-26] 27 (0 1 2 1 1 0) -> 26 (0 1 2 1 0 0)
Hop 1: [22-23] 22 (0 1 1 1 0 0) -> 23 (0 1 1 1 1 0)
Hop 1: [15-35] 15 (0 0 3 1 1 0) -> 47 (1 0 3 1 1 0)
Hop 1: [51-53] 51 (1 1 0 1 1 0) -> 49 (1 1 0 0 1 0)
Hop 2: [18-21] 16 (0 1 0 0 0 0) -> 20 (0 1 1 0 0 0)
Hop 1: [17-2] 17 (0 1 0 0 1 0) -> 19 (0 1 0 1 1 0)
Hop 1: [47-61] 47 (1 0 3 1 1 0) -> 45 (1 0 3 0 1 0)
Hop 1: [12-41] 12 (0 0 3 0 0 0) -> 44 (1 0 3 0 0 0)
Hop 1: [37-44] 37 (1 0 1 0 1 0) -> 33 (1 0 0 0 1 0)
Hop 3: [30-49] 60 (1 1 3 0 0 0) -> 48 (1 1 0 0 0 0)
Hop 1: [4-32] 4 (0 0 1 0 0 0) -> 36 (1 0 1 0 0 0)
Hop 2: [51-53] 49 (1 1 0 0 1 0) -> 53 (1 1 1 0 1 0)
Hop 2: [15-35] 47 (1 0 3 1 1 0) -> 35 (1 0 0 1 1 0)
Hop 1: [33-41] 33 (1 0 0 0 1 0) -> 37 (1 0 1 0 1 0)
Hop 2: [43-33] 41 (1 0 2 0 1 0) -> 45 (1 0 3 0 1 0)
Hop 1: [25-29] 25 (0 1 2 0 1 0) -> 29 (0 1 3 0 1 0)
Hop 1: [21-19] 21 (0 1 1 0 1 0) -> 23 (0 1 1 1 1 0)
Hop 1: [19-23] 19 (0 1 0 1 1 0) -> 23 (0 1 1 1 1 0)
Hop 1: [13-5] 13 (0 0 3 0 1 0) -> 9 (0 0 2 0 1 0)
Hop 1: [45-43] 45 (1 0 3 0 1 0) -> 47 (1 0 3 1 1 0)
Hop 1: [41-33] 41 (1 0 2 0 1 0) -> 45 (1 0 3 0 1 0)
Hop 1: [11-9] 11 (0 0 2 1 1 0) -> 9 (0 0 2 0 1 0)
Hop 2: [37-44] 33 (1 0 0 0 1 0) -> 45 (1 0 3 0 1 0)
Hop 2: [47-61] 45 (1 0 3 0 1 0) -> 61 (1 1 3 0 1 0)
Hop 3: [44-39] 42 (1 0 2 1 0 0) -> 38 (1 0 1 1 0 0)
Hop 1: [28-26] 28 (0 1 3 0 0 0) -> 30 (0 1 3 1 0 0)
Hop 2: [12-41] 44 (1 0 3 0 0 0) -> 40 (1 0 2 0 0 0)
Hop 2: [33-41] 37 (1 0 1 0 1 0) -> 41 (1 0 2 0 1 0)
Hop 1: [48-50] 48 (1 1 0 0 0 0) -> 50 (1 1 0 1 0 0)
Hop 1: [42-33] 42 (1 0 2 1 0 0) -> 40 (1 0 2 0 0 0)
Hop 4: [30-49] 48 (1 1 0 0 0 0) -> 49 (1 1 0 0 1 0)
Hop 1: [55-63] 55 (1 1 1 1 1 0) -> 51 (1 1 0 1 1 0)
Hop 1: [3-16] 3 (0 0 0 1 1 0) -> 1 (0 0 0 0 1 0)
Hop 3: [56-31] 26 (0 1 2 1 0 0) -> 30 (0 1 3 1 0 0)
Hop 1: [6-32] 6 (0 0 1 1 0 0) -> 4 (0 0 1 0 0 0)
Hop 1: [39-48] 39 (1 0 1 1 1 0) -> 37 (1 0 1 0 1 0)
Hop 3: [37-44] 45 (1 0 3 0 1 0) -> 44 (1 0 3 0 0 0)
Hop 1: [26-27] 26 (0 1 2 1 0 0) -> 27 (0 1 2 1 1 0)
Hop 1: [34-43] 34 (1 0 0 1 0 0) -> 38 (1 0 1 1 0 0)
Hop 1: [1-3] 1 (0 0 0 0 1 0) -> 3 (0 0 0 1 1 0)
Hop 2: [13-5] 9 (0 0 2 0 1 0) -> 5 (0 0 1 0 1 0)
Hop 1: [29-27] 29 (0 1 3 0 1 0) -> 31 (0 1 3 1 1 0)
Hop 1: [60-53] 60 (1 1 3 0 0 0) -> 56 (1 1 2 0 0 0)
Hop 3: [18-21] 20 (0 1 1 0 0 0) -> 21 (0 1 1 0 1 0)
Hop 2: [55-63] 51 (1 1 0 1 1 0) -> 63 (1 1 3 1 1 0)
Hop 2: [28-26] 30 (0 1 3 1 0 0) -> 26 (0 1 2 1 0 0)
Hop 1: [53-56] 53 (1 1 1 0 1 0) -> 57 (1 1 2 0 1 0)
Hop 3: [12-41] 40 (1 0 2 0 0 0) -> 41 (1 0 2 0 1 0)
Hop 1: [49-48] 49 (1 1 0 0 1 0) -> 48 (1 1 0 0 0 0)
Hop 1: [59-55] 59 (1 1 2 1 1 0) -> 55 (1 1 1 1 1 0)
Hop 2: [6-32] 4 (0 0 1 0 0 0) -> 36 (1 0 1 0 0 0)
Hop 2: [17-2] 19 (0 1 0 1 1 0) -> 3 (0 0 0 1 1 0)
Hop 2: [39-48] 37 (1 0 1 0 1 0) -> 53 (1 1 1 0 1 0)
Hop 1: [24-25] 24 (0 1 2 0 0 0) -> 25 (0 1 2 0 1 0)
Hop 2: [34-43] 38 (1 0 1 1 0 0) -> 42 (1 0 2 1 0 0)
Hop 1: [63-58] 63 (1 1 3 1 1 0) -> 59 (1 1 2 1 1 0)
Hop 1: [8-9] 8 (0 0 2 0 0 0) -> 9 (0 0 2 0 1 0)
Hop 2: [4-32] 36 (1 0 1 0 0 0) -> 32 (1 0 0 0 0 0)
Hop 1: [31-63] 31 (0 1 3 1 1 0) -> 63 (1 1 3 1 1 0)
Hop 3: [43-33] 45 (1 0 3 0 1 0) -> 33 (1 0 0 0 1 0)
Hop 2: [53-56] 57 (1 1 2 0 1 0) -> 56 (1 1 2 0 0 0)
Hop 2: [29-27] 31 (0 1 3 1 1 0) -> 27 (0 1 2 1 1 0)
Hop 2: [21-19] 23 (0 1 1 1 1 0) -> 19 (0 1 0 1 1 0)
Hop 3: [6-32] 36 (1 0 1 0 0 0) -> 32 (1 0 0 0 0 0)
Hop 3: [39-48] 53 (1 1 1 0 1 0) -> 49 (1 1 0 0 1 0)
Hop 2: [45-43] 47 (1 0 3 1 1 0) -> 43 (1 0 2 1 1 0)
Hop 1: [14-30] 14 (0 0 3 1 0 0) -> 30 (0 1 3 1 0 0)
Hop 3: [34-43] 42 (1 0 2 1 0 0) -> 43 (1 0 2 1 1 0)
Hop 2: [41-33] 45 (1 0 3 0 1 0) -> 33 (1 0 0 0 1 0)
Hop 1: [51-54] 51 (1 1 0 1 1 0) -> 55 (1 1 1 1 1 0)
Hop 4: [44-39] 38 (1 0 1 1 0 0) -> 39 (1 0 1 1 1 0)
Hop 2: [42-33] 40 (1 0 2 0 0 0) -> 44 (1 0 3 0 0 0)
Hop 2: [3-16] 1 (0 0 0 0 1 0) -> 17 (0 1 0 0 1 0)
Hop 4: [39-48] 49 (1 1 0 0 1 0) -> 48 (1 1 0 0 0 0)
Hop 4: [56-31] 30 (0 1 3 1 0 0) -> 31 (0 1 3 1 1 0)
Hop 1: [2-18] 2 (0 0 0 1 0 0) -> 18 (0 1 0 1 0 0)
Hop 2: [51-54] 55 (1 1 1 1 1 0) -> 54 (1 1 1 1 0 0)
Hop 1: [33-42] 33 (1 0 0 0 1 0) -> 35 (1 0 0 1 1 0)
Hop 1: [48-52] 48 (1 1 0 0 0 0) -> 52 (1 1 1 0 0 0)
Hop 2: [60-53] 56 (1 1 2 0 0 0) -> 52 (1 1 1 0 0 0)
Hop 1: [15-41] 15 (0 0 3 1 1 0) -> 13 (0 0 3 0 1 0)
Hop 1: [25-57] 25 (0 1 2 0 1 0) -> 57 (1 1 2 0 1 0)
Hop 1: [37-45] 37 (1 0 1 0 1 0) -> 33 (1 0 0 0 1 0)
Hop 3: [17-2] 3 (0 0 0 1 1 0) -> 2 (0 0 0 1 0 0)
Hop 2: [33-42] 35 (1 0 0 1 1 0) -> 39 (1 0 1 1 1 0)
Hop 1: [35-28] 35 (1 0 0 1 1 0) -> 33 (1 0 0 0 1 0)
Hop 1: [47-63] 47 (1 0 3 1 1 0) -> 63 (1 1 3 1 1 0)
Hop 1: [0-6] 0 (0 0 0 0 0 0) -> 2 (0 0 0 1 0 0)
Hop 2: [63-58] 59 (1 1 2 1 1 0) -> 58 (1 1 2 1 0 0)
Hop 1: [49-50] 49 (1 1 0 0 1 0) -> 51 (1 1 0 1 1 0)
Hop 1: [30-51] 30 (0 1 3 1 0 0) -> 62 (1 1 3 1 0 0)
Hop 2: [37-45] 33 (1 0 0 0 1 0) -> 45 (1 0 3 0 1 0)
Hop 2: [15-41] 13 (0 0 3 0 1 0) -> 45 (1 0 3 0 1 0)
Hop 1: [5-14] 5 (0 0 1 0 1 0) -> 7 (0 0 1 1 1 0)
Hop 1: [26-28] 26 (0 1 2 1 0 0) -> 24 (0 1 2 0 0 0)
Hop 3: [33-42] 39 (1 0 1 1 1 0) -> 43 (1 0 2 1 1 0)
Hop 1: [13-8] 13 (0 0 3 0 1 0) -> 9 (0 0 2 0 1 0)
Hop 1: [53-57] 53 (1 1 1 0 1 0) -> 57 (1 1 2 0 1 0)
Hop 2: [49-50] 51 (1 1 0 1 1 0) -> 50 (1 1 0 1 0 0)
Hop 1: [28-29] 28 (0 1 3 0 0 0) -> 29 (0 1 3 0 1 0)
Hop 1: [6-34] 6 (0 0 1 1 0 0) -> 38 (1 0 1 1 0 0)
Hop 1: [12-44] 12 (0 0 3 0 0 0) -> 44 (1 0 3 0 0 0)
Hop 2: [30-51] 62 (1 1 3 1 0 0) -> 50 (1 1 0 1 0 0)
Hop 1: [34-48] 34 (1 0 0 1 0 0) -> 32 (1 0 0 0 0 0)
Hop 1: [24-26] 24 (0 1 2 0 0 0) -> 26 (0 1 2 1 0 0)
Hop 3: [42-33] 44 (1 0 3 0 0 0) -> 32 (1 0 0 0 0 0)
Hop 3: [15-41] 45 (1 0 3 0 1 0) -> 41 (1 0 2 0 1 0)
Hop 4: [33-42] 43 (1 0 2 1 1 0) -> 42 (1 0 2 1 0 0)
Hop 3: [3-16] 17 (0 1 0 0 1 0) -> 16 (0 1 0 0 0 0)
Hop 2: [26-28] 24 (0 1 2 0 0 0) -> 28 (0 1 3 0 0 0)
Hop 1: [62-57] 62 (1 1 3 1 0 0) -> 60 (1 1 3 0 0 0)
Hop 2: [13-8] 9 (0 0 2 0 1 0) -> 8 (0 0 2 0 0 0)
Hop 1: [29-28] 29 (0 1 3 0 1 0) -> 28 (0 1 3 0 0 0)
Hop 2: [6-34] 38 (1 0 1 1 0 0) -> 34 (1 0 0 1 0 0)
Hop 1: [39-49] 39 (1 0 1 1 1 0) -> 37 (1 0 1 0 1 0)
Hop 1: [14-33] 14 (0 0 3 1 0 0) -> 12 (0 0 3 0 0 0)
Hop 2: [34-48] 32 (1 0 0 0 0 0) -> 48 (1 1 0 0 0 0)
Hop 1: [40-37] 40 (1 0 2 0 0 0) -> 36 (1 0 1 0 0 0)
Hop 3: [30-51] 50 (1 1 0 1 0 0) -> 51 (1 1 0 1 1 0)
Hop 1: [51-55] 51 (1 1 0 1 1 0) -> 55 (1 1 1 1 1 0)
Hop 3: [60-53] 52 (1 1 1 0 0 0) -> 53 (1 1 1 0 1 0)
Hop 1: [48-53] 48 (1 1 0 0 0 0) -> 52 (1 1 1 0 0 0)
Hop 1: [46-45] 46 (1 0 3 1 0 0) -> 44 (1 0 3 0 0 0)
Hop 1: [61-58] 61 (1 1 3 0 1 0) -> 63 (1 1 3 1 1 0)
Hop 2: [39-49] 37 (1 0 1 0 1 0) -> 53 (1 1 1 0 1 0)
Hop 2: [35-28] 33 (1 0 0 0 1 0) -> 49 (1 1 0 0 1 0)
Hop 2: [0-6] 2 (0 0 0 1 0 0) -> 6 (0 0 1 1 0 0)
Hop 2: [14-33] 12 (0 0 3 0 0 0) -> 44 (1 0 3 0 0 0)
Hop 1: [10-15] 10 (0 0 2 1 0 0) -> 14 (0 0 3 1 0 0)
Hop 2: [48-53] 52 (1 1 1 0 0 0) -> 53 (1 1 1 0 1 0)
Hop 1: [58-49] 58 (1 1 2 1 0 0) -> 56 (1 1 2 0 0 0)
Hop 1: [25-9] 25 (0 1 2 0 1 0) -> 9 (0 0 2 0 1 0)
Hop 2: [5-14] 7 (0 0 1 1 1 0) -> 3 (0 0 0 1 1 0)
Hop 3: [39-49] 53 (1 1 1 0 1 0) -> 49 (1 1 0 0 1 0)
Hop 1: [37-5] 37 (1 0 1 0 1 0) -> 5 (0 0 1 0 1 0)
Hop 1: [16-21] 16 (0 1 0 0 0 0) -> 20 (0 1 1 0 0 0)
Hop 3: [14-33] 44 (1 0 3 0 0 0) -> 32 (1 0 0 0 0 0)
Hop 1: [7-14] 7 (0 0 1 1 1 0) -> 3 (0 0 0 1 1 0)
Hop 1: [53-58] 53 (1 1 1 0 1 0) -> 55 (1 1 1 1 1 0)
Hop 1: [20-23] 20 (0 1 1 0 0 0) -> 22 (0 1 1 1 0 0)
Hop 1: [49-51] 49 (1 1 0 0 1 0) -> 51 (1 1 0 1 1 0)
Hop 1: [57-43] 57 (1 1 2 0 1 0) -> 59 (1 1 2 1 1 0)
Hop 4: [42-33] 32 (1 0 0 0 0 0) -> 33 (1 0 0 0 1 0)
Hop 2: [62-57] 60 (1 1 3 0 0 0) -> 56 (1 1 2 0 0 0)
Hop 1: [28-30] 28 (0 1 3 0 0 0) -> 30 (0 1 3 1 0 0)
Hop 1: [12-5] 12 (0 0 3 0 0 0) -> 8 (0 0 2 0 0 0)
Hop 1: [33-43] 33 (1 0 0 0 1 0) -> 35 (1 0 0 1 1 0)
Hop 1: [23-27] 23 (0 1 1 1 1 0) -> 27 (0 1 2 1 1 0)
Hop 4: [14-33] 32 (1 0 0 0 0 0) -> 33 (1 0 0 0 1 0)
Hop 1: [22-24] 22 (0 1 1 1 0 0) -> 20 (0 1 1 0 0 0)
Hop 2: [53-58] 55 (1 1 1 1 1 0) -> 59 (1 1 2 1 1 0)
Hop 1: [24-28] 24 (0 1 2 0 0 0) -> 28 (0 1 3 0 0 0)
Hop 2: [40-37] 36 (1 0 1 0 0 0) -> 37 (1 0 1 0 1 0)
Hop 1: [15-42] 15 (0 0 3 1 1 0) -> 47 (1 0 3 1 1 0)
Hop 1: [6-38] 6 (0 0 1 1 0 0) -> 38 (1 0 1 1 0 0)
Hop 1: [26-29] 26 (0 1 2 1 0 0) -> 24 (0 1 2 0 0 0)
Hop 1: [13-9] 13 (0 0 3 0 1 0) -> 9 (0 0 2 0 1 0)
Hop 2: [46-45] 44 (1 0 3 0 0 0) -> 45 (1 0 3 0 1 0)
Hop 1: [29-30] 29 (0 1 3 0 1 0) -> 31 (0 1 3 1 1 0)
Hop 1: [34-50] 34 (1 0 0 1 0 0) -> 50 (1 1 0 1 0 0)
Hop 2: [61-58] 63 (1 1 3 1 1 0) -> 59 (1 1 2 1 1 0)
Hop 1: [51-56] 51 (1 1 0 1 1 0) -> 49 (1 1 0 0 1 0)
Hop 2: [12-5] 8 (0 0 2 0 0 0) -> 4 (0 0 1 0 0 0)
Hop 2: [33-43] 35 (1 0 0 1 1 0) -> 39 (1 0 1 1 1 0)
Hop 3: [35-28] 49 (1 1 0 0 1 0) -> 17 (0 1 0 0 1 0)
Hop 1: [30-56] 30 (0 1 3 1 0 0) -> 28 (0 1 3 0 0 0)
Hop 3: [53-58] 59 (1 1 2 1 1 0) -> 58 (1 1 2 1 0 0)
Hop 2: [15-42] 47 (1 0 3 1 1 0) -> 43 (1 0 2 1 1 0)
Hop 2: [10-15] 14 (0 0 3 1 0 0) -> 15 (0 0 3 1 1 0)
Hop 2: [26-29] 24 (0 1 2 0 0 0) -> 28 (0 1 3 0 0 0)
Hop 2: [58-49] 56 (1 1 2 0 0 0) -> 60 (1 1 3 0 0 0)
Hop 2: [29-30] 31 (0 1 3 1 1 0) -> 30 (0 1 3 1 0 0)
Hop 2: [51-56] 49 (1 1 0 0 1 0) -> 53 (1 1 1 0 1 0)
Hop 3: [5-14] 3 (0 0 0 1 1 0) -> 15 (0 0 3 1 1 0)
Hop 3: [12-5] 4 (0 0 1 0 0 0) -> 5 (0 0 1 0 1 0)
Hop 3: [33-43] 39 (1 0 1 1 1 0) -> 43 (1 0 2 1 1 0)
Hop 1: [48-56] 48 (1 1 0 0 0 0) -> 52 (1 1 1 0 0 0)
Hop 1: [19-24] 19 (0 1 0 1 1 0) -> 17 (0 1 0 0 1 0)
Hop 2: [30-56] 28 (0 1 3 0 0 0) -> 60 (1 1 3 0 0 0)
Hop 2: [16-21] 20 (0 1 1 0 0 0) -> 21 (0 1 1 0 1 0)
Hop 3: [15-42] 43 (1 0 2 1 1 0) -> 42 (1 0 2 1 0 0)
Hop 3: [26-29] 28 (0 1 3 0 0 0) -> 29 (0 1 3 0 1 0)
Hop 1: [39-52] 39 (1 0 1 1 1 0) -> 37 (1 0 1 0 1 0)
Hop 2: [7-14] 3 (0 0 0 1 1 0) -> 15 (0 0 3 1 1 0)
Hop 1: [37-53] 37 (1 0 1 0 1 0) -> 53 (1 1 1 0 1 0)
Hop 2: [20-23] 22 (0 1 1 1 0 0) -> 23 (0 1 1 1 1 0)
Hop 3: [51-56] 53 (1 1 1 0 1 0) -> 57 (1 1 2 0 1 0)
Hop 2: [57-43] 59 (1 1 2 1 1 0) -> 43 (1 0 2 1 1 0)
Hop 3: [30-56] 60 (1 1 3 0 0 0) -> 56 (1 1 2 0 0 0)
Hop 2: [48-56] 52 (1 1 1 0 0 0) -> 56 (1 1 2 0 0 0)
Hop 1: [49-52] 49 (1 1 0 0 1 0) -> 53 (1 1 1 0 1 0)
Hop 3: [62-57] 56 (1 1 2 0 0 0) -> 57 (1 1 2 0 1 0)
Hop 2: [39-52] 37 (1 0 1 0 1 0) -> 53 (1 1 1 0 1 0)
Hop 1: [28-31] 28 (0 1 3 0 0 0) -> 30 (0 1 3 1 0 0)
Hop 2: [22-24] 20 (0 1 1 0 0 0) -> 24 (0 1 2 0 0 0)
Hop 1: [1-33] 1 (0 0 0 0 1 0) -> 33 (1 0 0 0 1 0)
Hop 1: [14-34] 14 (0 0 3 1 0 0) -> 46 (1 0 3 1 0 0)
Hop 4: [51-56] 57 (1 1 2 0 1 0) -> 56 (1 1 2 0 0 0)
Hop 1: [24-3] 24 (0 1 2 0 0 0) -> 26 (0 1 2 1 0 0)
Hop 1: [18-22] 18 (0 1 0 1 0 0) -> 22 (0 1 1 1 0 0)
Hop 2: [49-52] 53 (1 1 1 0 1 0) -> 52 (1 1 1 0 0 0)
Hop 3: [61-58] 59 (1 1 2 1 1 0) -> 58 (1 1 2 1 0 0)
Hop 1: [6-4] 6 (0 0 1 1 0 0) -> 4 (0 0 1 0 0 0)
Hop 1: [59-56] 59 (1 1 2 1 1 0) -> 57 (1 1 2 0 1 0)
Hop 2: [28-31] 30 (0 1 3 1 0 0) -> 31 (0 1 3 1 1 0)
Hop 3: [39-52] 53 (1 1 1 0 1 0) -> 52 (1 1 1 0 0 0)
Hop 1: [34-6] 34 (1 0 0 1 0 0) -> 2 (0 0 0 1 0 0)
Hop 4: [35-28] 17 (0 1 0 0 1 0) -> 29 (0 1 3 0 1 0)
Hop 2: [14-34] 46 (1 0 3 1 0 0) -> 34 (1 0 0 1 0 0)
Hop 2: [24-3] 26 (0 1 2 1 0 0) -> 10 (0 0 2 1 0 0)
Hop 1: [53-60] 53 (1 1 1 0 1 0) -> 49 (1 1 0 0 1 0)
Hop 1: [4-36] 4 (0 0 1 0 0 0) -> 36 (1 0 1 0 0 0)
Hop 3: [58-49] 60 (1 1 3 0 0 0) -> 48 (1 1 0 0 0 0)
Hop 1: [29-31] 29 (0 1 3 0 1 0) -> 31 (0 1 3 1 1 0)
Hop 1: [43-34] 43 (1 0 2 1 1 0) -> 47 (1 0 3 1 1 0)
Hop 4: [5-14] 15 (0 0 3 1 1 0) -> 14 (0 0 3 1 0 0)
Hop 1: [12-6] 12 (0 0 3 0 0 0) -> 14 (0 0 3 1 0 0)
Hop 2: [34-6] 2 (0 0 0 1 0 0) -> 6 (0 0 1 1 0 0)
Hop 1: [21-20] 21 (0 1 1 0 1 0) -> 20 (0 1 1 0 0 0)
Hop 2: [19-24] 17 (0 1 0 0 1 0) -> 21 (0 1 1 0 1 0)
Hop 1: [33-49] 33 (1 0 0 0 1 0) -> 49 (1 1 0 0 1 0)
Hop 3: [24-3] 10 (0 0 2 1 0 0) -> 14 (0 0 3 1 0 0)
Hop 1: [45-44] 45 (1 0 3 0 1 0) -> 44 (1 0 3 0 0 0)
Hop 1: [15-43] 15 (0 0 3 1 1 0) -> 47 (1 0 3 1 1 0)
Hop 2: [53-60] 49 (1 1 0 0 1 0) -> 61 (1 1 3 0 1 0)
Hop 1: [41-37] 41 (1 0 2 0 1 0) -> 37 (1 0 1 0 1 0)
Hop 1: [26-30] 26 (0 1 2 1 0 0) -> 30 (0 1 3 1 0 0)
Hop 3: [7-14] 15 (0 0 3 1 1 0) -> 14 (0 0 3 1 0 0)
Hop 1: [44-40] 44 (1 0 3 0 0 0) -> 40 (1 0 2 0 0 0)
Hop 2: [12-6] 14 (0 0 3 1 0 0) -> 10 (0 0 2 1 0 0)
Hop 1: [30-58] 30 (0 1 3 1 0 0) -> 62 (1 1 3 1 0 0)
Hop 4: [24-3] 14 (0 0 3 1 0 0) -> 2 (0 0 0 1 0 0)
Hop 1: [48-57] 48 (1 1 0 0 0 0) -> 52 (1 1 1 0 0 0)
Hop 1: [56-35] 56 (1 1 2 0 0 0) -> 58 (1 1 2 1 0 0)
Hop 2: [15-43] 47 (1 0 3 1 1 0) -> 43 (1 0 2 1 1 0)
Hop 3: [53-60] 61 (1 1 3 0 1 0) -> 60 (1 1 3 0 0 0)
Hop 1: [2-20] 2 (0 0 0 1 0 0) -> 0 (0 0 0 0 0 0)
Hop 3: [12-6] 10 (0 0 2 1 0 0) -> 6 (0 0 1 1 0 0)
Hop 1: [51-57] 51 (1 1 0 1 1 0) -> 49 (1 1 0 0 1 0)
Hop 2: [30-58] 62 (1 1 3 1 0 0) -> 58 (1 1 2 1 0 0)
Hop 5: [24-3] 2 (0 0 0 1 0 0) -> 3 (0 0 0 1 1 0)
Hop 2: [48-57] 52 (1 1 1 0 0 0) -> 56 (1 1 2 0 0 0)
Hop 1: [49-53] 49 (1 1 0 0 1 0) -> 53 (1 1 1 0 1 0)
Hop 1: [6-5] 6 (0 0 1 1 0 0) -> 4 (0 0 1 0 0 0)
Hop 2: [59-56] 57 (1 1 2 0 1 0) -> 56 (1 1 2 0 0 0)
Hop 1: [28-35] 28 (0 1 3 0 0 0) -> 30 (0 1 3 1 0 0)
Hop 1: [39-53] 39 (1 0 1 1 1 0) -> 37 (1 0 1 0 1 0)
Hop 1: [17-20] 17 (0 1 0 0 1 0) -> 21 (0 1 1 0 1 0)
Hop 5: [35-28] 29 (0 1 3 0 1 0) -> 28 (0 1 3 0 0 0)
Hop 1: [14-35] 14 (0 0 3 1 0 0) -> 46 (1 0 3 1 0 0)
Hop 2: [51-57] 49 (1 1 0 0 1 0) -> 53 (1 1 1 0 1 0)
Hop 1: [63-59] 63 (1 1 3 1 1 0) -> 59 (1 1 2 1 1 0)
Hop 3: [48-57] 56 (1 1 2 0 0 0) -> 57 (1 1 2 0 1 0)
Hop 4: [58-49] 48 (1 1 0 0 0 0) -> 49 (1 1 0 0 1 0)
Hop 1: [29-35] 29 (0 1 3 0 1 0) -> 31 (0 1 3 1 1 0)
Hop 2: [6-5] 4 (0 0 1 0 0 0) -> 5 (0 0 1 0 1 0)
Hop 2: [43-34] 47 (1 0 3 1 1 0) -> 35 (1 0 0 1 1 0)
Hop 2: [28-35] 30 (0 1 3 1 0 0) -> 14 (0 0 3 1 0 0)
Hop 2: [39-53] 37 (1 0 1 0 1 0) -> 53 (1 1 1 0 1 0)
Hop 1: [34-7] 34 (1 0 0 1 0 0) -> 2 (0 0 0 1 0 0)
Hop 2: [14-35] 46 (1 0 3 1 0 0) -> 34 (1 0 0 1 0 0)
Hop 3: [51-57] 53 (1 1 1 0 1 0) -> 57 (1 1 2 0 1 0)
Hop 3: [19-24] 21 (0 1 1 0 1 0) -> 25 (0 1 2 0 1 0)
Hop 1: [33-5] 33 (1 0 0 0 1 0) -> 1 (0 0 0 0 1 0)
Hop 1: [26-31] 26 (0 1 2 1 0 0) -> 30 (0 1 3 1 0 0)
Hop 2: [29-35] 31 (0 1 3 1 1 0) -> 15 (0 0 3 1 1 0)
Hop 3: [28-35] 14 (0 0 3 1 0 0) -> 46 (1 0 3 1 0 0)
Hop 2: [34-7] 2 (0 0 0 1 0 0) -> 6 (0 0 1 1 0 0)
Hop 3: [14-35] 34 (1 0 0 1 0 0) -> 35 (1 0 0 1 1 0)
Hop 2: [33-5] 1 (0 0 0 0 1 0) -> 5 (0 0 1 0 1 0)
Hop 1: [3-17] 3 (0 0 0 1 1 0) -> 1 (0 0 0 0 1 0)
Hop 1: [53-61] 53 (1 1 1 0 1 0) -> 49 (1 1 0 0 1 0)
Hop 2: [56-35] 58 (1 1 2 1 0 0) -> 42 (1 0 2 1 0 0)
Hop 1: [15-47] 15 (0 0 3 1 1 0) -> 47 (1 0 3 1 1 0)
Hop 2: [26-31] 30 (0 1 3 1 0 0) -> 31 (0 1 3 1 1 0)
Hop 2: [2-20] 0 (0 0 0 0 0 0) -> 16 (0 1 0 0 0 0)
Hop 3: [29-35] 15 (0 0 3 1 1 0) -> 47 (1 0 3 1 1 0)
Hop 4: [28-35] 46 (1 0 3 1 0 0) -> 34 (1 0 0 1 0 0)
Hop 3: [34-7] 6 (0 0 1 1 0 0) -> 7 (0 0 1 1 1 0)
Hop 1: [12-7] 12 (0 0 3 0 0 0) -> 14 (0 0 3 1 0 0)
Hop 1: [30-62] 30 (0 1 3 1 0 0) -> 62 (1 1 3 1 0 0)
Hop 2: [53-61] 49 (1 1 0 0 1 0) -> 61 (1 1 3 0 1 0)
Hop 1: [60-54] 60 (1 1 3 0 0 0) -> 62 (1 1 3 1 0 0)
Hop 1: [24-56] 24 (0 1 2 0 0 0) -> 56 (1 1 2 0 0 0)
Hop 1: [49-56] 49 (1 1 0 0 1 0) -> 53 (1 1 1 0 1 0)
Hop 4: [29-35] 47 (1 0 3 1 1 0) -> 35 (1 0 0 1 1 0)
Hop 5: [28-35] 34 (1 0 0 1 0 0) -> 35 (1 0 0 1 1 0)
Hop 2: [17-20] 21 (0 1 1 0 1 0) -> 20 (0 1 1 0 0 0)
Hop 2: [12-7] 14 (0 0 3 1 0 0) -> 10 (0 0 2 1 0 0)
Hop 1: [0-7] 0 (0 0 0 0 0 0) -> 2 (0 0 0 1 0 0)
Hop 2: [49-56] 53 (1 1 1 0 1 0) -> 57 (1 1 2 0 1 0)
Hop 1: [6-7] 6 (0 0 1 1 0 0) -> 7 (0 0 1 1 1 0)
Hop 1: [39-55] 39 (1 0 1 1 1 0) -> 55 (1 1 1 1 1 0)
Hop 1: [51-58] 51 (1 1 0 1 1 0) -> 55 (1 1 1 1 1 0)
Hop 3: [43-34] 35 (1 0 0 1 1 0) -> 34 (1 0 0 1 0 0)
Hop 3: [12-7] 10 (0 0 2 1 0 0) -> 6 (0 0 1 1 0 0)
Hop 3: [49-56] 57 (1 1 2 0 1 0) -> 56 (1 1 2 0 0 0)
Hop 4: [19-24] 25 (0 1 2 0 1 0) -> 24 (0 1 2 0 0 0)
Hop 2: [51-58] 55 (1 1 1 1 1 0) -> 59 (1 1 2 1 1 0)
Hop 1: [33-7] 33 (1 0 0 0 1 0) -> 35 (1 0 0 1 1 0)
Hop 4: [12-7] 6 (0 0 1 1 0 0) -> 7 (0 0 1 1 1 0)
Hop 1: [14-42] 14 (0 0 3 1 0 0) -> 46 (1 0 3 1 0 0)
Hop 3: [51-58] 59 (1 1 2 1 1 0) -> 58 (1 1 2 1 0 0)
Hop 2: [33-7] 35 (1 0 0 1 1 0) -> 3 (0 0 0 1 1 0)
Hop 1: [42-34] 42 (1 0 2 1 0 0) -> 46 (1 0 3 1 0 0)
Hop 1: [15-7] 15 (0 0 3 1 1 0) -> 11 (0 0 2 1 1 0)
Hop 1: [53-62] 53 (1 1 1 0 1 0) -> 55 (1 1 1 1 1 0)
Hop 2: [3-17] 1 (0 0 0 0 1 0) -> 17 (0 1 0 0 1 0)
Hop 1: [26-58] 26 (0 1 2 1 0 0) -> 58 (1 1 2 1 0 0)
Hop 3: [56-35] 42 (1 0 2 1 0 0) -> 46 (1 0 3 1 0 0)
Hop 3: [2-20] 16 (0 1 0 0 0 0) -> 20 (0 1 1 0 0 0)
Hop 3: [33-7] 3 (0 0 0 1 1 0) -> 7 (0 0 1 1 1 0)
Hop 1: [23-28] 23 (0 1 1 1 1 0) -> 21 (0 1 1 0 1 0)
Hop 2: [14-42] 46 (1 0 3 1 0 0) -> 42 (1 0 2 1 0 0)
Hop 2: [53-62] 55 (1 1 1 1 1 0) -> 51 (1 1 0 1 1 0)
Hop 1: [24-7] 24 (0 1 2 0 0 0) -> 26 (0 1 2 1 0 0)
Hop 2: [15-7] 11 (0 0 2 1 1 0) -> 7 (0 0 1 1 1 0)
Hop 1: [39-57] 39 (1 0 1 1 1 0) -> 37 (1 0 1 0 1 0)
Hop 1: [40-41] 40 (1 0 2 0 0 0) -> 41 (1 0 2 0 1 0)
Hop 2: [60-54] 62 (1 1 3 1 0 0) -> 58 (1 1 2 1 0 0)
Hop 1: [29-41] 29 (0 1 3 0 1 0) -> 13 (0 0 3 0 1 0)
Hop 1: [28-48] 28 (0 1 3 0 0 0) -> 60 (1 1 3 0 0 0)
Hop 3: [53-62] 51 (1 1 0 1 1 0) -> 63 (1 1 3 1 1 0)
Hop 1: [46-47] 46 (1 0 3 1 0 0) -> 47 (1 0 3 1 1 0)
Hop 1: [49-57] 49 (1 1 0 0 1 0) -> 53 (1 1 1 0 1 0)
Hop 2: [39-57] 37 (1 0 1 0 1 0) -> 53 (1 1 1 0 1 0)
Hop 2: [24-7] 26 (0 1 2 1 0 0) -> 10 (0 0 2 1 0 0)
Hop 4: [53-62] 63 (1 1 3 1 1 0) -> 62 (1 1 3 1 0 0)
Hop 2: [29-41] 13 (0 0 3 0 1 0) -> 45 (1 0 3 0 1 0)
Hop 2: [49-57] 53 (1 1 1 0 1 0) -> 57 (1 1 2 0 1 0)
Hop 2: [0-7] 2 (0 0 0 1 0 0) -> 6 (0 0 1 1 0 0)
Hop 2: [28-48] 60 (1 1 3 0 0 0) -> 48 (1 1 0 0 0 0)
Hop 3: [39-57] 53 (1 1 1 0 1 0) -> 57 (1 1 2 0 1 0)
Hop 1: [51-59] 51 (1 1 0 1 1 0) -> 55 (1 1 1 1 1 0)
Hop 1: [10-17] 10 (0 0 2 1 0 0) -> 8 (0 0 2 0 0 0)
Hop 3: [24-7] 10 (0 0 2 1 0 0) -> 6 (0 0 1 1 0 0)
Hop 3: [29-41] 45 (1 0 3 0 1 0) -> 41 (1 0 2 0 1 0)
Hop 2: [51-59] 55 (1 1 1 1 1 0) -> 59 (1 1 2 1 1 0)
Hop 1: [12-8] 12 (0 0 3 0 0 0) -> 8 (0 0 2 0 0 0)
Hop 4: [24-7] 6 (0 0 1 1 0 0) -> 7 (0 0 1 1 1 0)
Hop 1: [16-22] 16 (0 1 0 0 0 0) -> 18 (0 1 0 1 0 0)
Hop 1: [14-46] 14 (0 0 3 1 0 0) -> 46 (1 0 3 1 0 0)
Hop 1: [53-63] 53 (1 1 1 0 1 0) -> 55 (1 1 1 1 1 0)
Hop 1: [20-28] 20 (0 1 1 0 0 0) -> 16 (0 1 0 0 0 0)
Hop 1: [49-58] 49 (1 1 0 0 1 0) -> 51 (1 1 0 1 1 0)
Hop 1: [57-46] 57 (1 1 2 0 1 0) -> 59 (1 1 2 1 1 0)
Hop 1: [39-7] 39 (1 0 1 1 1 0) -> 7 (0 0 1 1 1 0)
Hop 2: [42-34] 46 (1 0 3 1 0 0) -> 34 (1 0 0 1 0 0)
Hop 2: [53-63] 55 (1 1 1 1 1 0) -> 51 (1 1 0 1 1 0)
Hop 2: [49-58] 51 (1 1 0 1 1 0) -> 55 (1 1 1 1 1 0)
Hop 4: [56-35] 46 (1 0 3 1 0 0) -> 34 (1 0 0 1 0 0)
Hop 1: [62-58] 62 (1 1 3 1 0 0) -> 58 (1 1 2 1 0 0)
Hop 3: [53-63] 51 (1 1 0 1 1 0) -> 63 (1 1 3 1 1 0)
Hop 1: [28-49] 28 (0 1 3 0 0 0) -> 60 (1 1 3 0 0 0)
Hop 3: [49-58] 55 (1 1 1 1 1 0) -> 59 (1 1 2 1 1 0)
Hop 2: [23-28] 21 (0 1 1 0 1 0) -> 17 (0 1 0 0 1 0)
Hop 1: [22-26] 22 (0 1 1 1 0 0) -> 26 (0 1 2 1 0 0)
Hop 4: [49-58] 59 (1 1 2 1 1 0) -> 58 (1 1 2 1 0 0)
Hop 1: [1-4] 1 (0 0 0 0 1 0) -> 5 (0 0 1 0 1 0)
Hop 1: [29-42] 29 (0 1 3 0 1 0) -> 31 (0 1 3 1 1 0)
Hop 3: [60-54] 58 (1 1 2 1 0 0) -> 54 (1 1 1 1 0 0)
Hop 2: [28-49] 60 (1 1 3 0 0 0) -> 48 (1 1 0 0 0 0)
Hop 1: [18-23] 18 (0 1 0 1 0 0) -> 22 (0 1 1 1 0 0)
Hop 1: [12-9] 12 (0 0 3 0 0 0) -> 8 (0 0 2 0 0 0)
Hop 1: [49-59] 49 (1 1 0 0 1 0) -> 51 (1 1 0 1 1 0)
Hop 2: [49-59] 51 (1 1 0 1 1 0) -> 55 (1 1 1 1 1 0)
Hop 1: [61-59] 61 (1 1 3 0 1 0) -> 63 (1 1 3 1 1 0)
Hop 1: [24-8] 24 (0 1 2 0 0 0) -> 8 (0 0 2 0 0 0)
Hop 3: [49-59] 55 (1 1 1 1 1 0) -> 59 (1 1 2 1 1 0)
Hop 2: [29-42] 31 (0 1 3 1 1 0) -> 15 (0 0 3 1 1 0)
Hop 3: [28-49] 48 (1 1 0 0 0 0) -> 49 (1 1 0 0 1 0)
Hop 2: [12-9] 8 (0 0 2 0 0 0) -> 9 (0 0 2 0 1 0)
Hop 3: [0-7] 6 (0 0 1 1 0 0) -> 7 (0 0 1 1 1 0)
Hop 1: [14-5] 14 (0 0 3 1 0 0) -> 12 (0 0 3 0 0 0)
Hop 2: [10-17] 8 (0 0 2 0 0 0) -> 24 (0 1 2 0 0 0)
Hop 3: [29-42] 15 (0 0 3 1 1 0) -> 47 (1 0 3 1 1 0)
Hop 1: [4-5] 4 (0 0 1 0 0 0) -> 5 (0 0 1 0 1 0)
Hop 2: [14-5] 12 (0 0 3 0 0 0) -> 8 (0 0 2 0 0 0)
Hop 1: [5-2] 5 (0 0 1 0 1 0) -> 7 (0 0 1 1 1 0)
Hop 4: [29-42] 47 (1 0 3 1 1 0) -> 43 (1 0 2 1 1 0)
Hop 1: [21-22] 21 (0 1 1 0 1 0) -> 23 (0 1 1 1 1 0)
Hop 3: [14-5] 8 (0 0 2 0 0 0) -> 4 (0 0 1 0 0 0)
Hop 2: [16-22] 18 (0 1 0 1 0 0) -> 22 (0 1 1 1 0 0)
Hop 5: [29-42] 43 (1 0 2 1 1 0) -> 42 (1 0 2 1 0 0)
Hop 1: [45-46] 45 (1 0 3 0 1 0) -> 47 (1 0 3 1 1 0)
Hop 1: [41-40] 41 (1 0 2 0 1 0) -> 40 (1 0 2 0 0 0)
Hop 4: [14-5] 4 (0 0 1 0 0 0) -> 5 (0 0 1 0 1 0)
Hop 1: [7-15] 7 (0 0 1 1 1 0) -> 3 (0 0 0 1 1 0)
Hop 1: [44-41] 44 (1 0 3 0 0 0) -> 40 (1 0 2 0 0 0)
Hop 1: [28-51] 28 (0 1 3 0 0 0) -> 30 (0 1 3 1 0 0)
Hop 2: [20-28] 16 (0 1 0 0 0 0) -> 28 (0 1 3 0 0 0)
Hop 2: [57-46] 59 (1 1 2 1 1 0) -> 43 (1 0 2 1 1 0)
Hop 2: [28-51] 30 (0 1 3 1 0 0) -> 62 (1 1 3 1 0 0)
Hop 5: [56-35] 34 (1 0 0 1 0 0) -> 35 (1 0 0 1 1 0)
Hop 3: [28-51] 62 (1 1 3 1 0 0) -> 50 (1 1 0 1 0 0)
Hop 3: [23-28] 17 (0 1 0 0 1 0) -> 29 (0 1 3 0 1 0)
Hop 1: [29-43] 29 (0 1 3 0 1 0) -> 31 (0 1 3 1 1 0)
Hop 4: [28-51] 50 (1 1 0 1 0 0) -> 51 (1 1 0 1 1 0)
Hop 2: [1-4] 5 (0 0 1 0 1 0) -> 4 (0 0 1 0 0 0)
Hop 1: [14-6] 14 (0 0 3 1 0 0) -> 10 (0 0 2 1 0 0)
Hop 2: [29-43] 31 (0 1 3 1 1 0) -> 15 (0 0 3 1 1 0)
Hop 2: [18-23] 22 (0 1 1 1 0 0) -> 23 (0 1 1 1 1 0)
Hop 2: [14-6] 10 (0 0 2 1 0 0) -> 6 (0 0 1 1 0 0)
Hop 3: [29-43] 15 (0 0 3 1 1 0) -> 47 (1 0 3 1 1 0)
Hop 2: [61-59] 63 (1 1 3 1 1 0) -> 59 (1 1 2 1 1 0)
Hop 1: [59-57] 59 (1 1 2 1 1 0) -> 57 (1 1 2 0 1 0)
Hop 4: [29-43] 47 (1 0 3 1 1 0) -> 43 (1 0 2 1 1 0)
Hop 1: [35-29] 35 (1 0 0 1 1 0) -> 33 (1 0 0 0 1 0)
Hop 1: [63-60] 63 (1 1 3 1 1 0) -> 61 (1 1 3 0 1 0)
Hop 3: [10-17] 24 (0 1 2 0 0 0) -> 28 (0 1 3 0 0 0)
Hop 1: [28-56] 28 (0 1 3 0 0 0) -> 60 (1 1 3 0 0 0)
Hop 1: [58-50] 58 (1 1 2 1 0 0) -> 62 (1 1 3 1 0 0)
Hop 2: [28-56] 60 (1 1 3 0 0 0) -> 56 (1 1 2 0 0 0)
Hop 2: [5-2] 7 (0 0 1 1 1 0) -> 3 (0 0 0 1 1 0)
Hop 1: [14-7] 14 (0 0 3 1 0 0) -> 10 (0 0 2 1 0 0)
Hop 2: [21-22] 23 (0 1 1 1 1 0) -> 22 (0 1 1 1 0 0)
Hop 2: [14-7] 10 (0 0 2 1 0 0) -> 6 (0 0 1 1 0 0)
Hop 2: [45-46] 47 (1 0 3 1 1 0) -> 46 (1 0 3 1 0 0)
Hop 1: [29-49] 29 (0 1 3 0 1 0) -> 61 (1 1 3 0 1 0)
Hop 2: [7-15] 3 (0 0 0 1 1 0) -> 15 (0 0 3 1 1 0)
Hop 3: [14-7] 6 (0 0 1 1 0 0) -> 7 (0 0 1 1 1 0)
Hop 2: [44-41] 40 (1 0 2 0 0 0) -> 41 (1 0 2 0 1 0)
Hop 2: [29-49] 61 (1 1 3 0 1 0) -> 49 (1 1 0 0 1 0)
Hop 3: [57-46] 43 (1 0 2 1 1 0) -> 47 (1 0 3 1 1 0)
Hop 1: [28-60] 28 (0 1 3 0 0 0) -> 60 (1 1 3 0 0 0)
Hop 4: [23-28] 29 (0 1 3 0 1 0) -> 28 (0 1 3 0 0 0)
Hop 1: [14-8] 14 (0 0 3 1 0 0) -> 12 (0 0 3 0 0 0)
Hop 1: [29-51] 29 (0 1 3 0 1 0) -> 31 (0 1 3 1 1 0)
Hop 2: [14-8] 12 (0 0 3 0 0 0) -> 8 (0 0 2 0 0 0)
Hop 2: [29-51] 31 (0 1 3 1 1 0) -> 63 (1 1 3 1 1 0)
Hop 1: [28-7] 28 (0 1 3 0 0 0) -> 30 (0 1 3 1 0 0)
Hop 1: [17-21] 17 (0 1 0 0 1 0) -> 21 (0 1 1 0 1 0)
Hop 2: [35-29] 33 (1 0 0 0 1 0) -> 49 (1 1 0 0 1 0)
Hop 3: [29-51] 63 (1 1 3 1 1 0) -> 51 (1 1 0 1 1 0)
Hop 2: [28-7] 30 (0 1 3 1 0 0) -> 14 (0 0 3 1 0 0)
Hop 2: [63-60] 61 (1 1 3 0 1 0) -> 60 (1 1 3 0 0 0)
Hop 4: [10-17] 28 (0 1 3 0 0 0) -> 16 (0 1 0 0 0 0)
Hop 3: [28-7] 14 (0 0 3 1 0 0) -> 10 (0 0 2 1 0 0)
Hop 2: [58-50] 62 (1 1 3 1 0 0) -> 50 (1 1 0 1 0 0)
Hop 4: [28-7] 10 (0 0 2 1 0 0) -> 6 (0 0 1 1 0 0)
Hop 1: [43-35] 43 (1 0 2 1 1 0) -> 47 (1 0 3 1 1 0)
Hop 3: [5-2] 3 (0 0 0 1 1 0) -> 2 (0 0 0 1 0 0)
Hop 5: [28-7] 6 (0 0 1 1 0 0) -> 7 (0 0 1 1 1 0)
Hop 1: [29-56] 29 (0 1 3 0 1 0) -> 61 (1 1 3 0 1 0)
Hop 1: [19-25] 19 (0 1 0 1 1 0) -> 17 (0 1 0 0 1 0)
Hop 2: [29-56] 61 (1 1 3 0 1 0) -> 57 (1 1 2 0 1 0)
Hop 3: [29-56] 57 (1 1 2 0 1 0) -> 56 (1 1 2 0 0 0)
Hop 1: [29-57] 29 (0 1 3 0 1 0) -> 61 (1 1 3 0 1 0)
Hop 4: [57-46] 47 (1 0 3 1 1 0) -> 46 (1 0 3 1 0 0)
Hop 2: [29-57] 61 (1 1 3 0 1 0) -> 57 (1 1 2 0 1 0)
Hop 1: [3-19] 3 (0 0 0 1 1 0) -> 19 (0 1 0 1 1 0)
Hop 1: [29-58] 29 (0 1 3 0 1 0) -> 31 (0 1 3 1 1 0)
Hop 1: [2-3] 2 (0 0 0 1 0 0) -> 3 (0 0 0 1 1 0)
Hop 2: [29-58] 31 (0 1 3 1 1 0) -> 63 (1 1 3 1 1 0)
Hop 3: [29-58] 63 (1 1 3 1 1 0) -> 59 (1 1 2 1 1 0)
Hop 4: [29-58] 59 (1 1 2 1 1 0) -> 58 (1 1 2 1 0 0)
Hop 1: [40-42] 40 (1 0 2 0 0 0) -> 42 (1 0 2 1 0 0)
Hop 1: [29-61] 29 (0 1 3 0 1 0) -> 61 (1 1 3 0 1 0)
Hop 1: [46-53] 46 (1 0 3 1 0 0) -> 44 (1 0 3 0 0 0)
Hop 3: [35-29] 49 (1 1 0 0 1 0) -> 17 (0 1 0 0 1 0)
Hop 5: [10-17] 16 (0 1 0 0 0 0) -> 17 (0 1 0 0 1 0)
Hop 2: [43-35] 47 (1 0 3 1 1 0) -> 35 (1 0 0 1 1 0)
Hop 2: [19-25] 17 (0 1 0 0 1 0) -> 21 (0 1 1 0 1 0)
Hop 1: [42-35] 42 (1 0 2 1 0 0) -> 46 (1 0 3 1 0 0)
Hop 1: [62-59] 62 (1 1 3 1 0 0) -> 58 (1 1 2 1 0 0)
Hop 1: [22-28] 22 (0 1 1 1 0 0) -> 20 (0 1 1 0 0 0)
Hop 1: [60-55] 60 (1 1 3 0 0 0) -> 62 (1 1 3 1 0 0)
Hop 2: [46-53] 44 (1 0 3 0 0 0) -> 60 (1 1 3 0 0 0)
Hop 4: [35-29] 17 (0 1 0 0 1 0) -> 29 (0 1 3 0 1 0)
Hop 1: [0-8] 0 (0 0 0 0 0 0) -> 4 (0 0 1 0 0 0)
Hop 1: [4-6] 4 (0 0 1 0 0 0) -> 6 (0 0 1 1 0 0)
Hop 3: [19-25] 21 (0 1 1 0 1 0) -> 25 (0 1 2 0 1 0)
Hop 1: [16-24] 16 (0 1 0 0 0 0) -> 20 (0 1 1 0 0 0)
Hop 1: [41-42] 41 (1 0 2 0 1 0) -> 43 (1 0 2 1 1 0)
Hop 1: [20-29] 20 (0 1 1 0 0 0) -> 16 (0 1 0 0 0 0)
Hop 2: [42-35] 46 (1 0 3 1 0 0) -> 34 (1 0 0 1 0 0)
Hop 1: [56-40] 56 (1 1 2 0 0 0) -> 40 (1 0 2 0 0 0)
Hop 2: [62-59] 58 (1 1 2 1 0 0) -> 59 (1 1 2 1 1 0)
Hop 2: [22-28] 20 (0 1 1 0 0 0) -> 16 (0 1 0 0 0 0)
Hop 1: [1-5] 1 (0 0 0 0 1 0) -> 5 (0 0 1 0 1 0)
Hop 2: [60-55] 62 (1 1 3 1 0 0) -> 58 (1 1 2 1 0 0)
Hop 1: [18-26] 18 (0 1 0 1 0 0) -> 22 (0 1 1 1 0 0)
Hop 3: [46-53] 60 (1 1 3 0 0 0) -> 56 (1 1 2 0 0 0)
Hop 1: [61-60] 61 (1 1 3 0 1 0) -> 60 (1 1 3 0 0 0)
Hop 1: [59-58] 59 (1 1 2 1 1 0) -> 58 (1 1 2 1 0 0)
Hop 2: [0-8] 4 (0 0 1 0 0 0) -> 8 (0 0 2 0 0 0)
Hop 1: [21-23] 21 (0 1 1 0 1 0) -> 23 (0 1 1 1 1 0)
Hop 2: [16-24] 20 (0 1 1 0 0 0) -> 24 (0 1 2 0 0 0)
Hop 1: [45-47] 45 (1 0 3 0 1 0) -> 47 (1 0 3 1 1 0)
Hop 2: [41-42] 43 (1 0 2 1 1 0) -> 42 (1 0 2 1 0 0)
Hop 1: [7-16] 7 (0 0 1 1 1 0) -> 5 (0 0 1 0 1 0)
Hop 1: [44-42] 44 (1 0 3 0 0 0) -> 46 (1 0 3 1 0 0)
Hop 2: [20-29] 16 (0 1 0 0 0 0) -> 28 (0 1 3 0 0 0)
Hop 3: [42-35] 34 (1 0 0 1 0 0) -> 35 (1 0 0 1 1 0)
Hop 1: [23-29] 23 (0 1 1 1 1 0) -> 21 (0 1 1 0 1 0)
Hop 3: [22-28] 16 (0 1 0 0 0 0) -> 28 (0 1 3 0 0 0)
Hop 3: [60-55] 58 (1 1 2 1 0 0) -> 54 (1 1 1 1 0 0)
Hop 2: [18-26] 22 (0 1 1 1 0 0) -> 26 (0 1 2 1 0 0)
Hop 4: [46-53] 56 (1 1 2 0 0 0) -> 52 (1 1 1 0 0 0)
Hop 1: [17-24] 17 (0 1 0 0 1 0) -> 21 (0 1 1 0 1 0)
Hop 1: [63-61] 63 (1 1 3 1 1 0) -> 61 (1 1 3 0 1 0)
Hop 1: [58-51] 58 (1 1 2 1 0 0) -> 62 (1 1 3 1 0 0)
Hop 1: [5-21] 5 (0 0 1 0 1 0) -> 21 (0 1 1 0 1 0)
Hop 2: [7-16] 5 (0 0 1 0 1 0) -> 21 (0 1 1 0 1 0)
Hop 2: [44-42] 46 (1 0 3 1 0 0) -> 42 (1 0 2 1 0 0)
Hop 3: [20-29] 28 (0 1 3 0 0 0) -> 29 (0 1 3 0 1 0)
Hop 1: [57-47] 57 (1 1 2 0 1 0) -> 59 (1 1 2 1 1 0)
Hop 1: [3-2] 3 (0 0 0 1 1 0) -> 2 (0 0 0 1 0 0)
Hop 1: [2-34] 2 (0 0 0 1 0 0) -> 34 (1 0 0 1 0 0)
Hop 2: [23-29] 21 (0 1 1 0 1 0) -> 17 (0 1 0 0 1 0)
Hop 1: [40-43] 40 (1 0 2 0 0 0) -> 42 (1 0 2 1 0 0)
Hop 4: [60-55] 54 (1 1 1 1 0 0) -> 55 (1 1 1 1 1 0)
Hop 5: [46-53] 52 (1 1 1 0 0 0) -> 53 (1 1 1 0 1 0)
Hop 2: [17-24] 21 (0 1 1 0 1 0) -> 25 (0 1 2 0 1 0)
Hop 1: [10-2] 10 (0 0 2 1 0 0) -> 14 (0 0 3 1 0 0)
Hop 2: [58-51] 62 (1 1 3 1 0 0) -> 50 (1 1 0 1 0 0)
Hop 1: [43-37] 43 (1 0 2 1 1 0) -> 41 (1 0 2 0 1 0)
Hop 3: [7-16] 21 (0 1 1 0 1 0) -> 17 (0 1 0 0 1 0)
Hop 2: [57-47] 59 (1 1 2 1 1 0) -> 43 (1 0 2 1 1 0)
Hop 3: [23-29] 17 (0 1 0 0 1 0) -> 29 (0 1 3 0 1 0)
Hop 2: [40-43] 42 (1 0 2 1 0 0) -> 43 (1 0 2 1 1 0)
Hop 3: [17-24] 25 (0 1 2 0 1 0) -> 24 (0 1 2 0 0 0)
Hop 1: [35-3] 35 (1 0 0 1 1 0) -> 3 (0 0 0 1 1 0)
Hop 2: [10-2] 14 (0 0 3 1 0 0) -> 2 (0 0 0 1 0 0)
Hop 1: [4-7] 4 (0 0 1 0 0 0) -> 6 (0 0 1 1 0 0)
Hop 3: [58-51] 50 (1 1 0 1 0 0) -> 51 (1 1 0 1 1 0)
Hop 2: [43-37] 41 (1 0 2 0 1 0) -> 37 (1 0 1 0 1 0)
Hop 1: [19-26] 19 (0 1 0 1 1 0) -> 23 (0 1 1 1 1 0)
Hop 4: [7-16] 17 (0 1 0 0 1 0) -> 16 (0 1 0 0 0 0)
Hop 3: [57-47] 43 (1 0 2 1 1 0) -> 47 (1 0 3 1 1 0)
Hop 1: [56-42] 56 (1 1 2 0 0 0) -> 58 (1 1 2 1 0 0)
Hop 1: [62-60] 62 (1 1 3 1 0 0) -> 60 (1 1 3 0 0 0)
Hop 1: [1-6] 1 (0 0 0 0 1 0) -> 3 (0 0 0 1 1 0)
Hop 1: [61-62] 61 (1 1 3 0 1 0) -> 63 (1 1 3 1 1 0)
Hop 1: [59-61] 59 (1 1 2 1 1 0) -> 57 (1 1 2 0 1 0)
Hop 2: [4-7] 6 (0 0 1 1 0 0) -> 7 (0 0 1 1 1 0)
Hop 1: [21-24] 21 (0 1 1 0 1 0) -> 25 (0 1 2 0 1 0)
Hop 2: [19-26] 23 (0 1 1 1 1 0) -> 27 (0 1 2 1 1 0)
Hop 1: [16-26] 16 (0 1 0 0 0 0) -> 18 (0 1 0 1 0 0)
Hop 1: [45-61] 45 (1 0 3 0 1 0) -> 61 (1 1 3 0 1 0)
Hop 1: [41-43] 41 (1 0 2 0 1 0) -> 43 (1 0 2 1 1 0)
Hop 1: [42-37] 42 (1 0 2 1 0 0) -> 40 (1 0 2 0 0 0)
Hop 2: [56-42] 58 (1 1 2 1 0 0) -> 42 (1 0 2 1 0 0)
Hop 1: [22-29] 22 (0 1 1 1 0 0) -> 20 (0 1 1 0 0 0)
Hop 2: [1-6] 3 (0 0 0 1 1 0) -> 7 (0 0 1 1 1 0)
Hop 1: [18-28] 18 (0 1 0 1 0 0) -> 16 (0 1 0 0 0 0)
Hop 2: [61-62] 63 (1 1 3 1 1 0) -> 62 (1 1 3 1 0 0)
Hop 2: [59-61] 57 (1 1 2 0 1 0) -> 61 (1 1 3 0 1 0)
Hop 1: [63-62] 63 (1 1 3 1 1 0) -> 62 (1 1 3 1 0 0)
Hop 1: [5-32] 5 (0 0 1 0 1 0) -> 37 (1 0 1 0 1 0)
Hop 2: [21-24] 25 (0 1 2 0 1 0) -> 24 (0 1 2 0 0 0)
Hop 3: [19-26] 27 (0 1 2 1 1 0) -> 26 (0 1 2 1 0 0)
Hop 2: [16-26] 18 (0 1 0 1 0 0) -> 22 (0 1 1 1 0 0)
Hop 1: [44-43] 44 (1 0 3 0 0 0) -> 46 (1 0 3 1 0 0)
Hop 1: [20-34] 20 (0 1 1 0 0 0) -> 22 (0 1 1 1 0 0)
Hop 2: [42-37] 40 (1 0 2 0 0 0) -> 36 (1 0 1 0 0 0)
Hop 1: [3-21] 3 (0 0 0 1 1 0) -> 1 (0 0 0 0 1 0)
Hop 1: [2-4] 2 (0 0 0 1 0 0) -> 0 (0 0 0 0 0 0)
Hop 2: [22-29] 20 (0 1 1 0 0 0) -> 16 (0 1 0 0 0 0)
Hop 3: [1-6] 7 (0 0 1 1 1 0) -> 6 (0 0 1 1 0 0)
Hop 1: [60-56] 60 (1 1 3 0 0 0) -> 56 (1 1 2 0 0 0)
Hop 2: [18-28] 16 (0 1 0 0 0 0) -> 28 (0 1 3 0 0 0)
Hop 1: [46-56] 46 (1 0 3 1 0 0) -> 44 (1 0 3 0 0 0)
Hop 2: [5-32] 37 (1 0 1 0 1 0) -> 33 (1 0 0 0 1 0)
Hop 3: [16-26] 22 (0 1 1 1 0 0) -> 26 (0 1 2 1 0 0)
Hop 2: [44-43] 46 (1 0 3 1 0 0) -> 42 (1 0 2 1 0 0)
Hop 2: [20-34] 22 (0 1 1 1 0 0) -> 6 (0 0 1 1 0 0)
Hop 3: [42-37] 36 (1 0 1 0 0 0) -> 37 (1 0 1 0 1 0)
Hop 2: [3-21] 1 (0 0 0 0 1 0) -> 17 (0 1 0 0 1 0)
Hop 2: [2-4] 0 (0 0 0 0 0 0) -> 4 (0 0 1 0 0 0)
Hop 1: [23-30] 23 (0 1 1 1 1 0) -> 19 (0 1 0 1 1 0)
Hop 3: [22-29] 16 (0 1 0 0 0 0) -> 28 (0 1 3 0 0 0)
Hop 1: [40-44] 40 (1 0 2 0 0 0) -> 44 (1 0 3 0 0 0)
Hop 2: [46-56] 44 (1 0 3 0 0 0) -> 60 (1 1 3 0 0 0)
Hop 1: [17-25] 17 (0 1 0 0 1 0) -> 21 (0 1 1 0 1 0)
Hop 1: [35-33] 35 (1 0 0 1 1 0) -> 33 (1 0 0 0 1 0)
Hop 1: [10-24] 10 (0 0 2 1 0 0) -> 8 (0 0 2 0 0 0)
Hop 1: [58-53] 58 (1 1 2 1 0 0) -> 56 (1 1 2 0 0 0)
Hop 1: [43-39] 43 (1 0 2 1 1 0) -> 39 (1 0 1 1 1 0)
Hop 3: [5-32] 33 (1 0 0 0 1 0) -> 32 (1 0 0 0 0 0)
Hop 1: [7-17] 7 (0 0 1 1 1 0) -> 5 (0 0 1 0 1 0)
Hop 3: [44-43] 42 (1 0 2 1 0 0) -> 43 (1 0 2 1 1 0)
Hop 3: [20-34] 6 (0 0 1 1 0 0) -> 38 (1 0 1 1 0 0)
Hop 1: [57-48] 57 (1 1 2 0 1 0) -> 61 (1 1 3 0 1 0)
Hop 3: [3-21] 17 (0 1 0 0 1 0) -> 21 (0 1 1 0 1 0)
Hop 1: [62-61] 62 (1 1 3 1 0 0) -> 60 (1 1 3 0 0 0)
Hop 2: [23-30] 19 (0 1 0 1 1 0) -> 31 (0 1 3 1 1 0)
Hop 4: [22-29] 28 (0 1 3 0 0 0) -> 29 (0 1 3 0 1 0)
Hop 3: [46-56] 60 (1 1 3 0 0 0) -> 56 (1 1 2 0 0 0)
Hop 2: [17-25] 21 (0 1 1 0 1 0) -> 25 (0 1 2 0 1 0)
Hop 2: [10-24] 8 (0 0 2 0 0 0) -> 24 (0 1 2 0 0 0)
Hop 2: [58-53] 56 (1 1 2 0 0 0) -> 52 (1 1 1 0 0 0)
Hop 1: [41-44] 41 (1 0 2 0 1 0) -> 45 (1 0 3 0 1 0)
Hop 2: [7-17] 5 (0 0 1 0 1 0) -> 21 (0 1 1 0 1 0)
Hop 4: [20-34] 38 (1 0 1 1 0 0) -> 34 (1 0 0 1 0 0)
Hop 2: [57-48] 61 (1 1 3 0 1 0) -> 49 (1 1 0 0 1 0)
Hop 1: [56-43] 56 (1 1 2 0 0 0) -> 58 (1 1 2 1 0 0)
Hop 2: [62-61] 60 (1 1 3 0 0 0) -> 61 (1 1 3 0 1 0)
Hop 3: [23-30] 31 (0 1 3 1 1 0) -> 30 (0 1 3 1 0 0)
Hop 1: [61-63] 61 (1 1 3 0 1 0) -> 63 (1 1 3 1 1 0)
Hop 1: [59-62] 59 (1 1 2 1 1 0) -> 63 (1 1 3 1 1 0)
Hop 3: [58-53] 52 (1 1 1 0 0 0) -> 53 (1 1 1 0 1 0)
Hop 1: [21-25] 21 (0 1 1 0 1 0) -> 25 (0 1 2 0 1 0)
Hop 1: [19-27] 19 (0 1 0 1 1 0) -> 23 (0 1 1 1 1 0)
Hop 2: [41-44] 45 (1 0 3 0 1 0) -> 44 (1 0 3 0 0 0)
Hop 3: [7-17] 21 (0 1 1 0 1 0) -> 17 (0 1 0 0 1 0)
Hop 3: [57-48] 49 (1 1 0 0 1 0) -> 48 (1 1 0 0 0 0)
Hop 2: [56-43] 58 (1 1 2 1 0 0) -> 42 (1 0 2 1 0 0)
Hop 1: [1-7] 1 (0 0 0 0 1 0) -> 3 (0 0 0 1 1 0)
Hop 1: [60-58] 60 (1 1 3 0 0 0) -> 62 (1 1 3 1 0 0)
Hop 1: [18-30] 18 (0 1 0 1 0 0) -> 30 (0 1 3 1 0 0)
Hop 2: [59-62] 63 (1 1 3 1 1 0) -> 62 (1 1 3 1 0 0)
Hop 2: [19-27] 23 (0 1 1 1 1 0) -> 27 (0 1 2 1 1 0)
Hop 1: [16-28] 16 (0 1 0 0 0 0) -> 28 (0 1 3 0 0 0)
Hop 1: [42-38] 42 (1 0 2 1 0 0) -> 38 (1 0 1 1 0 0)
Hop 3: [56-43] 42 (1 0 2 1 0 0) -> 43 (1 0 2 1 1 0)
Hop 1: [2-5] 2 (0 0 0 1 0 0) -> 0 (0 0 0 0 0 0)
Hop 2: [1-7] 3 (0 0 0 1 1 0) -> 7 (0 0 1 1 1 0)
Hop 1: [40-45] 40 (1 0 2 0 0 0) -> 44 (1 0 3 0 0 0)
Hop 2: [60-58] 62 (1 1 3 1 0 0) -> 58 (1 1 2 1 0 0)
Hop 1: [35-34] 35 (1 0 0 1 1 0) -> 34 (1 0 0 1 0 0)
Hop 1: [43-40] 43 (1 0 2 1 1 0) -> 41 (1 0 2 0 1 0)
Hop 1: [5-33] 5 (0 0 1 0 1 0) -> 37 (1 0 1 0 1 0)
Hop 1: [44-45] 44 (1 0 3 0 0 0) -> 45 (1 0 3 0 1 0)
Hop 1: [3-24] 3 (0 0 0 1 1 0) -> 1 (0 0 0 0 1 0)
Hop 2: [2-5] 0 (0 0 0 0 0 0) -> 4 (0 0 1 0 0 0)
Hop 1: [22-30] 22 (0 1 1 1 0 0) -> 18 (0 1 0 1 0 0)
Hop 2: [40-45] 44 (1 0 3 0 0 0) -> 45 (1 0 3 0 1 0)
Hop 1: [46-57] 46 (1 0 3 1 0 0) -> 44 (1 0 3 0 0 0)
Hop 1: [17-26] 17 (0 1 0 0 1 0) -> 19 (0 1 0 1 1 0)
Hop 1: [10-25] 10 (0 0 2 1 0 0) -> 8 (0 0 2 0 0 0)
Hop 2: [43-40] 41 (1 0 2 0 1 0) -> 40 (1 0 2 0 0 0)
Hop 2: [5-33] 37 (1 0 1 0 1 0) -> 33 (1 0 0 0 1 0)
Hop 1: [20-4] 20 (0 1 1 0 0 0) -> 4 (0 0 1 0 0 0)
Hop 2: [3-24] 1 (0 0 0 0 1 0) -> 17 (0 1 0 0 1 0)
Hop 1: [62-63] 62 (1 1 3 1 0 0) -> 63 (1 1 3 1 1 0)
Hop 3: [2-5] 4 (0 0 1 0 0 0) -> 5 (0 0 1 0 1 0)
Hop 1: [23-31] 23 (0 1 1 1 1 0) -> 19 (0 1 0 1 1 0)
Hop 2: [22-30] 18 (0 1 0 1 0 0) -> 30 (0 1 3 1 0 0)
Hop 2: [46-57] 44 (1 0 3 0 0 0) -> 60 (1 1 3 0 0 0)
Hop 2: [17-26] 19 (0 1 0 1 1 0) -> 23 (0 1 1 1 1 0)
Hop 2: [10-25] 8 (0 0 2 0 0 0) -> 24 (0 1 2 0 0 0)
Hop 1: [58-54] 58 (1 1 2 1 0 0) -> 54 (1 1 1 1 0 0)
Hop 1: [21-26] 21 (0 1 1 0 1 0) -> 23 (0 1 1 1 1 0)
Hop 1: [41-45] 41 (1 0 2 0 1 0) -> 45 (1 0 3 0 1 0)
Hop 1: [7-2] 7 (0 0 1 1 1 0) -> 3 (0 0 0 1 1 0)
Hop 1: [57-49] 57 (1 1 2 0 1 0) -> 61 (1 1 3 0 1 0)
Hop 3: [3-24] 17 (0 1 0 0 1 0) -> 21 (0 1 1 0 1 0)
Hop 2: [23-31] 19 (0 1 0 1 1 0) -> 31 (0 1 3 1 1 0)
Hop 1: [18-50] 18 (0 1 0 1 0 0) -> 50 (1 1 0 1 0 0)
Hop 3: [46-57] 60 (1 1 3 0 0 0) -> 56 (1 1 2 0 0 0)
Hop 1: [59-63] 59 (1 1 2 1 1 0) -> 63 (1 1 3 1 1 0)
Hop 3: [17-26] 23 (0 1 1 1 1 0) -> 27 (0 1 2 1 1 0)
Hop 3: [10-25] 24 (0 1 2 0 0 0) -> 25 (0 1 2 0 1 0)
Hop 2: [21-26] 23 (0 1 1 1 1 0) -> 27 (0 1 2 1 1 0)
Hop 1: [19-29] 19 (0 1 0 1 1 0) -> 17 (0 1 0 0 1 0)
Hop 1: [16-3] 16 (0 1 0 0 0 0) -> 18 (0 1 0 1 0 0)
Hop 2: [7-2] 3 (0 0 0 1 1 0) -> 2 (0 0 0 1 0 0)
Hop 2: [57-49] 61 (1 1 3 0 1 0) -> 49 (1 1 0 0 1 0)
Hop 1: [42-39] 42 (1 0 2 1 0 0) -> 38 (1 0 1 1 0 0)
Hop 4: [3-24] 21 (0 1 1 0 1 0) -> 25 (0 1 2 0 1 0)
Hop 1: [56-46] 56 (1 1 2 0 0 0) -> 58 (1 1 2 1 0 0)
Hop 1: [1-8] 1 (0 0 0 0 1 0) -> 5 (0 0 1 0 1 0)
Hop 1: [60-61] 60 (1 1 3 0 0 0) -> 61 (1 1 3 0 1 0)
Hop 4: [46-57] 56 (1 1 2 0 0 0) -> 57 (1 1 2 0 1 0)
Hop 4: [17-26] 27 (0 1 2 1 1 0) -> 26 (0 1 2 1 0 0)
Hop 1: [35-37] 35 (1 0 0 1 1 0) -> 33 (1 0 0 0 1 0)
Hop 3: [21-26] 27 (0 1 2 1 1 0) -> 26 (0 1 2 1 0 0)
Hop 2: [19-29] 17 (0 1 0 0 1 0) -> 29 (0 1 3 0 1 0)
Hop 2: [16-3] 18 (0 1 0 1 0 0) -> 2 (0 0 0 1 0 0)
Hop 1: [44-46] 44 (1 0 3 0 0 0) -> 46 (1 0 3 1 0 0)
Hop 2: [42-39] 38 (1 0 1 1 0 0) -> 39 (1 0 1 1 1 0)
Hop 5: [3-24] 25 (0 1 2 0 1 0) -> 24 (0 1 2 0 0 0)
Hop 2: [56-46] 58 (1 1 2 1 0 0) -> 42 (1 0 2 1 0 0)
Hop 2: [1-8] 5 (0 0 1 0 1 0) -> 9 (0 0 2 0 1 0)
Hop 1: [40-56] 40 (1 0 2 0 0 0) -> 56 (1 1 2 0 0 0)
Hop 2: [35-37] 33 (1 0 0 0 1 0) -> 37 (1 0 1 0 1 0)
Hop 1: [43-41] 43 (1 0 2 1 1 0) -> 41 (1 0 2 0 1 0)
Hop 1: [5-37] 5 (0 0 1 0 1 0) -> 37 (1 0 1 0 1 0)
Hop 3: [16-3] 2 (0 0 0 1 0 0) -> 3 (0 0 0 1 1 0)
Hop 1: [20-48] 20 (0 1 1 0 0 0) -> 52 (1 1 1 0 0 0)
Hop 3: [56-46] 42 (1 0 2 1 0 0) -> 46 (1 0 3 1 0 0)
Hop 1: [2-6] 2 (0 0 0 1 0 0) -> 6 (0 0 1 1 0 0)
Hop 1: [22-50] 22 (0 1 1 1 0 0) -> 54 (1 1 1 1 0 0)
Hop 3: [1-8] 9 (0 0 2 0 1 0) -> 8 (0 0 2 0 0 0)
Hop 1: [58-55] 58 (1 1 2 1 0 0) -> 54 (1 1 1 1 0 0)
Hop 1: [41-57] 41 (1 0 2 0 1 0) -> 57 (1 1 2 0 1 0)
Hop 2: [20-48] 52 (1 1 1 0 0 0) -> 48 (1 1 0 0 0 0)
Hop 1: [23-48] 23 (0 1 1 1 1 0) -> 21 (0 1 1 0 1 0)
Hop 2: [22-50] 54 (1 1 1 1 0 0) -> 50 (1 1 0 1 0 0)
Hop 1: [10-26] 10 (0 0 2 1 0 0) -> 26 (0 1 2 1 0 0)
Hop 2: [58-55] 54 (1 1 1 1 0 0) -> 55 (1 1 1 1 1 0)
Hop 1: [7-20] 7 (0 0 1 1 1 0) -> 5 (0 0 1 0 1 0)
Hop 1: [57-51] 57 (1 1 2 0 1 0) -> 59 (1 1 2 1 1 0)
Hop 2: [23-48] 21 (0 1 1 0 1 0) -> 53 (1 1 1 0 1 0)
Hop 1: [60-62] 60 (1 1 3 0 0 0) -> 62 (1 1 3 1 0 0)
Hop 1: [46-60] 46 (1 0 3 1 0 0) -> 44 (1 0 3 0 0 0)
Hop 1: [17-29] 17 (0 1 0 0 1 0) -> 29 (0 1 3 0 1 0)
Hop 1: [21-27] 21 (0 1 1 0 1 0) -> 23 (0 1 1 1 1 0)
Hop 1: [19-3] 19 (0 1 0 1 1 0) -> 3 (0 0 0 1 1 0)
Hop 2: [7-20] 5 (0 0 1 0 1 0) -> 21 (0 1 1 0 1 0)
Hop 1: [44-47] 44 (1 0 3 0 0 0) -> 46 (1 0 3 1 0 0)
Hop 2: [57-51] 59 (1 1 2 1 1 0) -> 63 (1 1 3 1 1 0)
Hop 1: [42-40] 42 (1 0 2 1 0 0) -> 40 (1 0 2 0 0 0)
Hop 1: [3-35] 3 (0 0 0 1 1 0) -> 35 (1 0 0 1 1 0)
Hop 3: [23-48] 53 (1 1 1 0 1 0) -> 49 (1 1 0 0 1 0)
Hop 1: [40-8] 40 (1 0 2 0 0 0) -> 8 (0 0 2 0 0 0)
Hop 2: [46-60] 44 (1 0 3 0 0 0) -> 60 (1 1 3 0 0 0)
Hop 1: [35-38] 35 (1 0 0 1 1 0) -> 39 (1 0 1 1 1 0)
Hop 1: [43-42] 43 (1 0 2 1 1 0) -> 42 (1 0 2 1 0 0)
Hop 1: [5-4] 5 (0 0 1 0 1 0) -> 4 (0 0 1 0 0 0)
Hop 2: [21-27] 23 (0 1 1 1 1 0) -> 27 (0 1 2 1 1 0)
Hop 1: [16-48] 16 (0 1 0 0 0 0) -> 48 (1 1 0 0 0 0)
Hop 3: [7-20] 21 (0 1 1 0 1 0) -> 20 (0 1 1 0 0 0)
Hop 2: [44-47] 46 (1 0 3 1 0 0) -> 47 (1 0 3 1 1 0)
Hop 3: [57-51] 63 (1 1 3 1 1 0) -> 51 (1 1 0 1 1 0)
Hop 1: [56-47] 56 (1 1 2 0 0 0) -> 58 (1 1 2 1 0 0)
Hop 1: [2-7] 2 (0 0 0 1 0 0) -> 6 (0 0 1 1 0 0)
Hop 4: [23-48] 49 (1 1 0 0 1 0) -> 48 (1 1 0 0 0 0)
Hop 1: [1-9] 1 (0 0 0 0 1 0) -> 5 (0 0 1 0 1 0)
Hop 2: [35-38] 39 (1 0 1 1 1 0) -> 38 (1 0 1 1 0 0)
Hop 1: [41-9] 41 (1 0 2 0 1 0) -> 9 (0 0 2 0 1 0)
Hop 1: [20-49] 20 (0 1 1 0 0 0) -> 52 (1 1 1 0 0 0)
Hop 2: [56-47] 58 (1 1 2 1 0 0) -> 42 (1 0 2 1 0 0)
Hop 2: [2-7] 6 (0 0 1 1 0 0) -> 7 (0 0 1 1 1 0)
Hop 1: [22-51] 22 (0 1 1 1 0 0) -> 54 (1 1 1 1 0 0)
Hop 2: [1-9] 5 (0 0 1 0 1 0) -> 9 (0 0 2 0 1 0)
Hop 1: [10-3] 10 (0 0 2 1 0 0) -> 14 (0 0 3 1 0 0)
Hop 1: [58-56] 58 (1 1 2 1 0 0) -> 56 (1 1 2 0 0 0)
Hop 2: [20-49] 52 (1 1 1 0 0 0) -> 48 (1 1 0 0 0 0)
Hop 3: [56-47] 42 (1 0 2 1 0 0) -> 46 (1 0 3 1 0 0)
Hop 2: [22-51] 54 (1 1 1 1 0 0) -> 50 (1 1 0 1 0 0)
Hop 1: [60-63] 60 (1 1 3 0 0 0) -> 62 (1 1 3 1 0 0)
Hop 1: [17-3] 17 (0 1 0 0 1 0) -> 19 (0 1 0 1 1 0)
Hop 2: [10-3] 14 (0 0 3 1 0 0) -> 2 (0 0 0 1 0 0)
Hop 1: [19-51] 19 (0 1 0 1 1 0) -> 51 (1 1 0 1 1 0)
Hop 3: [20-49] 48 (1 1 0 0 0 0) -> 49 (1 1 0 0 1 0)
Hop 1: [42-41] 42 (1 0 2 1 0 0) -> 40 (1 0 2 0 0 0)
Hop 1: [3-6] 3 (0 0 0 1 1 0) -> 7 (0 0 1 1 1 0)
Hop 4: [56-47] 46 (1 0 3 1 0 0) -> 47 (1 0 3 1 1 0)
Hop 3: [22-51] 50 (1 1 0 1 0 0) -> 51 (1 1 0 1 1 0)
Hop 2: [60-63] 62 (1 1 3 1 0 0) -> 63 (1 1 3 1 1 0)
Hop 1: [46-62] 46 (1 0 3 1 0 0) -> 62 (1 1 3 1 0 0)
Hop 2: [17-3] 19 (0 1 0 1 1 0) -> 3 (0 0 0 1 1 0)
Hop 3: [10-3] 2 (0 0 0 1 0 0) -> 3 (0 0 0 1 1 0)
Hop 1: [43-44] 43 (1 0 2 1 1 0) -> 41 (1 0 2 0 1 0)
Hop 1: [5-6] 5 (0 0 1 0 1 0) -> 7 (0 0 1 1 1 0)
Hop 1: [21-28] 21 (0 1 1 0 1 0) -> 17 (0 1 0 0 1 0)
Hop 1: [16-6] 16 (0 1 0 0 0 0) -> 18 (0 1 0 1 0 0)
Hop 1: [7-21] 7 (0 0 1 1 1 0) -> 5 (0 0 1 0 1 0)
Hop 1: [44-60] 44 (1 0 3 0 0 0) -> 60 (1 1 3 0 0 0)
Hop 1: [57-53] 57 (1 1 2 0 1 0) -> 53 (1 1 1 0 1 0)
Hop 2: [42-41] 40 (1 0 2 0 0 0) -> 41 (1 0 2 0 1 0)
Hop 2: [3-6] 7 (0 0 1 1 1 0) -> 6 (0 0 1 1 0 0)
Hop 1: [23-50] 23 (0 1 1 1 1 0) -> 55 (1 1 1 1 1 0)
Hop 1: [35-39] 35 (1 0 0 1 1 0) -> 39 (1 0 1 1 1 0)
Hop 2: [43-44] 41 (1 0 2 0 1 0) -> 45 (1 0 3 0 1 0)
Hop 2: [5-6] 7 (0 0 1 1 1 0) -> 6 (0 0 1 1 0 0)
Hop 2: [21-28] 17 (0 1 0 0 1 0) -> 29 (0 1 3 0 1 0)
Hop 2: [16-6] 18 (0 1 0 1 0 0) -> 2 (0 0 0 1 0 0)
Hop 2: [7-21] 5 (0 0 1 0 1 0) -> 21 (0 1 1 0 1 0)
Hop 2: [23-50] 55 (1 1 1 1 1 0) -> 51 (1 1 0 1 1 0)
Hop 1: [58-57] 58 (1 1 2 1 0 0) -> 56 (1 1 2 0 0 0)
Hop 3: [43-44] 45 (1 0 3 0 1 0) -> 44 (1 0 3 0 0 0)
Hop 3: [21-28] 29 (0 1 3 0 1 0) -> 28 (0 1 3 0 0 0)
Hop 3: [16-6] 2 (0 0 0 1 0 0) -> 6 (0 0 1 1 0 0)
Hop 3: [23-50] 51 (1 1 0 1 1 0) -> 50 (1 1 0 1 0 0)
Hop 2: [58-57] 56 (1 1 2 0 0 0) -> 57 (1 1 2 0 1 0)
Hop 1: [20-52] 20 (0 1 1 0 0 0) -> 52 (1 1 1 0 0 0)
Hop 1: [56-48] 56 (1 1 2 0 0 0) -> 60 (1 1 3 0 0 0)
Hop 1: [22-54] 22 (0 1 1 1 0 0) -> 54 (1 1 1 1 0 0)
Hop 1: [17-49] 17 (0 1 0 0 1 0) -> 49 (1 1 0 0 1 0)
Hop 1: [10-42] 10 (0 0 2 1 0 0) -> 42 (1 0 2 1 0 0)
Hop 1: [57-56] 57 (1 1 2 0 1 0) -> 56 (1 1 2 0 0 0)
Hop 1: [42-43] 42 (1 0 2 1 0 0) -> 43 (1 0 2 1 1 0)
Hop 1: [3-7] 3 (0 0 0 1 1 0) -> 7 (0 0 1 1 1 0)
Hop 2: [56-48] 60 (1 1 3 0 0 0) -> 48 (1 1 0 0 0 0)
Hop 1: [35-42] 35 (1 0 0 1 1 0) -> 39 (1 0 1 1 1 0)
Hop 1: [5-7] 5 (0 0 1 0 1 0) -> 7 (0 0 1 1 1 0)
Hop 1: [7-23] 7 (0 0 1 1 1 0) -> 23 (0 1 1 1 1 0)
Hop 2: [35-42] 39 (1 0 1 1 1 0) -> 43 (1 0 2 1 1 0)
Hop 1: [43-45] 43 (1 0 2 1 1 0) -> 41 (1 0 2 0 1 0)
Hop 1: [21-29] 21 (0 1 1 0 1 0) -> 17 (0 1 0 0 1 0)
Hop 1: [16-7] 16 (0 1 0 0 0 0) -> 18 (0 1 0 1 0 0)
Hop 1: [23-51] 23 (0 1 1 1 1 0) -> 55 (1 1 1 1 1 0)
Hop 3: [35-42] 43 (1 0 2 1 1 0) -> 42 (1 0 2 1 0 0)
Hop 1: [58-59] 58 (1 1 2 1 0 0) -> 59 (1 1 2 1 1 0)
Hop 2: [43-45] 41 (1 0 2 0 1 0) -> 45 (1 0 3 0 1 0)
Hop 2: [21-29] 17 (0 1 0 0 1 0) -> 29 (0 1 3 0 1 0)
Hop 2: [16-7] 18 (0 1 0 1 0 0) -> 2 (0 0 0 1 0 0)
Hop 1: [20-6] 20 (0 1 1 0 0 0) -> 22 (0 1 1 1 0 0)
Hop 2: [23-51] 55 (1 1 1 1 1 0) -> 51 (1 1 0 1 1 0)
Hop 1: [22-6] 22 (0 1 1 1 0 0) -> 6 (0 0 1 1 0 0)
Hop 1: [17-6] 17 (0 1 0 0 1 0) -> 19 (0 1 0 1 1 0)
Hop 1: [10-5] 10 (0 0 2 1 0 0) -> 8 (0 0 2 0 0 0)
Hop 3: [16-7] 2 (0 0 0 1 0 0) -> 6 (0 0 1 1 0 0)
Hop 2: [20-6] 22 (0 1 1 1 0 0) -> 6 (0 0 1 1 0 0)
Hop 1: [57-58] 57 (1 1 2 0 1 0) -> 59 (1 1 2 1 1 0)
Hop 1: [42-44] 42 (1 0 2 1 0 0) -> 40 (1 0 2 0 0 0)
Hop 1: [3-8] 3 (0 0 0 1 1 0) -> 1 (0 0 0 0 1 0)
Hop 1: [56-49] 56 (1 1 2 0 0 0) -> 60 (1 1 3 0 0 0)
Hop 2: [17-6] 19 (0 1 0 1 1 0) -> 3 (0 0 0 1 1 0)
Hop 2: [10-5] 8 (0 0 2 0 0 0) -> 4 (0 0 1 0 0 0)
Hop 1: [5-8] 5 (0 0 1 0 1 0) -> 9 (0 0 2 0 1 0)
Hop 4: [16-7] 6 (0 0 1 1 0 0) -> 7 (0 0 1 1 1 0)
Hop 1: [7-24] 7 (0 0 1 1 1 0) -> 5 (0 0 1 0 1 0)
Hop 2: [57-58] 59 (1 1 2 1 1 0) -> 58 (1 1 2 1 0 0)
Hop 2: [42-44] 40 (1 0 2 0 0 0) -> 44 (1 0 3 0 0 0)
Hop 2: [3-8] 1 (0 0 0 0 1 0) -> 5 (0 0 1 0 1 0)
Hop 2: [56-49] 60 (1 1 3 0 0 0) -> 48 (1 1 0 0 0 0)
Hop 3: [17-6] 3 (0 0 0 1 1 0) -> 7 (0 0 1 1 1 0)
Hop 3: [10-5] 4 (0 0 1 0 0 0) -> 5 (0 0 1 0 1 0)
Hop 2: [5-8] 9 (0 0 2 0 1 0) -> 8 (0 0 2 0 0 0)
Hop 2: [7-24] 5 (0 0 1 0 1 0) -> 21 (0 1 1 0 1 0)
Hop 3: [3-8] 5 (0 0 1 0 1 0) -> 9 (0 0 2 0 1 0)
Hop 3: [56-49] 48 (1 1 0 0 0 0) -> 49 (1 1 0 0 1 0)
Hop 4: [17-6] 7 (0 0 1 1 1 0) -> 6 (0 0 1 1 0 0)
Hop 1: [35-43] 35 (1 0 0 1 1 0) -> 39 (1 0 1 1 1 0)
Hop 1: [58-60] 58 (1 1 2 1 0 0) -> 56 (1 1 2 0 0 0)
Hop 1: [43-46] 43 (1 0 2 1 1 0) -> 47 (1 0 3 1 1 0)
Hop 1: [21-3] 21 (0 1 1 0 1 0) -> 23 (0 1 1 1 1 0)
Hop 3: [7-24] 21 (0 1 1 0 1 0) -> 25 (0 1 2 0 1 0)
Hop 4: [3-8] 9 (0 0 2 0 1 0) -> 8 (0 0 2 0 0 0)
Hop 1: [23-55] 23 (0 1 1 1 1 0) -> 55 (1 1 1 1 1 0)
Hop 2: [35-43] 39 (1 0 1 1 1 0) -> 43 (1 0 2 1 1 0)
Hop 2: [58-60] 56 (1 1 2 0 0 0) -> 60 (1 1 3 0 0 0)
Hop 2: [43-46] 47 (1 0 3 1 1 0) -> 46 (1 0 3 1 0 0)
Hop 2: [21-3] 23 (0 1 1 1 1 0) -> 7 (0 0 1 1 1 0)
Hop 4: [7-24] 25 (0 1 2 0 1 0) -> 24 (0 1 2 0 0 0)
Hop 1: [20-7] 20 (0 1 1 0 0 0) -> 22 (0 1 1 1 0 0)
Hop 3: [21-3] 7 (0 0 1 1 1 0) -> 3 (0 0 0 1 1 0)
Hop 2: [20-7] 22 (0 1 1 1 0 0) -> 6 (0 0 1 1 0 0)
Hop 1: [57-59] 57 (1 1 2 0 1 0) -> 59 (1 1 2 1 1 0)
Hop 1: [42-45] 42 (1 0 2 1 0 0) -> 40 (1 0 2 0 0 0)
Hop 1: [10-6] 10 (0 0 2 1 0 0) -> 6 (0 0 1 1 0 0)
Hop 1: [5-9] 5 (0 0 1 0 1 0) -> 9 (0 0 2 0 1 0)
Hop 3: [20-7] 6 (0 0 1 1 0 0) -> 7 (0 0 1 1 1 0)
Hop 2: [42-45] 40 (1 0 2 0 0 0) -> 44 (1 0 3 0 0 0)
Hop 1: [56-51] 56 (1 1 2 0 0 0) -> 58 (1 1 2 1 0 0)
Hop 1: [17-7] 17 (0 1 0 0 1 0) -> 19 (0 1 0 1 1 0)
Hop 3: [42-45] 44 (1 0 3 0 0 0) -> 45 (1 0 3 0 1 0)
Hop 1: [3-9] 3 (0 0 0 1 1 0) -> 1 (0 0 0 0 1 0)
Hop 2: [56-51] 58 (1 1 2 1 0 0) -> 62 (1 1 3 1 0 0)
Hop 1: [23-7] 23 (0 1 1 1 1 0) -> 7 (0 0 1 1 1 0)
Hop 2: [17-7] 19 (0 1 0 1 1 0) -> 3 (0 0 0 1 1 0)
Hop 1: [35-48] 35 (1 0 0 1 1 0) -> 33 (1 0 0 0 1 0)
Hop 1: [58-61] 58 (1 1 2 1 0 0) -> 56 (1 1 2 0 0 0)
Hop 1: [43-47] 43 (1 0 2 1 1 0) -> 47 (1 0 3 1 1 0)
Hop 1: [7-28] 7 (0 0 1 1 1 0) -> 5 (0 0 1 0 1 0)
Hop 2: [3-9] 1 (0 0 0 0 1 0) -> 5 (0 0 1 0 1 0)
Hop 3: [56-51] 62 (1 1 3 1 0 0) -> 50 (1 1 0 1 0 0)
Hop 3: [17-7] 3 (0 0 0 1 1 0) -> 7 (0 0 1 1 1 0)
Hop 2: [35-48] 33 (1 0 0 0 1 0) -> 49 (1 1 0 0 1 0)
Hop 2: [58-61] 56 (1 1 2 0 0 0) -> 60 (1 1 3 0 0 0)
Hop 1: [21-30] 21 (0 1 1 0 1 0) -> 23 (0 1 1 1 1 0)
Hop 2: [7-28] 5 (0 0 1 0 1 0) -> 21 (0 1 1 0 1 0)
Hop 1: [57-61] 57 (1 1 2 0 1 0) -> 61 (1 1 3 0 1 0)
Hop 3: [3-9] 5 (0 0 1 0 1 0) -> 9 (0 0 2 0 1 0)
Hop 4: [56-51] 50 (1 1 0 1 0 0) -> 51 (1 1 0 1 1 0)
Hop 3: [35-48] 49 (1 1 0 0 1 0) -> 48 (1 1 0 0 0 0)
Hop 1: [10-7] 10 (0 0 2 1 0 0) -> 6 (0 0 1 1 0 0)
Hop 3: [58-61] 60 (1 1 3 0 0 0) -> 61 (1 1 3 0 1 0)
Hop 2: [21-30] 23 (0 1 1 1 1 0) -> 19 (0 1 0 1 1 0)
Hop 3: [7-28] 21 (0 1 1 0 1 0) -> 17 (0 1 0 0 1 0)
Hop 2: [10-7] 6 (0 0 1 1 0 0) -> 7 (0 0 1 1 1 0)
Hop 3: [21-30] 19 (0 1 0 1 1 0) -> 31 (0 1 3 1 1 0)
Hop 4: [7-28] 17 (0 1 0 0 1 0) -> 29 (0 1 3 0 1 0)
Hop 1: [42-46] 42 (1 0 2 1 0 0) -> 46 (1 0 3 1 0 0)
Hop 1: [43-56] 43 (1 0 2 1 1 0) -> 41 (1 0 2 0 1 0)
Hop 4: [21-30] 31 (0 1 3 1 1 0) -> 30 (0 1 3 1 0 0)
Hop 5: [7-28] 29 (0 1 3 0 1 0) -> 28 (0 1 3 0 0 0)
Hop 2: [43-56] 41 (1 0 2 0 1 0) -> 57 (1 1 2 0 1 0)
Hop 1: [57-62] 57 (1 1 2 0 1 0) -> 59 (1 1 2 1 1 0)
Hop 1: [56-52] 56 (1 1 2 0 0 0) -> 52 (1 1 1 0 0 0)
Hop 1: [35-49] 35 (1 0 0 1 1 0) -> 33 (1 0 0 0 1 0)
Hop 1: [58-62] 58 (1 1 2 1 0 0) -> 62 (1 1 3 1 0 0)
Hop 3: [43-56] 57 (1 1 2 0 1 0) -> 56 (1 1 2 0 0 0)
Hop 2: [57-62] 59 (1 1 2 1 1 0) -> 63 (1 1 3 1 1 0)
Hop 2: [35-49] 33 (1 0 0 0 1 0) -> 49 (1 1 0 0 1 0)
Hop 1: [10-8] 10 (0 0 2 1 0 0) -> 8 (0 0 2 0 0 0)
Hop 3: [57-62] 63 (1 1 3 1 1 0) -> 62 (1 1 3 1 0 0)
Hop 1: [42-47] 42 (1 0 2 1 0 0) -> 46 (1 0 3 1 0 0)
Hop 1: [21-35] 21 (0 1 1 0 1 0) -> 23 (0 1 1 1 1 0)
Hop 1: [7-3] 7 (0 0 1 1 1 0) -> 3 (0 0 0 1 1 0)
Hop 2: [42-47] 46 (1 0 3 1 0 0) -> 47 (1 0 3 1 1 0)
Hop 2: [21-35] 23 (0 1 1 1 1 0) -> 7 (0 0 1 1 1 0)
Hop 1: [56-53] 56 (1 1 2 0 0 0) -> 52 (1 1 1 0 0 0)
Hop 1: [58-63] 58 (1 1 2 1 0 0) -> 62 (1 1 3 1 0 0)
Hop 1: [43-57] 43 (1 0 2 1 1 0) -> 41 (1 0 2 0 1 0)
Hop 3: [21-35] 7 (0 0 1 1 1 0) -> 39 (1 0 1 1 1 0)
Hop 2: [56-53] 52 (1 1 1 0 0 0) -> 53 (1 1 1 0 1 0)
Hop 1: [35-51] 35 (1 0 0 1 1 0) -> 51 (1 1 0 1 1 0)
Hop 1: [10-9] 10 (0 0 2 1 0 0) -> 8 (0 0 2 0 0 0)
Hop 2: [58-63] 62 (1 1 3 1 0 0) -> 63 (1 1 3 1 1 0)
Hop 2: [43-57] 41 (1 0 2 0 1 0) -> 57 (1 1 2 0 1 0)
Hop 4: [21-35] 39 (1 0 1 1 1 0) -> 35 (1 0 0 1 1 0)
Hop 1: [57-63] 57 (1 1 2 0 1 0) -> 59 (1 1 2 1 1 0)
Hop 2: [10-9] 8 (0 0 2 0 0 0) -> 9 (0 0 2 0 1 0)
Hop 1: [7-32] 7 (0 0 1 1 1 0) -> 5 (0 0 1 0 1 0)
Hop 2: [57-63] 59 (1 1 2 1 1 0) -> 63 (1 1 3 1 1 0)
Hop 1: [42-49] 42 (1 0 2 1 0 0) -> 40 (1 0 2 0 0 0)
Hop 2: [7-32] 5 (0 0 1 0 1 0) -> 37 (1 0 1 0 1 0)
Hop 2: [42-49] 40 (1 0 2 0 0 0) -> 56 (1 1 2 0 0 0)
Hop 3: [7-32] 37 (1 0 1 0 1 0) -> 33 (1 0 0 0 1 0)
Hop 3: [42-49] 56 (1 1 2 0 0 0) -> 60 (1 1 3 0 0 0)
Hop 1: [56-55] 56 (1 1 2 0 0 0) -> 58 (1 1 2 1 0 0)
Hop 1: [35-56] 35 (1 0 0 1 1 0) -> 33 (1 0 0 0 1 0)
Hop 1: [43-59] 43 (1 0 2 1 1 0) -> 59 (1 1 2 1 1 0)
Hop 1: [21-48] 21 (0 1 1 0 1 0) -> 53 (1 1 1 0 1 0)
Hop 4: [7-32] 33 (1 0 0 0 1 0) -> 32 (1 0 0 0 0 0)
Hop 4: [42-49] 60 (1 1 3 0 0 0) -> 48 (1 1 0 0 0 0)
Hop 2: [56-55] 58 (1 1 2 1 0 0) -> 54 (1 1 1 1 0 0)
Hop 2: [35-56] 33 (1 0 0 0 1 0) -> 49 (1 1 0 0 1 0)
Hop 2: [21-48] 53 (1 1 1 0 1 0) -> 49 (1 1 0 0 1 0)
Hop 5: [42-49] 48 (1 1 0 0 0 0) -> 49 (1 1 0 0 1 0)
Hop 3: [56-55] 54 (1 1 1 1 0 0) -> 55 (1 1 1 1 1 0)
Hop 3: [35-56] 49 (1 1 0 0 1 0) -> 53 (1 1 1 0 1 0)
Hop 3: [21-48] 49 (1 1 0 0 1 0) -> 48 (1 1 0 0 0 0)
Hop 4: [35-56] 53 (1 1 1 0 1 0) -> 57 (1 1 2 0 1 0)
Hop 5: [35-56] 57 (1 1 2 0 1 0) -> 56 (1 1 2 0 0 0)
Hop 1: [7-33] 7 (0 0 1 1 1 0) -> 5 (0 0 1 0 1 0)
Hop 2: [7-33] 5 (0 0 1 0 1 0) -> 37 (1 0 1 0 1 0)
Hop 1: [42-53] 42 (1 0 2 1 0 0) -> 40 (1 0 2 0 0 0)
Hop 1: [56-57] 56 (1 1 2 0 0 0) -> 57 (1 1 2 0 1 0)
Hop 1: [21-49] 21 (0 1 1 0 1 0) -> 53 (1 1 1 0 1 0)
Hop 3: [7-33] 37 (1 0 1 0 1 0) -> 33 (1 0 0 0 1 0)
Hop 2: [42-53] 40 (1 0 2 0 0 0) -> 56 (1 1 2 0 0 0)
Hop 2: [21-49] 53 (1 1 1 0 1 0) -> 49 (1 1 0 0 1 0)
Hop 3: [42-53] 56 (1 1 2 0 0 0) -> 52 (1 1 1 0 0 0)
Hop 1: [35-57] 35 (1 0 0 1 1 0) -> 33 (1 0 0 0 1 0)
Hop 4: [42-53] 52 (1 1 1 0 0 0) -> 53 (1 1 1 0 1 0)
Hop 2: [35-57] 33 (1 0 0 0 1 0) -> 49 (1 1 0 0 1 0)
Hop 1: [56-58] 56 (1 1 2 0 0 0) -> 58 (1 1 2 1 0 0)
Hop 3: [35-57] 49 (1 1 0 0 1 0) -> 53 (1 1 1 0 1 0)
Hop 1: [7-34] 7 (0 0 1 1 1 0) -> 39 (1 0 1 1 1 0)
Hop 4: [35-57] 53 (1 1 1 0 1 0) -> 57 (1 1 2 0 1 0)
Hop 1: [21-5] 21 (0 1 1 0 1 0) -> 5 (0 0 1 0 1 0)
Hop 2: [7-34] 39 (1 0 1 1 1 0) -> 35 (1 0 0 1 1 0)
Hop 3: [7-34] 35 (1 0 0 1 1 0) -> 34 (1 0 0 1 0 0)
Hop 1: [42-56] 42 (1 0 2 1 0 0) -> 40 (1 0 2 0 0 0)
Hop 2: [42-56] 40 (1 0 2 0 0 0) -> 56 (1 1 2 0 0 0)
Hop 1: [56-59] 56 (1 1 2 0 0 0) -> 58 (1 1 2 1 0 0)
Hop 2: [56-59] 58 (1 1 2 1 0 0) -> 59 (1 1 2 1 1 0)
Hop 1: [35-7] 35 (1 0 0 1 1 0) -> 3 (0 0 0 1 1 0)
Hop 1: [21-53] 21 (0 1 1 0 1 0) -> 53 (1 1 1 0 1 0)
Hop 2: [35-7] 3 (0 0 0 1 1 0) -> 7 (0 0 1 1 1 0)
Hop 1: [7-35] 7 (0 0 1 1 1 0) -> 39 (1 0 1 1 1 0)
Hop 2: [7-35] 39 (1 0 1 1 1 0) -> 35 (1 0 0 1 1 0)
Hop 1: [42-58] 42 (1 0 2 1 0 0) -> 58 (1 1 2 1 0 0)
Hop 1: [56-60] 56 (1 1 2 0 0 0) -> 60 (1 1 3 0 0 0)
Hop 1: [21-7] 21 (0 1 1 0 1 0) -> 23 (0 1 1 1 1 0)
Hop 2: [21-7] 23 (0 1 1 1 1 0) -> 7 (0 0 1 1 1 0)
Hop 1: [7-39] 7 (0 0 1 1 1 0) -> 39 (1 0 1 1 1 0)
Hop 1: [56-61] 56 (1 1 2 0 0 0) -> 60 (1 1 3 0 0 0)
Hop 2: [56-61] 60 (1 1 3 0 0 0) -> 61 (1 1 3 0 1 0)
Hop 1: [7-4] 7 (0 0 1 1 1 0) -> 5 (0 0 1 0 1 0)
Hop 2: [7-4] 5 (0 0 1 0 1 0) -> 4 (0 0 1 0 0 0)
Hop 1: [7-5] 7 (0 0 1 1 1 0) -> 5 (0 0 1 0 1 0)
Hop 1: [7-6] 7 (0 0 1 1 1 0) -> 6 (0 0 1 1 0 0)
