Hop 1: [3321-3317] 3321 (5 3 14 1 0) -> 3317 (5 3 13 1 0)
Hop 1: [3317-3316] 3317 (5 3 13 1 0) -> 3316 (5 3 13 0 0)
Hop 1: [3313-3317] 3313 (5 3 12 1 0) -> 3317 (5 3 13 1 0)
Hop 1: [3326-3322] 3326 (5 3 15 2 0) -> 3322 (5 3 14 2 0)
Hop 1: [3331-3327] 3331 (5 4 0 3 0) -> 3391 (5 4 15 3 0)
Hop 2: [3331-3327] 3391 (5 4 15 3 0) -> 3327 (5 3 15 3 0)
Hop 1: [3333-3317] 3333 (5 4 1 1 0) -> 3381 (5 4 13 1 0)
Hop 2: [3333-3317] 3381 (5 4 13 1 0) -> 3317 (5 3 13 1 0)
Hop 1: [3310-3306] 3310 (5 3 11 2 0) -> 3306 (5 3 10 2 0)
Hop 1: [3306-3307] 3306 (5 3 10 2 0) -> 3307 (5 3 10 3 0)
Hop 1: [3322-3306] 3322 (5 3 14 2 0) -> 3306 (5 3 10 2 0)
Hop 1: [3332-3316] 3332 (5 4 1 0 0) -> 3380 (5 4 13 0 0)
Hop 2: [3332-3316] 3380 (5 4 13 0 0) -> 3316 (5 3 13 0 0)
Hop 1: [3334-3318] 3334 (5 4 1 2 0) -> 3382 (5 4 13 2 0)
Hop 2: [3334-3318] 3382 (5 4 13 2 0) -> 3318 (5 3 13 2 0)
Hop 1: [3336-3320] 3336 (5 4 2 0 0) -> 3384 (5 4 14 0 0)
Hop 2: [3336-3320] 3384 (5 4 14 0 0) -> 3320 (5 3 14 0 0)
Hop 1: [3335-3319] 3335 (5 4 1 3 0) -> 3383 (5 4 13 3 0)
Hop 2: [3335-3319] 3383 (5 4 13 3 0) -> 3319 (5 3 13 3 0)
Hop 1: [3328-3324] 3328 (5 4 0 0 0) -> 3388 (5 4 15 0 0)
Hop 2: [3328-3324] 3388 (5 4 15 0 0) -> 3324 (5 3 15 0 0)
Hop 1: [3324-3323] 3324 (5 3 15 0 0) -> 3327 (5 3 15 3 0)
Hop 2: [3324-3323] 3327 (5 3 15 3 0) -> 3323 (5 3 14 3 0)
Hop 1: [3323-3307] 3323 (5 3 14 3 0) -> 3307 (5 3 10 3 0)
Hop 1: [3319-3307] 3319 (5 3 13 3 0) -> 3307 (5 3 10 3 0)
Hop 1: [3316-3317] 3316 (5 3 13 0 0) -> 3317 (5 3 13 1 0)
Hop 1: [3309-3306] 3309 (5 3 11 1 0) -> 3310 (5 3 11 2 0)
Hop 2: [3309-3306] 3310 (5 3 11 2 0) -> 3306 (5 3 10 2 0)
Hop 1: [3307-3306] 3307 (5 3 10 3 0) -> 3306 (5 3 10 2 0)
Hop 1: [3308-3307] 3308 (5 3 11 0 0) -> 3311 (5 3 11 3 0)
Hop 2: [3308-3307] 3311 (5 3 11 3 0) -> 3307 (5 3 10 3 0)
Hop 1: [3311-3307] 3311 (5 3 11 3 0) -> 3307 (5 3 10 3 0)
Hop 1: [3312-3316] 3312 (5 3 12 0 0) -> 3316 (5 3 13 0 0)
Hop 1: [3315-3316] 3315 (5 3 12 3 0) -> 3312 (5 3 12 0 0)
Hop 2: [3315-3316] 3312 (5 3 12 0 0) -> 3316 (5 3 13 0 0)
Hop 1: [3320-3316] 3320 (5 3 14 0 0) -> 3316 (5 3 13 0 0)
Hop 1: [3325-3322] 3325 (5 3 15 1 0) -> 3326 (5 3 15 2 0)
Hop 2: [3325-3322] 3326 (5 3 15 2 0) -> 3322 (5 3 14 2 0)
Hop 1: [3337-3321] 3337 (5 4 2 1 0) -> 3385 (5 4 14 1 0)
Hop 2: [3337-3321] 3385 (5 4 14 1 0) -> 3321 (5 3 14 1 0)
Hop 1: [3330-3326] 3330 (5 4 0 2 0) -> 3390 (5 4 15 2 0)
Hop 2: [3330-3326] 3390 (5 4 15 2 0) -> 3326 (5 3 15 2 0)
Hop 1: [3318-3306] 3318 (5 3 13 2 0) -> 3306 (5 3 10 2 0)
Hop 1: [3327-3323] 3327 (5 3 15 3 0) -> 3323 (5 3 14 3 0)
Hop 1: [3314-3317] 3314 (5 3 12 2 0) -> 3313 (5 3 12 1 0)
Hop 2: [3314-3317] 3313 (5 3 12 1 0) -> 3317 (5 3 13 1 0)
Hop 1: [3317-3321] 3317 (5 3 13 1 0) -> 3321 (5 3 14 1 0)
Hop 1: [3321-3318] 3321 (5 3 14 1 0) -> 3322 (5 3 14 2 0)
Hop 2: [3321-3318] 3322 (5 3 14 2 0) -> 3318 (5 3 13 2 0)
Hop 1: [3313-3329] 3313 (5 3 12 1 0) -> 3265 (5 3 0 1 0)
Hop 1: [3326-3327] 3326 (5 3 15 2 0) -> 3327 (5 3 15 3 0)
Hop 1: [3331-3330] 3331 (5 4 0 3 0) -> 3330 (5 4 0 2 0)
Hop 1: [3333-3329] 3333 (5 4 1 1 0) -> 3329 (5 4 0 1 0)
Hop 2: [3313-3329] 3265 (5 3 0 1 0) -> 3329 (5 4 0 1 0)
Hop 1: [3310-3326] 3310 (5 3 11 2 0) -> 3326 (5 3 15 2 0)
Hop 1: [3319-3318] 3319 (5 3 13 3 0) -> 3318 (5 3 13 2 0)
Hop 1: [3322-3323] 3322 (5 3 14 2 0) -> 3323 (5 3 14 3 0)
Hop 1: [3324-3325] 3324 (5 3 15 0 0) -> 3325 (5 3 15 1 0)
Hop 1: [3332-3328] 3332 (5 4 1 0 0) -> 3328 (5 4 0 0 0)
Hop 1: [3334-3322] 3334 (5 4 1 2 0) -> 3386 (5 4 14 2 0)
Hop 2: [3334-3322] 3386 (5 4 14 2 0) -> 3322 (5 3 14 2 0)
Hop 1: [3335-3323] 3335 (5 4 1 3 0) -> 3387 (5 4 14 3 0)
Hop 2: [3335-3323] 3387 (5 4 14 3 0) -> 3323 (5 3 14 3 0)
Hop 1: [3336-3324] 3336 (5 4 2 0 0) -> 3388 (5 4 15 0 0)
Hop 2: [3336-3324] 3388 (5 4 15 0 0) -> 3324 (5 3 15 0 0)
Hop 1: [3328-3327] 3328 (5 4 0 0 0) -> 3331 (5 4 0 3 0)
Hop 2: [3328-3327] 3331 (5 4 0 3 0) -> 3391 (5 4 15 3 0)
Hop 1: [3323-3322] 3323 (5 3 14 3 0) -> 3322 (5 3 14 2 0)
Hop 1: [3316-3320] 3316 (5 3 13 0 0) -> 3320 (5 3 14 0 0)
Hop 1: [3312-3308] 3312 (5 3 12 0 0) -> 3308 (5 3 11 0 0)
Hop 1: [3307-3319] 3307 (5 3 10 3 0) -> 3319 (5 3 13 3 0)
Hop 1: [3306-3318] 3306 (5 3 10 2 0) -> 3318 (5 3 13 2 0)
Hop 1: [3308-3320] 3308 (5 3 11 0 0) -> 3320 (5 3 14 0 0)
Hop 1: [3309-3321] 3309 (5 3 11 1 0) -> 3321 (5 3 14 1 0)
Hop 1: [3311-3327] 3311 (5 3 11 3 0) -> 3327 (5 3 15 3 0)
Hop 1: [3315-3319] 3315 (5 3 12 3 0) -> 3319 (5 3 13 3 0)
Hop 1: [3318-3319] 3318 (5 3 13 2 0) -> 3319 (5 3 13 3 0)
Hop 1: [3320-3319] 3320 (5 3 14 0 0) -> 3323 (5 3 14 3 0)
Hop 1: [3325-3324] 3325 (5 3 15 1 0) -> 3324 (5 3 15 0 0)
Hop 3: [3328-3327] 3391 (5 4 15 3 0) -> 3327 (5 3 15 3 0)
Hop 1: [3330-3331] 3330 (5 4 0 2 0) -> 3331 (5 4 0 3 0)
Hop 1: [3337-3325] 3337 (5 4 2 1 0) -> 3389 (5 4 15 1 0)
Hop 2: [3337-3325] 3389 (5 4 15 1 0) -> 3325 (5 3 15 1 0)
Hop 2: [3320-3319] 3323 (5 3 14 3 0) -> 3319 (5 3 13 3 0)
Hop 1: [3327-3326] 3327 (5 3 15 3 0) -> 3326 (5 3 15 2 0)
Hop 1: [3314-3318] 3314 (5 3 12 2 0) -> 3318 (5 3 13 2 0)
Hop 1: [3321-3320] 3321 (5 3 14 1 0) -> 3320 (5 3 14 0 0)
Hop 1: [3317-3333] 3317 (5 3 13 1 0) -> 3269 (5 3 1 1 0)
Hop 2: [3317-3333] 3269 (5 3 1 1 0) -> 3333 (5 4 1 1 0)
Hop 1: [3333-3330] 3333 (5 4 1 1 0) -> 3334 (5 4 1 2 0)
Hop 2: [3333-3330] 3334 (5 4 1 2 0) -> 3330 (5 4 0 2 0)
Hop 1: [3331-3332] 3331 (5 4 0 3 0) -> 3328 (5 4 0 0 0)
Hop 2: [3331-3332] 3328 (5 4 0 0 0) -> 3332 (5 4 1 0 0)
Hop 1: [3326-3329] 3326 (5 3 15 2 0) -> 3325 (5 3 15 1 0)
Hop 2: [3326-3329] 3325 (5 3 15 1 0) -> 3265 (5 3 0 1 0)
Hop 1: [3313-3309] 3313 (5 3 12 1 0) -> 3309 (5 3 11 1 0)
Hop 1: [3310-3311] 3310 (5 3 11 2 0) -> 3311 (5 3 11 3 0)
Hop 3: [3326-3329] 3265 (5 3 0 1 0) -> 3329 (5 4 0 1 0)
Hop 1: [3336-3332] 3336 (5 4 2 0 0) -> 3332 (5 4 1 0 0)
Hop 1: [3335-3331] 3335 (5 4 1 3 0) -> 3331 (5 4 0 3 0)
Hop 1: [3334-3330] 3334 (5 4 1 2 0) -> 3330 (5 4 0 2 0)
Hop 1: [3332-3331] 3332 (5 4 1 0 0) -> 3335 (5 4 1 3 0)
Hop 2: [3332-3331] 3335 (5 4 1 3 0) -> 3331 (5 4 0 3 0)
Hop 1: [3324-3308] 3324 (5 3 15 0 0) -> 3308 (5 3 11 0 0)
Hop 1: [3322-3325] 3322 (5 3 14 2 0) -> 3321 (5 3 14 1 0)
Hop 2: [3322-3325] 3321 (5 3 14 1 0) -> 3325 (5 3 15 1 0)
Hop 1: [3319-3320] 3319 (5 3 13 3 0) -> 3316 (5 3 13 0 0)
Hop 2: [3319-3320] 3316 (5 3 13 0 0) -> 3320 (5 3 14 0 0)
Hop 1: [3307-3323] 3307 (5 3 10 3 0) -> 3323 (5 3 14 3 0)
Hop 1: [3309-3325] 3309 (5 3 11 1 0) -> 3325 (5 3 15 1 0)
Hop 1: [3311-3310] 3311 (5 3 11 3 0) -> 3310 (5 3 11 2 0)
Hop 1: [3312-3328] 3312 (5 3 12 0 0) -> 3264 (5 3 0 0 0)
Hop 2: [3312-3328] 3264 (5 3 0 0 0) -> 3328 (5 4 0 0 0)
Hop 1: [3316-3332] 3316 (5 3 13 0 0) -> 3268 (5 3 1 0 0)
Hop 2: [3316-3332] 3268 (5 3 1 0 0) -> 3332 (5 4 1 0 0)
Hop 1: [3320-3321] 3320 (5 3 14 0 0) -> 3321 (5 3 14 1 0)
Hop 1: [3323-3324] 3323 (5 3 14 3 0) -> 3320 (5 3 14 0 0)
Hop 2: [3323-3324] 3320 (5 3 14 0 0) -> 3324 (5 3 15 0 0)
Hop 1: [3328-3329] 3328 (5 4 0 0 0) -> 3329 (5 4 0 1 0)
Hop 1: [3330-3333] 3330 (5 4 0 2 0) -> 3329 (5 4 0 1 0)
Hop 2: [3330-3333] 3329 (5 4 0 1 0) -> 3333 (5 4 1 1 0)
Hop 1: [3325-3329] 3325 (5 3 15 1 0) -> 3265 (5 3 0 1 0)
Hop 2: [3325-3329] 3265 (5 3 0 1 0) -> 3329 (5 4 0 1 0)
Hop 1: [3315-3331] 3315 (5 3 12 3 0) -> 3267 (5 3 0 3 0)
Hop 2: [3315-3331] 3267 (5 3 0 3 0) -> 3331 (5 4 0 3 0)
Hop 1: [3308-3324] 3308 (5 3 11 0 0) -> 3324 (5 3 15 0 0)
Hop 1: [3306-3322] 3306 (5 3 10 2 0) -> 3322 (5 3 14 2 0)
Hop 1: [3318-3321] 3318 (5 3 13 2 0) -> 3317 (5 3 13 1 0)
Hop 2: [3318-3321] 3317 (5 3 13 1 0) -> 3321 (5 3 14 1 0)
Hop 1: [3337-3333] 3337 (5 4 2 1 0) -> 3333 (5 4 1 1 0)
Hop 1: [3314-3330] 3314 (5 3 12 2 0) -> 3266 (5 3 0 2 0)
Hop 2: [3314-3330] 3266 (5 3 0 2 0) -> 3330 (5 4 0 2 0)
Hop 1: [3327-3328] 3327 (5 3 15 3 0) -> 3324 (5 3 15 0 0)
Hop 2: [3327-3328] 3324 (5 3 15 0 0) -> 3264 (5 3 0 0 0)
Hop 3: [3327-3328] 3264 (5 3 0 0 0) -> 3328 (5 4 0 0 0)
Hop 1: [3321-3309] 3321 (5 3 14 1 0) -> 3309 (5 3 11 1 0)
Hop 1: [3317-3313] 3317 (5 3 13 1 0) -> 3313 (5 3 12 1 0)
Hop 1: [3333-3332] 3333 (5 4 1 1 0) -> 3332 (5 4 1 0 0)
Hop 1: [3331-3335] 3331 (5 4 0 3 0) -> 3335 (5 4 1 3 0)
Hop 1: [3326-3330] 3326 (5 3 15 2 0) -> 3266 (5 3 0 2 0)
Hop 2: [3326-3330] 3266 (5 3 0 2 0) -> 3330 (5 4 0 2 0)
Hop 1: [3313-3310] 3313 (5 3 12 1 0) -> 3314 (5 3 12 2 0)
Hop 2: [3313-3310] 3314 (5 3 12 2 0) -> 3310 (5 3 11 2 0)
Hop 1: [3310-3313] 3310 (5 3 11 2 0) -> 3309 (5 3 11 1 0)
Hop 2: [3310-3313] 3309 (5 3 11 1 0) -> 3313 (5 3 12 1 0)
Hop 1: [3319-3335] 3319 (5 3 13 3 0) -> 3271 (5 3 1 3 0)
Hop 2: [3319-3335] 3271 (5 3 1 3 0) -> 3335 (5 4 1 3 0)
Hop 1: [3332-3333] 3332 (5 4 1 0 0) -> 3333 (5 4 1 1 0)
Hop 1: [3334-3335] 3334 (5 4 1 2 0) -> 3335 (5 4 1 3 0)
Hop 1: [3335-3334] 3335 (5 4 1 3 0) -> 3334 (5 4 1 2 0)
Hop 1: [3336-3335] 3336 (5 4 2 0 0) -> 3339 (5 4 2 3 0)
Hop 2: [3336-3335] 3339 (5 4 2 3 0) -> 3335 (5 4 1 3 0)
Hop 1: [3324-3328] 3324 (5 3 15 0 0) -> 3264 (5 3 0 0 0)
Hop 2: [3324-3328] 3264 (5 3 0 0 0) -> 3328 (5 4 0 0 0)
Hop 1: [3323-3327] 3323 (5 3 14 3 0) -> 3327 (5 3 15 3 0)
Hop 1: [3322-3326] 3322 (5 3 14 2 0) -> 3326 (5 3 15 2 0)
Hop 1: [3316-3312] 3316 (5 3 13 0 0) -> 3312 (5 3 12 0 0)
Hop 1: [3309-3308] 3309 (5 3 11 1 0) -> 3308 (5 3 11 0 0)
Hop 1: [3311-3312] 3311 (5 3 11 3 0) -> 3308 (5 3 11 0 0)
Hop 2: [3311-3312] 3308 (5 3 11 0 0) -> 3312 (5 3 12 0 0)
Hop 1: [3312-3311] 3312 (5 3 12 0 0) -> 3315 (5 3 12 3 0)
Hop 2: [3312-3311] 3315 (5 3 12 3 0) -> 3311 (5 3 11 3 0)
Hop 1: [3320-3308] 3320 (5 3 14 0 0) -> 3308 (5 3 11 0 0)
Hop 1: [3328-3332] 3328 (5 4 0 0 0) -> 3332 (5 4 1 0 0)
Hop 1: [3315-3311] 3315 (5 3 12 3 0) -> 3311 (5 3 11 3 0)
Hop 1: [3308-3309] 3308 (5 3 11 0 0) -> 3309 (5 3 11 1 0)
Hop 1: [3307-3308] 3307 (5 3 10 3 0) -> 3304 (5 3 10 0 0)
Hop 2: [3307-3308] 3304 (5 3 10 0 0) -> 3308 (5 3 11 0 0)
Hop 1: [3318-3334] 3318 (5 3 13 2 0) -> 3270 (5 3 1 2 0)
Hop 2: [3318-3334] 3270 (5 3 1 2 0) -> 3334 (5 4 1 2 0)
Hop 1: [3325-3309] 3325 (5 3 15 1 0) -> 3309 (5 3 11 1 0)
Hop 1: [3330-3334] 3330 (5 4 0 2 0) -> 3334 (5 4 1 2 0)
Hop 1: [3337-3334] 3337 (5 4 2 1 0) -> 3338 (5 4 2 2 0)
Hop 2: [3337-3334] 3338 (5 4 2 2 0) -> 3334 (5 4 1 2 0)
Hop 1: [3327-3331] 3327 (5 3 15 3 0) -> 3267 (5 3 0 3 0)
Hop 2: [3327-3331] 3267 (5 3 0 3 0) -> 3331 (5 4 0 3 0)
Hop 1: [3314-3310] 3314 (5 3 12 2 0) -> 3310 (5 3 11 2 0)
Hop 1: [3306-3309] 3306 (5 3 10 2 0) -> 3305 (5 3 10 1 0)
Hop 2: [3306-3309] 3305 (5 3 10 1 0) -> 3309 (5 3 11 1 0)
Hop 1: [3317-3314] 3317 (5 3 13 1 0) -> 3318 (5 3 13 2 0)
Hop 2: [3317-3314] 3318 (5 3 13 2 0) -> 3314 (5 3 12 2 0)
Hop 1: [3321-3337] 3321 (5 3 14 1 0) -> 3273 (5 3 2 1 0)
Hop 2: [3321-3337] 3273 (5 3 2 1 0) -> 3337 (5 4 2 1 0)
Hop 1: [3333-3337] 3333 (5 4 1 1 0) -> 3337 (5 4 2 1 0)
Hop 1: [3331-3315] 3331 (5 4 0 3 0) -> 3379 (5 4 12 3 0)
Hop 2: [3331-3315] 3379 (5 4 12 3 0) -> 3315 (5 3 12 3 0)
Hop 1: [3329-3325] 3329 (5 4 0 1 0) -> 3389 (5 4 15 1 0)
Hop 2: [3329-3325] 3389 (5 4 15 1 0) -> 3325 (5 3 15 1 0)
Hop 1: [3313-3312] 3313 (5 3 12 1 0) -> 3312 (5 3 12 0 0)
Hop 1: [3326-3310] 3326 (5 3 15 2 0) -> 3310 (5 3 11 2 0)
Hop 1: [3336-3337] 3336 (5 4 2 0 0) -> 3337 (5 4 2 1 0)
Hop 1: [3335-3336] 3335 (5 4 1 3 0) -> 3332 (5 4 1 0 0)
Hop 2: [3335-3336] 3332 (5 4 1 0 0) -> 3336 (5 4 2 0 0)
Hop 1: [3334-3337] 3334 (5 4 1 2 0) -> 3333 (5 4 1 1 0)
Hop 2: [3334-3337] 3333 (5 4 1 1 0) -> 3337 (5 4 2 1 0)
Hop 1: [3332-3336] 3332 (5 4 1 0 0) -> 3336 (5 4 2 0 0)
Hop 1: [3329-3326] 3329 (5 4 0 1 0) -> 3330 (5 4 0 2 0)
Hop 2: [3329-3326] 3330 (5 4 0 2 0) -> 3390 (5 4 15 2 0)
Hop 1: [3319-3315] 3319 (5 3 13 3 0) -> 3315 (5 3 12 3 0)
Hop 1: [3310-3314] 3310 (5 3 11 2 0) -> 3314 (5 3 12 2 0)
Hop 1: [3309-3313] 3309 (5 3 11 1 0) -> 3313 (5 3 12 1 0)
Hop 1: [3312-3313] 3312 (5 3 12 0 0) -> 3313 (5 3 12 1 0)
Hop 1: [3316-3315] 3316 (5 3 13 0 0) -> 3319 (5 3 13 3 0)
Hop 2: [3316-3315] 3319 (5 3 13 3 0) -> 3315 (5 3 12 3 0)
Hop 1: [3320-3336] 3320 (5 3 14 0 0) -> 3272 (5 3 2 0 0)
Hop 2: [3320-3336] 3272 (5 3 2 0 0) -> 3336 (5 4 2 0 0)
Hop 1: [3322-3334] 3322 (5 3 14 2 0) -> 3270 (5 3 1 2 0)
Hop 2: [3322-3334] 3270 (5 3 1 2 0) -> 3334 (5 4 1 2 0)
Hop 1: [3323-3335] 3323 (5 3 14 3 0) -> 3271 (5 3 1 3 0)
Hop 2: [3323-3335] 3271 (5 3 1 3 0) -> 3335 (5 4 1 3 0)
Hop 1: [3324-3336] 3324 (5 3 15 0 0) -> 3272 (5 3 2 0 0)
Hop 2: [3324-3336] 3272 (5 3 2 0 0) -> 3336 (5 4 2 0 0)
Hop 3: [3329-3326] 3390 (5 4 15 2 0) -> 3326 (5 3 15 2 0)
Hop 1: [3328-3312] 3328 (5 4 0 0 0) -> 3376 (5 4 12 0 0)
Hop 2: [3328-3312] 3376 (5 4 12 0 0) -> 3312 (5 3 12 0 0)
Hop 1: [3318-3314] 3318 (5 3 13 2 0) -> 3314 (5 3 12 2 0)
Hop 1: [3315-3314] 3315 (5 3 12 3 0) -> 3314 (5 3 12 2 0)
Hop 1: [3311-3315] 3311 (5 3 11 3 0) -> 3315 (5 3 12 3 0)
Hop 1: [3308-3312] 3308 (5 3 11 0 0) -> 3312 (5 3 12 0 0)
Hop 1: [3307-3311] 3307 (5 3 10 3 0) -> 3311 (5 3 11 3 0)
Hop 1: [3325-3337] 3325 (5 3 15 1 0) -> 3273 (5 3 2 1 0)
Hop 2: [3325-3337] 3273 (5 3 2 1 0) -> 3337 (5 4 2 1 0)
Hop 1: [3329-3328] 3329 (5 4 0 1 0) -> 3328 (5 4 0 0 0)
Hop 1: [3330-3314] 3330 (5 4 0 2 0) -> 3378 (5 4 12 2 0)
Hop 2: [3330-3314] 3378 (5 4 12 2 0) -> 3314 (5 3 12 2 0)
Hop 1: [3337-3336] 3337 (5 4 2 1 0) -> 3336 (5 4 2 0 0)
Hop 1: [3329-3333] 3329 (5 4 0 1 0) -> 3333 (5 4 1 1 0)
Hop 1: [3329-3313] 3329 (5 4 0 1 0) -> 3377 (5 4 12 1 0)
Hop 2: [3329-3313] 3377 (5 4 12 1 0) -> 3313 (5 3 12 1 0)
Hop 1: [3327-3311] 3327 (5 3 15 3 0) -> 3311 (5 3 11 3 0)
Hop 1: [3314-3315] 3314 (5 3 12 2 0) -> 3315 (5 3 12 3 0)
Hop 1: [3306-3310] 3306 (5 3 10 2 0) -> 3310 (5 3 11 2 0)
