Hop 1: [18-17] 18 (1 0 0 1 0 0) -> 16 (1 0 0 0 0 0)
Hop 2: [18-17] 16 (1 0 0 0 0 0) -> 17 (1 0 0 0 1 0)
Hop 1: [10-11] 10 (0 1 0 1 0 0) -> 11 (0 1 0 1 1 0)
Hop 1: [30-14] 30 (1 1 1 1 0 0) -> 14 (0 1 1 1 0 0)
Hop 1: [15-11] 15 (0 1 1 1 1 0) -> 11 (0 1 0 1 1 0)
Hop 1: [17-1] 17 (1 0 0 0 1 0) -> 1 (0 0 0 0 1 0)
Hop 1: [27-11] 27 (1 1 0 1 1 0) -> 11 (0 1 0 1 1 0)
Hop 1: [13-1] 13 (0 1 1 0 1 0) -> 9 (0 1 0 0 1 0)
Hop 1: [5-1] 5 (0 0 1 0 1 0) -> 1 (0 0 0 0 1 0)
Hop 1: [31-15] 31 (1 1 1 1 1 0) -> 15 (0 1 1 1 1 0)
Hop 1: [4-0] 4 (0 0 1 0 0 0) -> 0 (0 0 0 0 0 0)
Hop 1: [22-18] 22 (1 0 1 1 0 0) -> 18 (1 0 0 1 0 0)
Hop 1: [29-13] 29 (1 1 1 0 1 0) -> 13 (0 1 1 0 1 0)
Hop 1: [0-1] 0 (0 0 0 0 0 0) -> 1 (0 0 0 0 1 0)
Hop 1: [28-12] 28 (1 1 1 0 0 0) -> 12 (0 1 1 0 0 0)
Hop 1: [25-21] 25 (1 1 0 0 1 0) -> 29 (1 1 1 0 1 0)
Hop 2: [13-1] 9 (0 1 0 0 1 0) -> 1 (0 0 0 0 1 0)
Hop 1: [6-10] 6 (0 0 1 1 0 0) -> 2 (0 0 0 1 0 0)
Hop 1: [2-1] 2 (0 0 0 1 0 0) -> 0 (0 0 0 0 0 0)
Hop 1: [26-10] 26 (1 1 0 1 0 0) -> 10 (0 1 0 1 0 0)
Hop 1: [1-0] 1 (0 0 0 0 1 0) -> 0 (0 0 0 0 0 0)
Hop 1: [21-17] 21 (1 0 1 0 1 0) -> 17 (1 0 0 0 1 0)
Hop 1: [23-19] 23 (1 0 1 1 1 0) -> 19 (1 0 0 1 1 0)
Hop 1: [11-10] 11 (0 1 0 1 1 0) -> 10 (0 1 0 1 0 0)
Hop 1: [16-0] 16 (1 0 0 0 0 0) -> 0 (0 0 0 0 0 0)
Hop 1: [12-0] 12 (0 1 1 0 0 0) -> 8 (0 1 0 0 0 0)
Hop 1: [9-10] 9 (0 1 0 0 1 0) -> 11 (0 1 0 1 1 0)
Hop 1: [24-20] 24 (1 1 0 0 0 0) -> 28 (1 1 1 0 0 0)
Hop 1: [8-11] 8 (0 1 0 0 0 0) -> 10 (0 1 0 1 0 0)
Hop 1: [20-16] 20 (1 0 1 0 0 0) -> 16 (1 0 0 0 0 0)
Hop 1: [7-11] 7 (0 0 1 1 1 0) -> 3 (0 0 0 1 1 0)
Hop 1: [3-0] 3 (0 0 0 1 1 0) -> 1 (0 0 0 0 1 0)
Hop 1: [14-10] 14 (0 1 1 1 0 0) -> 10 (0 1 0 1 0 0)
Hop 1: [19-16] 19 (1 0 0 1 1 0) -> 17 (1 0 0 0 1 0)
Hop 2: [25-21] 29 (1 1 1 0 1 0) -> 21 (1 0 1 0 1 0)
Hop 2: [6-10] 2 (0 0 0 1 0 0) -> 10 (0 1 0 1 0 0)
Hop 2: [2-1] 0 (0 0 0 0 0 0) -> 1 (0 0 0 0 1 0)
Hop 2: [12-0] 8 (0 1 0 0 0 0) -> 0 (0 0 0 0 0 0)
Hop 2: [9-10] 11 (0 1 0 1 1 0) -> 10 (0 1 0 1 0 0)
Hop 2: [24-20] 28 (1 1 1 0 0 0) -> 20 (1 0 1 0 0 0)
Hop 2: [8-11] 10 (0 1 0 1 0 0) -> 11 (0 1 0 1 1 0)
Hop 2: [7-11] 3 (0 0 0 1 1 0) -> 11 (0 1 0 1 1 0)
Hop 2: [3-0] 1 (0 0 0 0 1 0) -> 0 (0 0 0 0 0 0)
Hop 2: [19-16] 17 (1 0 0 0 1 0) -> 16 (1 0 0 0 0 0)
Hop 1: [19-18] 19 (1 0 0 1 1 0) -> 18 (1 0 0 1 0 0)
Hop 1: [25-24] 25 (1 1 0 0 1 0) -> 24 (1 1 0 0 0 0)
Hop 1: [3-15] 3 (0 0 0 1 1 0) -> 7 (0 0 1 1 1 0)
Hop 1: [23-20] 23 (1 0 1 1 1 0) -> 21 (1 0 1 0 1 0)
Hop 1: [9-13] 9 (0 1 0 0 1 0) -> 13 (0 1 1 0 1 0)
Hop 1: [6-2] 6 (0 0 1 1 0 0) -> 2 (0 0 0 1 0 0)
Hop 1: [7-23] 7 (0 0 1 1 1 0) -> 23 (1 0 1 1 1 0)
Hop 1: [17-16] 17 (1 0 0 0 1 0) -> 16 (1 0 0 0 0 0)
Hop 1: [13-12] 13 (0 1 1 0 1 0) -> 12 (0 1 1 0 0 0)
Hop 1: [29-17] 29 (1 1 1 0 1 0) -> 25 (1 1 0 0 1 0)
Hop 1: [5-21] 5 (0 0 1 0 1 0) -> 21 (1 0 1 0 1 0)
Hop 1: [28-16] 28 (1 1 1 0 0 0) -> 24 (1 1 0 0 0 0)
Hop 1: [10-14] 10 (0 1 0 1 0 0) -> 14 (0 1 1 1 0 0)
Hop 1: [30-18] 30 (1 1 1 1 0 0) -> 26 (1 1 0 1 0 0)
Hop 1: [14-13] 14 (0 1 1 1 0 0) -> 12 (0 1 1 0 0 0)
Hop 1: [16-17] 16 (1 0 0 0 0 0) -> 17 (1 0 0 0 1 0)
Hop 1: [11-15] 11 (0 1 0 1 1 0) -> 15 (0 1 1 1 1 0)
Hop 1: [26-22] 26 (1 1 0 1 0 0) -> 30 (1 1 1 1 0 0)
Hop 1: [4-20] 4 (0 0 1 0 0 0) -> 20 (1 0 1 0 0 0)
Hop 1: [31-19] 31 (1 1 1 1 1 0) -> 27 (1 1 0 1 1 0)
Hop 1: [8-12] 8 (0 1 0 0 0 0) -> 12 (0 1 1 0 0 0)
Hop 1: [21-20] 21 (1 0 1 0 1 0) -> 20 (1 0 1 0 0 0)
Hop 1: [2-14] 2 (0 0 0 1 0 0) -> 6 (0 0 1 1 0 0)
Hop 1: [27-23] 27 (1 1 0 1 1 0) -> 31 (1 1 1 1 1 0)
Hop 1: [15-12] 15 (0 1 1 1 1 0) -> 13 (0 1 1 0 1 0)
Hop 1: [22-21] 22 (1 0 1 1 0 0) -> 20 (1 0 1 0 0 0)
Hop 1: [1-13] 1 (0 0 0 0 1 0) -> 5 (0 0 1 0 1 0)
Hop 1: [24-25] 24 (1 1 0 0 0 0) -> 25 (1 1 0 0 1 0)
Hop 1: [12-13] 12 (0 1 1 0 0 0) -> 13 (0 1 1 0 1 0)
Hop 1: [18-19] 18 (1 0 0 1 0 0) -> 19 (1 0 0 1 1 0)
Hop 1: [0-12] 0 (0 0 0 0 0 0) -> 4 (0 0 1 0 0 0)
Hop 1: [20-21] 20 (1 0 1 0 0 0) -> 21 (1 0 1 0 1 0)
Hop 2: [3-15] 7 (0 0 1 1 1 0) -> 15 (0 1 1 1 1 0)
Hop 2: [23-20] 21 (1 0 1 0 1 0) -> 20 (1 0 1 0 0 0)
Hop 2: [29-17] 25 (1 1 0 0 1 0) -> 17 (1 0 0 0 1 0)
Hop 2: [28-16] 24 (1 1 0 0 0 0) -> 16 (1 0 0 0 0 0)
Hop 2: [14-13] 12 (0 1 1 0 0 0) -> 13 (0 1 1 0 1 0)
Hop 2: [30-18] 26 (1 1 0 1 0 0) -> 18 (1 0 0 1 0 0)
Hop 2: [26-22] 30 (1 1 1 1 0 0) -> 22 (1 0 1 1 0 0)
Hop 2: [31-19] 27 (1 1 0 1 1 0) -> 19 (1 0 0 1 1 0)
Hop 2: [2-14] 6 (0 0 1 1 0 0) -> 14 (0 1 1 1 0 0)
Hop 2: [27-23] 31 (1 1 1 1 1 0) -> 23 (1 0 1 1 1 0)
Hop 2: [15-12] 13 (0 1 1 0 1 0) -> 12 (0 1 1 0 0 0)
Hop 2: [22-21] 20 (1 0 1 0 0 0) -> 21 (1 0 1 0 1 0)
Hop 2: [1-13] 5 (0 0 1 0 1 0) -> 13 (0 1 1 0 1 0)
Hop 2: [0-12] 4 (0 0 1 0 0 0) -> 12 (0 1 1 0 0 0)
Hop 1: [11-27] 11 (0 1 0 1 1 0) -> 27 (1 1 0 1 1 0)
Hop 1: [22-23] 22 (1 0 1 1 0 0) -> 23 (1 0 1 1 1 0)
Hop 1: [10-26] 10 (0 1 0 1 0 0) -> 26 (1 1 0 1 0 0)
Hop 1: [29-25] 29 (1 1 1 0 1 0) -> 25 (1 1 0 0 1 0)
Hop 1: [8-24] 8 (0 1 0 0 0 0) -> 24 (1 1 0 0 0 0)
Hop 1: [20-23] 20 (1 0 1 0 0 0) -> 22 (1 0 1 1 0 0)
Hop 1: [2-18] 2 (0 0 0 1 0 0) -> 18 (1 0 0 1 0 0)
Hop 1: [23-22] 23 (1 0 1 1 1 0) -> 22 (1 0 1 1 0 0)
Hop 1: [5-4] 5 (0 0 1 0 1 0) -> 4 (0 0 1 0 0 0)
Hop 1: [27-24] 27 (1 1 0 1 1 0) -> 25 (1 1 0 0 1 0)
Hop 1: [9-25] 9 (0 1 0 0 1 0) -> 25 (1 1 0 0 1 0)
Hop 1: [16-19] 16 (1 0 0 0 0 0) -> 18 (1 0 0 1 0 0)
Hop 1: [3-19] 3 (0 0 0 1 1 0) -> 19 (1 0 0 1 1 0)
Hop 1: [6-22] 6 (0 0 1 1 0 0) -> 22 (1 0 1 1 0 0)
Hop 1: [19-23] 19 (1 0 0 1 1 0) -> 23 (1 0 1 1 1 0)
Hop 1: [17-18] 17 (1 0 0 0 1 0) -> 19 (1 0 0 1 1 0)
Hop 1: [13-14] 13 (0 1 1 0 1 0) -> 15 (0 1 1 1 1 0)
Hop 1: [31-27] 31 (1 1 1 1 1 0) -> 27 (1 1 0 1 1 0)
Hop 1: [0-16] 0 (0 0 0 0 0 0) -> 16 (1 0 0 0 0 0)
Hop 1: [28-24] 28 (1 1 1 0 0 0) -> 24 (1 1 0 0 0 0)
Hop 1: [7-3] 7 (0 0 1 1 1 0) -> 3 (0 0 0 1 1 0)
Hop 1: [30-26] 30 (1 1 1 1 0 0) -> 26 (1 1 0 1 0 0)
Hop 1: [14-15] 14 (0 1 1 1 0 0) -> 15 (0 1 1 1 1 0)
Hop 1: [25-26] 25 (1 1 0 0 1 0) -> 27 (1 1 0 1 1 0)
Hop 1: [15-14] 15 (0 1 1 1 1 0) -> 14 (0 1 1 1 0 0)
Hop 1: [21-22] 21 (1 0 1 0 1 0) -> 23 (1 0 1 1 1 0)
Hop 1: [1-17] 1 (0 0 0 0 1 0) -> 17 (1 0 0 0 1 0)
Hop 1: [24-27] 24 (1 1 0 0 0 0) -> 26 (1 1 0 1 0 0)
Hop 1: [4-5] 4 (0 0 1 0 0 0) -> 5 (0 0 1 0 1 0)
Hop 1: [26-25] 26 (1 1 0 1 0 0) -> 24 (1 1 0 0 0 0)
Hop 1: [12-15] 12 (0 1 1 0 0 0) -> 14 (0 1 1 1 0 0)
Hop 1: [18-2] 18 (1 0 0 1 0 0) -> 2 (0 0 0 1 0 0)
Hop 2: [20-23] 22 (1 0 1 1 0 0) -> 23 (1 0 1 1 1 0)
Hop 2: [27-24] 25 (1 1 0 0 1 0) -> 24 (1 1 0 0 0 0)
Hop 2: [16-19] 18 (1 0 0 1 0 0) -> 19 (1 0 0 1 1 0)
Hop 2: [17-18] 19 (1 0 0 1 1 0) -> 18 (1 0 0 1 0 0)
Hop 2: [13-14] 15 (0 1 1 1 1 0) -> 14 (0 1 1 1 0 0)
Hop 2: [25-26] 27 (1 1 0 1 1 0) -> 26 (1 1 0 1 0 0)
Hop 2: [21-22] 23 (1 0 1 1 1 0) -> 22 (1 0 1 1 0 0)
Hop 2: [24-27] 26 (1 1 0 1 0 0) -> 27 (1 1 0 1 1 0)
Hop 2: [26-25] 24 (1 1 0 0 0 0) -> 25 (1 1 0 0 1 0)
Hop 2: [12-15] 14 (0 1 1 1 0 0) -> 15 (0 1 1 1 1 0)
Hop 1: [26-27] 26 (1 1 0 1 0 0) -> 27 (1 1 0 1 1 0)
Hop 1: [2-3] 2 (0 0 0 1 0 0) -> 3 (0 0 0 1 1 0)
Hop 1: [29-28] 29 (1 1 1 0 1 0) -> 28 (1 1 1 0 0 0)
Hop 1: [14-2] 14 (0 1 1 1 0 0) -> 10 (0 1 0 1 0 0)
Hop 1: [28-29] 28 (1 1 1 0 0 0) -> 29 (1 1 1 0 1 0)
Hop 1: [19-3] 19 (1 0 0 1 1 0) -> 3 (0 0 0 1 1 0)
Hop 1: [31-28] 31 (1 1 1 1 1 0) -> 29 (1 1 1 0 1 0)
Hop 1: [5-6] 5 (0 0 1 0 1 0) -> 7 (0 0 1 1 1 0)
Hop 1: [23-27] 23 (1 0 1 1 1 0) -> 19 (1 0 0 1 1 0)
Hop 1: [12-28] 12 (0 1 1 0 0 0) -> 28 (1 1 1 0 0 0)
Hop 1: [22-26] 22 (1 0 1 1 0 0) -> 18 (1 0 0 1 0 0)
Hop 1: [9-5] 9 (0 1 0 0 1 0) -> 13 (0 1 1 0 1 0)
Hop 1: [16-20] 16 (1 0 0 0 0 0) -> 20 (1 0 1 0 0 0)
Hop 1: [1-2] 1 (0 0 0 0 1 0) -> 3 (0 0 0 1 1 0)
Hop 1: [6-5] 6 (0 0 1 1 0 0) -> 4 (0 0 1 0 0 0)
Hop 1: [3-2] 3 (0 0 0 1 1 0) -> 2 (0 0 0 1 0 0)
Hop 1: [30-29] 30 (1 1 1 1 0 0) -> 28 (1 1 1 0 0 0)
Hop 1: [15-3] 15 (0 1 1 1 1 0) -> 11 (0 1 0 1 1 0)
Hop 1: [18-22] 18 (1 0 0 1 0 0) -> 22 (1 0 1 1 0 0)
Hop 1: [7-4] 7 (0 0 1 1 1 0) -> 5 (0 0 1 0 1 0)
Hop 1: [20-24] 20 (1 0 1 0 0 0) -> 16 (1 0 0 0 0 0)
Hop 1: [11-7] 11 (0 1 0 1 1 0) -> 15 (0 1 1 1 1 0)
Hop 1: [17-21] 17 (1 0 0 0 1 0) -> 21 (1 0 1 0 1 0)
Hop 1: [10-6] 10 (0 1 0 1 0 0) -> 14 (0 1 1 1 0 0)
Hop 1: [21-25] 21 (1 0 1 0 1 0) -> 17 (1 0 0 0 1 0)
Hop 1: [0-3] 0 (0 0 0 0 0 0) -> 2 (0 0 0 1 0 0)
Hop 1: [27-26] 27 (1 1 0 1 1 0) -> 26 (1 1 0 1 0 0)
Hop 1: [4-7] 4 (0 0 1 0 0 0) -> 6 (0 0 1 1 0 0)
Hop 1: [24-28] 24 (1 1 0 0 0 0) -> 28 (1 1 1 0 0 0)
Hop 1: [13-29] 13 (0 1 1 0 1 0) -> 29 (1 1 1 0 1 0)
Hop 1: [25-29] 25 (1 1 0 0 1 0) -> 29 (1 1 1 0 1 0)
Hop 1: [8-4] 8 (0 1 0 0 0 0) -> 12 (0 1 1 0 0 0)
Hop 2: [14-2] 10 (0 1 0 1 0 0) -> 2 (0 0 0 1 0 0)
Hop 2: [31-28] 29 (1 1 1 0 1 0) -> 28 (1 1 1 0 0 0)
Hop 2: [23-27] 19 (1 0 0 1 1 0) -> 27 (1 1 0 1 1 0)
Hop 2: [5-6] 7 (0 0 1 1 1 0) -> 6 (0 0 1 1 0 0)
Hop 2: [22-26] 18 (1 0 0 1 0 0) -> 26 (1 1 0 1 0 0)
Hop 2: [9-5] 13 (0 1 1 0 1 0) -> 5 (0 0 1 0 1 0)
Hop 2: [6-5] 4 (0 0 1 0 0 0) -> 5 (0 0 1 0 1 0)
Hop 2: [1-2] 3 (0 0 0 1 1 0) -> 2 (0 0 0 1 0 0)
Hop 2: [30-29] 28 (1 1 1 0 0 0) -> 29 (1 1 1 0 1 0)
Hop 2: [15-3] 11 (0 1 0 1 1 0) -> 3 (0 0 0 1 1 0)
Hop 2: [20-24] 16 (1 0 0 0 0 0) -> 24 (1 1 0 0 0 0)
Hop 2: [7-4] 5 (0 0 1 0 1 0) -> 4 (0 0 1 0 0 0)
Hop 2: [11-7] 15 (0 1 1 1 1 0) -> 7 (0 0 1 1 1 0)
Hop 2: [21-25] 17 (1 0 0 0 1 0) -> 25 (1 1 0 0 1 0)
Hop 2: [10-6] 14 (0 1 1 1 0 0) -> 6 (0 0 1 1 0 0)
Hop 2: [0-3] 2 (0 0 0 1 0 0) -> 3 (0 0 0 1 1 0)
Hop 2: [4-7] 6 (0 0 1 1 0 0) -> 7 (0 0 1 1 1 0)
Hop 2: [8-4] 12 (0 1 1 0 0 0) -> 4 (0 0 1 0 0 0)
Hop 1: [8-9] 8 (0 1 0 0 0 0) -> 9 (0 1 0 0 1 0)
Hop 1: [21-5] 21 (1 0 1 0 1 0) -> 5 (0 0 1 0 1 0)
Hop 1: [19-31] 19 (1 0 0 1 1 0) -> 23 (1 0 1 1 1 0)
Hop 1: [29-30] 29 (1 1 1 0 1 0) -> 31 (1 1 1 1 1 0)
Hop 1: [9-8] 9 (0 1 0 0 1 0) -> 8 (0 1 0 0 0 0)
Hop 1: [25-9] 25 (1 1 0 0 1 0) -> 9 (0 1 0 0 1 0)
Hop 1: [5-9] 5 (0 0 1 0 1 0) -> 1 (0 0 0 0 1 0)
Hop 1: [30-31] 30 (1 1 1 1 0 0) -> 31 (1 1 1 1 1 0)
Hop 1: [7-6] 7 (0 0 1 1 1 0) -> 6 (0 0 1 1 0 0)
Hop 1: [31-30] 31 (1 1 1 1 1 0) -> 30 (1 1 1 1 0 0)
Hop 1: [14-30] 14 (0 1 1 1 0 0) -> 30 (1 1 1 1 0 0)
Hop 1: [17-29] 17 (1 0 0 0 1 0) -> 21 (1 0 1 0 1 0)
Hop 1: [1-5] 1 (0 0 0 0 1 0) -> 5 (0 0 1 0 1 0)
Hop 1: [23-7] 23 (1 0 1 1 1 0) -> 7 (0 0 1 1 1 0)
Hop 1: [13-9] 13 (0 1 1 0 1 0) -> 9 (0 1 0 0 1 0)
Hop 1: [11-8] 11 (0 1 0 1 1 0) -> 9 (0 1 0 0 1 0)
Hop 1: [27-31] 27 (1 1 0 1 1 0) -> 31 (1 1 1 1 1 0)
Hop 1: [3-7] 3 (0 0 0 1 1 0) -> 7 (0 0 1 1 1 0)
Hop 1: [24-8] 24 (1 1 0 0 0 0) -> 8 (0 1 0 0 0 0)
Hop 1: [15-31] 15 (0 1 1 1 1 0) -> 31 (1 1 1 1 1 0)
Hop 1: [6-7] 6 (0 0 1 1 0 0) -> 7 (0 0 1 1 1 0)
Hop 1: [4-8] 4 (0 0 1 0 0 0) -> 0 (0 0 0 0 0 0)
Hop 1: [22-6] 22 (1 0 1 1 0 0) -> 6 (0 0 1 1 0 0)
Hop 1: [2-6] 2 (0 0 0 1 0 0) -> 6 (0 0 1 1 0 0)
Hop 1: [20-4] 20 (1 0 1 0 0 0) -> 4 (0 0 1 0 0 0)
Hop 1: [12-8] 12 (0 1 1 0 0 0) -> 8 (0 1 0 0 0 0)
Hop 1: [18-30] 18 (1 0 0 1 0 0) -> 22 (1 0 1 1 0 0)
Hop 1: [10-9] 10 (0 1 0 1 0 0) -> 8 (0 1 0 0 0 0)
Hop 1: [28-31] 28 (1 1 1 0 0 0) -> 30 (1 1 1 1 0 0)
Hop 1: [0-4] 0 (0 0 0 0 0 0) -> 4 (0 0 1 0 0 0)
Hop 1: [16-28] 16 (1 0 0 0 0 0) -> 20 (1 0 1 0 0 0)
Hop 1: [26-30] 26 (1 1 0 1 0 0) -> 30 (1 1 1 1 0 0)
Hop 2: [19-31] 23 (1 0 1 1 1 0) -> 31 (1 1 1 1 1 0)
Hop 2: [29-30] 31 (1 1 1 1 1 0) -> 30 (1 1 1 1 0 0)
Hop 2: [5-9] 1 (0 0 0 0 1 0) -> 9 (0 1 0 0 1 0)
Hop 2: [17-29] 21 (1 0 1 0 1 0) -> 29 (1 1 1 0 1 0)
Hop 2: [11-8] 9 (0 1 0 0 1 0) -> 8 (0 1 0 0 0 0)
Hop 2: [4-8] 0 (0 0 0 0 0 0) -> 8 (0 1 0 0 0 0)
Hop 2: [10-9] 8 (0 1 0 0 0 0) -> 9 (0 1 0 0 1 0)
Hop 2: [18-30] 22 (1 0 1 1 0 0) -> 30 (1 1 1 1 0 0)
Hop 2: [28-31] 30 (1 1 1 1 0 0) -> 31 (1 1 1 1 1 0)
Hop 2: [16-28] 20 (1 0 1 0 0 0) -> 28 (1 1 1 0 0 0)
