0 0 1.920e+03 0
0 1 7.261e+09 0
1 0 7.267e+08 0
1 2 6.535e+09 0
10 0 1.960e+03 0
10 11 5.084e+09 0
100 0 1.960e+03 2
100 101 2.906e+09 0
1000 0 1.960e+03 4
1000 1001 7.267e+08 0
1001 0 1.960e+03 4
1001 1002 7.267e+08 0
1002 0 1.960e+03 4
1002 1003 7.267e+08 0
1003 0 1.960e+03 4
1003 1004 7.267e+08 0
1004 0 1.960e+03 4
1004 1005 7.267e+08 0
1005 0 1.960e+03 4
1005 1006 7.267e+08 0
1006 0 1.960e+03 4
1006 1007 7.267e+08 0
1007 0 1.960e+03 4
1007 1008 7.267e+08 1
1008 0 1.960e+03 5
1008 1009 7.267e+08 0
1009 0 1.960e+03 5
1009 1010 7.267e+08 0
101 0 1.960e+03 2
101 102 2.906e+09 0
1010 0 1.960e+03 5
1010 1011 7.267e+08 0
1011 0 1.960e+03 5
1011 1012 7.267e+08 0
1012 0 1.960e+03 5
1012 1013 7.267e+08 0
1013 0 1.960e+03 5
1013 1014 7.267e+08 0
1014 0 1.960e+03 5
1014 1015 7.267e+08 0
1015 0 1.960e+03 5
1015 1016 7.267e+08 0
1016 0 1.960e+03 5
1016 1017 7.267e+08 0
1017 0 1.960e+03 5
1017 1018 7.267e+08 0
1018 0 1.960e+03 5
1018 1019 7.267e+08 0
1019 0 1.960e+03 5
1019 1020 7.267e+08 0
102 0 1.960e+03 2
102 103 2.906e+09 0
1020 0 1.960e+03 5
1020 1021 7.267e+08 0
1021 0 1.960e+03 5
1021 1022 7.267e+08 0
1022 0 1.960e+03 5
1022 1023 7.267e+08 0
1023 0 7.267e+08 5
103 0 1.960e+03 2
103 104 2.906e+09 0
104 0 1.960e+03 2
104 105 2.906e+09 0
105 0 1.960e+03 2
105 106 2.906e+09 0
106 0 1.960e+03 2
106 107 2.906e+09 0
107 0 1.960e+03 2
107 108 2.906e+09 0
108 0 1.960e+03 2
108 109 2.906e+09 0
109 0 1.960e+03 2
109 110 2.906e+09 0
11 0 1.960e+03 0
11 12 5.084e+09 0
110 0 1.960e+03 2
110 111 2.906e+09 0
111 0 1.960e+03 2
111 112 2.906e+09 1
112 0 1.960e+03 3
112 113 2.906e+09 0
113 0 1.960e+03 3
113 114 2.906e+09 0
114 0 1.960e+03 3
114 115 2.906e+09 0
115 0 1.960e+03 3
115 116 2.906e+09 0
116 0 1.960e+03 3
116 117 2.906e+09 0
117 0 1.960e+03 3
117 118 2.906e+09 0
118 0 1.960e+03 3
118 119 2.906e+09 0
119 0 1.960e+03 3
119 120 2.906e+09 0
12 0 1.960e+03 0
12 13 5.084e+09 0
120 0 1.960e+03 3
120 121 2.906e+09 0
121 0 1.960e+03 3
121 122 2.906e+09 0
122 0 1.960e+03 3
122 123 2.906e+09 0
123 0 1.960e+03 3
123 124 2.906e+09 0
124 0 1.960e+03 3
124 125 2.906e+09 0
125 0 1.960e+03 3
125 126 2.906e+09 0
126 0 1.960e+03 3
126 127 2.906e+09 0
127 0 7.267e+08 3
127 128 2.180e+09 3
128 0 1.960e+03 2
128 129 2.180e+09 0
129 0 1.960e+03 2
129 130 2.180e+09 0
13 0 1.960e+03 0
13 14 5.084e+09 0
130 0 1.960e+03 2
130 131 2.180e+09 0
131 0 1.960e+03 2
131 132 2.180e+09 0
132 0 1.960e+03 2
132 133 2.180e+09 0
133 0 1.960e+03 2
133 134 2.180e+09 0
134 0 1.960e+03 2
134 135 2.180e+09 0
135 0 1.960e+03 2
135 136 2.180e+09 0
136 0 1.960e+03 2
136 137 2.180e+09 0
137 0 1.960e+03 2
137 138 2.180e+09 0
138 0 1.960e+03 2
138 139 2.180e+09 0
139 0 1.960e+03 2
139 140 2.180e+09 0
14 0 1.960e+03 0
14 15 5.084e+09 0
140 0 1.960e+03 2
140 141 2.180e+09 0
141 0 1.960e+03 2
141 142 2.180e+09 0
142 0 1.960e+03 2
142 143 2.180e+09 0
143 0 1.960e+03 2
143 144 2.180e+09 1
144 0 1.960e+03 3
144 145 2.180e+09 0
145 0 1.960e+03 3
145 146 2.180e+09 0
146 0 1.960e+03 3
146 147 2.180e+09 0
147 0 1.960e+03 3
147 148 2.180e+09 0
148 0 1.960e+03 3
148 149 2.180e+09 0
149 0 1.960e+03 3
149 150 2.180e+09 0
15 0 7.267e+08 0
15 16 4.358e+09 1
150 0 1.960e+03 3
150 151 2.180e+09 0
151 0 1.960e+03 3
151 152 2.180e+09 0
152 0 1.960e+03 3
152 153 2.180e+09 0
153 0 1.960e+03 3
153 154 2.180e+09 0
154 0 1.960e+03 3
154 155 2.180e+09 0
155 0 1.960e+03 3
155 156 2.180e+09 0
156 0 1.960e+03 3
156 157 2.180e+09 0
157 0 1.960e+03 3
157 158 2.180e+09 0
158 0 1.960e+03 3
158 159 2.180e+09 0
159 0 1.960e+03 3
159 160 2.180e+09 2
16 0 1.960e+03 1
16 17 4.358e+09 0
160 0 1.960e+03 3
160 161 2.180e+09 0
161 0 1.960e+03 3
161 162 2.180e+09 0
162 0 1.960e+03 3
162 163 2.180e+09 0
163 0 1.960e+03 3
163 164 2.180e+09 0
164 0 1.960e+03 3
164 165 2.180e+09 0
165 0 1.960e+03 3
165 166 2.180e+09 0
166 0 1.960e+03 3
166 167 2.180e+09 0
167 0 1.960e+03 3
167 168 2.180e+09 0
168 0 1.960e+03 3
168 169 2.180e+09 0
169 0 1.960e+03 3
169 170 2.180e+09 0
17 0 1.960e+03 1
17 18 4.358e+09 0
170 0 1.960e+03 3
170 171 2.180e+09 0
171 0 1.960e+03 3
171 172 2.180e+09 0
172 0 1.960e+03 3
172 173 2.180e+09 0
173 0 1.960e+03 3
173 174 2.180e+09 0
174 0 1.960e+03 3
174 175 2.180e+09 0
175 0 1.960e+03 3
175 176 2.180e+09 1
176 0 1.960e+03 4
176 177 2.180e+09 0
177 0 1.960e+03 4
177 178 2.180e+09 0
178 0 1.960e+03 4
178 179 2.180e+09 0
179 0 1.960e+03 4
179 180 2.180e+09 0
18 0 1.960e+03 1
18 19 4.358e+09 0
180 0 1.960e+03 4
180 181 2.180e+09 0
181 0 1.960e+03 4
181 182 2.180e+09 0
182 0 1.960e+03 4
182 183 2.180e+09 0
183 0 1.960e+03 4
183 184 2.180e+09 0
184 0 1.960e+03 4
184 185 2.180e+09 0
185 0 1.960e+03 4
185 186 2.180e+09 0
186 0 1.960e+03 4
186 187 2.180e+09 0
187 0 1.960e+03 4
187 188 2.180e+09 0
188 0 1.960e+03 4
188 189 2.180e+09 0
189 0 1.960e+03 4
189 190 2.180e+09 0
19 0 1.960e+03 1
19 20 4.358e+09 0
190 0 1.960e+03 4
190 191 2.180e+09 0
191 0 1.960e+03 4
191 192 2.180e+09 3
192 0 1.960e+03 1
192 193 2.180e+09 0
193 0 1.960e+03 1
193 194 2.180e+09 0
194 0 1.960e+03 1
194 195 2.180e+09 0
195 0 1.960e+03 1
195 196 2.180e+09 0
196 0 1.960e+03 1
196 197 2.180e+09 0
197 0 1.960e+03 1
197 198 2.180e+09 0
198 0 1.960e+03 1
198 199 2.180e+09 0
199 0 1.960e+03 1
199 200 2.180e+09 0
2 0 1.960e+03 0
2 3 6.535e+09 0
20 0 1.960e+03 1
20 21 4.358e+09 0
200 0 1.960e+03 1
200 201 2.180e+09 0
201 0 1.960e+03 1
201 202 2.180e+09 0
202 0 1.960e+03 1
202 203 2.180e+09 0
203 0 1.960e+03 1
203 204 2.180e+09 0
204 0 1.960e+03 1
204 205 2.180e+09 0
205 0 1.960e+03 1
205 206 2.180e+09 0
206 0 1.960e+03 1
206 207 2.180e+09 0
207 0 1.960e+03 1
207 208 2.180e+09 1
208 0 1.960e+03 2
208 209 2.180e+09 0
209 0 1.960e+03 2
209 210 2.180e+09 0
21 0 1.960e+03 1
21 22 4.358e+09 0
210 0 1.960e+03 2
210 211 2.180e+09 0
211 0 1.960e+03 2
211 212 2.180e+09 0
212 0 1.960e+03 2
212 213 2.180e+09 0
213 0 1.960e+03 2
213 214 2.180e+09 0
214 0 1.960e+03 2
214 215 2.180e+09 0
215 0 1.960e+03 2
215 216 2.180e+09 0
216 0 1.960e+03 2
216 217 2.180e+09 0
217 0 1.960e+03 2
217 218 2.180e+09 0
218 0 1.960e+03 2
218 219 2.180e+09 0
219 0 1.960e+03 2
219 220 2.180e+09 0
22 0 1.960e+03 1
22 23 4.358e+09 0
220 0 1.960e+03 2
220 221 2.180e+09 0
221 0 1.960e+03 2
221 222 2.180e+09 0
222 0 1.960e+03 2
222 223 2.180e+09 0
223 0 1.960e+03 2
223 224 2.180e+09 2
224 0 1.960e+03 2
224 225 2.180e+09 0
225 0 1.960e+03 2
225 226 2.180e+09 0
226 0 1.960e+03 2
226 227 2.180e+09 0
227 0 1.960e+03 2
227 228 2.180e+09 0
228 0 1.960e+03 2
228 229 2.180e+09 0
229 0 1.960e+03 2
229 230 2.180e+09 0
23 0 1.960e+03 1
23 24 4.358e+09 0
230 0 1.960e+03 2
230 231 2.180e+09 0
231 0 1.960e+03 2
231 232 2.180e+09 0
232 0 1.960e+03 2
232 233 2.180e+09 0
233 0 1.960e+03 2
233 234 2.180e+09 0
234 0 1.960e+03 2
234 235 2.180e+09 0
235 0 1.960e+03 2
235 236 2.180e+09 0
236 0 1.960e+03 2
236 237 2.180e+09 0
237 0 1.960e+03 2
237 238 2.180e+09 0
238 0 1.960e+03 2
238 239 2.180e+09 0
239 0 1.960e+03 2
239 240 2.180e+09 1
24 0 1.960e+03 1
24 25 4.358e+09 0
240 0 1.960e+03 3
240 241 2.180e+09 0
241 0 1.960e+03 3
241 242 2.180e+09 0
242 0 1.960e+03 3
242 243 2.180e+09 0
243 0 1.960e+03 3
243 244 2.180e+09 0
244 0 1.960e+03 3
244 245 2.180e+09 0
245 0 1.960e+03 3
245 246 2.180e+09 0
246 0 1.960e+03 3
246 247 2.180e+09 0
247 0 1.960e+03 3
247 248 2.180e+09 0
248 0 1.960e+03 3
248 249 2.180e+09 0
249 0 1.960e+03 3
249 250 2.180e+09 0
25 0 1.960e+03 1
25 26 4.358e+09 0
250 0 1.960e+03 3
250 251 2.180e+09 0
251 0 1.960e+03 3
251 252 2.180e+09 0
252 0 1.960e+03 3
252 253 2.180e+09 0
253 0 1.960e+03 3
253 254 2.180e+09 0
254 0 1.960e+03 3
254 255 2.180e+09 0
255 0 7.267e+08 3
255 256 1.453e+09 4
256 0 1.960e+03 1
256 257 1.453e+09 0
257 0 1.960e+03 1
257 258 1.453e+09 0
258 0 1.960e+03 1
258 259 1.453e+09 0
259 0 1.960e+03 1
259 260 1.453e+09 0
26 0 1.960e+03 1
26 27 4.358e+09 0
260 0 1.960e+03 1
260 261 1.453e+09 0
261 0 1.960e+03 1
261 262 1.453e+09 0
262 0 1.960e+03 1
262 263 1.453e+09 0
263 0 1.960e+03 1
263 264 1.453e+09 0
264 0 1.960e+03 1
264 265 1.453e+09 0
265 0 1.960e+03 1
265 266 1.453e+09 0
266 0 1.960e+03 1
266 267 1.453e+09 0
267 0 1.960e+03 1
267 268 1.453e+09 0
268 0 1.960e+03 1
268 269 1.453e+09 0
269 0 1.960e+03 1
269 270 1.453e+09 0
27 0 1.960e+03 1
27 28 4.358e+09 0
270 0 1.960e+03 1
270 271 1.453e+09 0
271 0 1.960e+03 1
271 272 1.453e+09 1
272 0 1.960e+03 2
272 273 1.453e+09 0
273 0 1.960e+03 2
273 274 1.453e+09 0
274 0 1.960e+03 2
274 275 1.453e+09 0
275 0 1.960e+03 2
275 276 1.453e+09 0
276 0 1.960e+03 2
276 277 1.453e+09 0
277 0 1.960e+03 2
277 278 1.453e+09 0
278 0 1.960e+03 2
278 279 1.453e+09 0
279 0 1.960e+03 2
279 280 1.453e+09 0
28 0 1.960e+03 1
28 29 4.358e+09 0
280 0 1.960e+03 2
280 281 1.453e+09 0
281 0 1.960e+03 2
281 282 1.453e+09 0
282 0 1.960e+03 2
282 283 1.453e+09 0
283 0 1.960e+03 2
283 284 1.453e+09 0
284 0 1.960e+03 2
284 285 1.453e+09 0
285 0 1.960e+03 2
285 286 1.453e+09 0
286 0 1.960e+03 2
286 287 1.453e+09 0
287 0 1.960e+03 2
287 288 1.453e+09 2
288 0 1.960e+03 2
288 289 1.453e+09 0
289 0 1.960e+03 2
289 290 1.453e+09 0
29 0 1.960e+03 1
29 30 4.358e+09 0
290 0 1.960e+03 2
290 291 1.453e+09 0
291 0 1.960e+03 2
291 292 1.453e+09 0
292 0 1.960e+03 2
292 293 1.453e+09 0
293 0 1.960e+03 2
293 294 1.453e+09 0
294 0 1.960e+03 2
294 295 1.453e+09 0
295 0 1.960e+03 2
295 296 1.453e+09 0
296 0 1.960e+03 2
296 297 1.453e+09 0
297 0 1.960e+03 2
297 298 1.453e+09 0
298 0 1.960e+03 2
298 299 1.453e+09 0
299 0 1.960e+03 2
299 300 1.453e+09 0
3 0 7.267e+08 0
3 4 5.809e+09 0
30 0 1.960e+03 1
30 31 4.358e+09 0
300 0 1.960e+03 2
300 301 1.453e+09 0
301 0 1.960e+03 2
301 302 1.453e+09 0
302 0 1.960e+03 2
302 303 1.453e+09 0
303 0 1.960e+03 2
303 304 1.453e+09 1
304 0 1.960e+03 3
304 305 1.453e+09 0
305 0 1.960e+03 3
305 306 1.453e+09 0
306 0 1.960e+03 3
306 307 1.453e+09 0
307 0 1.960e+03 3
307 308 1.453e+09 0
308 0 1.960e+03 3
308 309 1.453e+09 0
309 0 1.960e+03 3
309 310 1.453e+09 0
31 0 7.267e+08 1
31 32 3.632e+09 2
310 0 1.960e+03 3
310 311 1.453e+09 0
311 0 1.960e+03 3
311 312 1.453e+09 0
312 0 1.960e+03 3
312 313 1.453e+09 0
313 0 1.960e+03 3
313 314 1.453e+09 0
314 0 1.960e+03 3
314 315 1.453e+09 0
315 0 1.960e+03 3
315 316 1.453e+09 0
316 0 1.960e+03 3
316 317 1.453e+09 0
317 0 1.960e+03 3
317 318 1.453e+09 0
318 0 1.960e+03 3
318 319 1.453e+09 0
319 0 1.960e+03 3
319 320 1.453e+09 3
32 0 1.960e+03 1
32 33 3.632e+09 0
320 0 1.960e+03 2
320 321 1.453e+09 0
321 0 1.960e+03 2
321 322 1.453e+09 0
322 0 1.960e+03 2
322 323 1.453e+09 0
323 0 1.960e+03 2
323 324 1.453e+09 0
324 0 1.960e+03 2
324 325 1.453e+09 0
325 0 1.960e+03 2
325 326 1.453e+09 0
326 0 1.960e+03 2
326 327 1.453e+09 0
327 0 1.960e+03 2
327 328 1.453e+09 0
328 0 1.960e+03 2
328 329 1.453e+09 0
329 0 1.960e+03 2
329 330 1.453e+09 0
33 0 1.960e+03 1
33 34 3.632e+09 0
330 0 1.960e+03 2
330 331 1.453e+09 0
331 0 1.960e+03 2
331 332 1.453e+09 0
332 0 1.960e+03 2
332 333 1.453e+09 0
333 0 1.960e+03 2
333 334 1.453e+09 0
334 0 1.960e+03 2
334 335 1.453e+09 0
335 0 1.960e+03 2
335 336 1.453e+09 1
336 0 1.960e+03 3
336 337 1.453e+09 0
337 0 1.960e+03 3
337 338 1.453e+09 0
338 0 1.960e+03 3
338 339 1.453e+09 0
339 0 1.960e+03 3
339 340 1.453e+09 0
34 0 1.960e+03 1
34 35 3.632e+09 0
340 0 1.960e+03 3
340 341 1.453e+09 0
341 0 1.960e+03 3
341 342 1.453e+09 0
342 0 1.960e+03 3
342 343 1.453e+09 0
343 0 1.960e+03 3
343 344 1.453e+09 0
344 0 1.960e+03 3
344 345 1.453e+09 0
345 0 1.960e+03 3
345 346 1.453e+09 0
346 0 1.960e+03 3
346 347 1.453e+09 0
347 0 1.960e+03 3
347 348 1.453e+09 0
348 0 1.960e+03 3
348 349 1.453e+09 0
349 0 1.960e+03 3
349 350 1.453e+09 0
35 0 1.960e+03 1
35 36 3.632e+09 0
350 0 1.960e+03 3
350 351 1.453e+09 0
351 0 1.960e+03 3
351 352 1.453e+09 2
352 0 1.960e+03 3
352 353 1.453e+09 0
353 0 1.960e+03 3
353 354 1.453e+09 0
354 0 1.960e+03 3
354 355 1.453e+09 0
355 0 1.960e+03 3
355 356 1.453e+09 0
356 0 1.960e+03 3
356 357 1.453e+09 0
357 0 1.960e+03 3
357 358 1.453e+09 0
358 0 1.960e+03 3
358 359 1.453e+09 0
359 0 1.960e+03 3
359 360 1.453e+09 0
36 0 1.960e+03 1
36 37 3.632e+09 0
360 0 1.960e+03 3
360 361 1.453e+09 0
361 0 1.960e+03 3
361 362 1.453e+09 0
362 0 1.960e+03 3
362 363 1.453e+09 0
363 0 1.960e+03 3
363 364 1.453e+09 0
364 0 1.960e+03 3
364 365 1.453e+09 0
365 0 1.960e+03 3
365 366 1.453e+09 0
366 0 1.960e+03 3
366 367 1.453e+09 0
367 0 1.960e+03 3
367 368 1.453e+09 1
368 0 1.960e+03 4
368 369 1.453e+09 0
369 0 1.960e+03 4
369 370 1.453e+09 0
37 0 1.960e+03 1
37 38 3.632e+09 0
370 0 1.960e+03 4
370 371 1.453e+09 0
371 0 1.960e+03 4
371 372 1.453e+09 0
372 0 1.960e+03 4
372 373 1.453e+09 0
373 0 1.960e+03 4
373 374 1.453e+09 0
374 0 1.960e+03 4
374 375 1.453e+09 0
375 0 1.960e+03 4
375 376 1.453e+09 0
376 0 1.960e+03 4
376 377 1.453e+09 0
377 0 1.960e+03 4
377 378 1.453e+09 0
378 0 1.960e+03 4
378 379 1.453e+09 0
379 0 1.960e+03 4
379 380 1.453e+09 0
38 0 1.960e+03 1
38 39 3.632e+09 0
380 0 1.960e+03 4
380 381 1.453e+09 0
381 0 1.960e+03 4
381 382 1.453e+09 0
382 0 1.960e+03 4
382 383 1.453e+09 0
383 0 1.960e+03 4
383 384 1.453e+09 3
384 0 1.960e+03 3
384 385 1.453e+09 0
385 0 1.960e+03 3
385 386 1.453e+09 0
386 0 1.960e+03 3
386 387 1.453e+09 0
387 0 1.960e+03 3
387 388 1.453e+09 0
388 0 1.960e+03 3
388 389 1.453e+09 0
389 0 1.960e+03 3
389 390 1.453e+09 0
39 0 1.960e+03 1
39 40 3.632e+09 0
390 0 1.960e+03 3
390 391 1.453e+09 0
391 0 1.960e+03 3
391 392 1.453e+09 0
392 0 1.960e+03 3
392 393 1.453e+09 0
393 0 1.960e+03 3
393 394 1.453e+09 0
394 0 1.960e+03 3
394 395 1.453e+09 0
395 0 1.960e+03 3
395 396 1.453e+09 0
396 0 1.960e+03 3
396 397 1.453e+09 0
397 0 1.960e+03 3
397 398 1.453e+09 0
398 0 1.960e+03 3
398 399 1.453e+09 0
399 0 1.960e+03 3
399 400 1.453e+09 1
4 0 1.960e+03 0
4 5 5.809e+09 0
40 0 1.960e+03 1
40 41 3.632e+09 0
400 0 1.960e+03 4
400 401 1.453e+09 0
401 0 1.960e+03 4
401 402 1.453e+09 0
402 0 1.960e+03 4
402 403 1.453e+09 0
403 0 1.960e+03 4
403 404 1.453e+09 0
404 0 1.960e+03 4
404 405 1.453e+09 0
405 0 1.960e+03 4
405 406 1.453e+09 0
406 0 1.960e+03 4
406 407 1.453e+09 0
407 0 1.960e+03 4
407 408 1.453e+09 0
408 0 1.960e+03 4
408 409 1.453e+09 0
409 0 1.960e+03 4
409 410 1.453e+09 0
41 0 1.960e+03 1
41 42 3.632e+09 0
410 0 1.960e+03 4
410 411 1.453e+09 0
411 0 1.960e+03 4
411 412 1.453e+09 0
412 0 1.960e+03 4
412 413 1.453e+09 0
413 0 1.960e+03 4
413 414 1.453e+09 0
414 0 1.960e+03 4
414 415 1.453e+09 0
415 0 1.960e+03 4
415 416 1.453e+09 2
416 0 1.960e+03 4
416 417 1.453e+09 0
417 0 1.960e+03 4
417 418 1.453e+09 0
418 0 1.960e+03 4
418 419 1.453e+09 0
419 0 1.960e+03 4
419 420 1.453e+09 0
42 0 1.960e+03 1
42 43 3.632e+09 0
420 0 1.960e+03 4
420 421 1.453e+09 0
421 0 1.960e+03 4
421 422 1.453e+09 0
422 0 1.960e+03 4
422 423 1.453e+09 0
423 0 1.960e+03 4
423 424 1.453e+09 0
424 0 1.960e+03 4
424 425 1.453e+09 0
425 0 1.960e+03 4
425 426 1.453e+09 0
426 0 1.960e+03 4
426 427 1.453e+09 0
427 0 1.960e+03 4
427 428 1.453e+09 0
428 0 1.960e+03 4
428 429 1.453e+09 0
429 0 1.960e+03 4
429 430 1.453e+09 0
43 0 1.960e+03 1
43 44 3.632e+09 0
430 0 1.960e+03 4
430 431 1.453e+09 0
431 0 1.960e+03 4
431 432 1.453e+09 1
432 0 1.960e+03 5
432 433 1.453e+09 0
433 0 1.960e+03 5
433 434 1.453e+09 0
434 0 1.960e+03 5
434 435 1.453e+09 0
435 0 1.960e+03 5
435 436 1.453e+09 0
436 0 1.960e+03 5
436 437 1.453e+09 0
437 0 1.960e+03 5
437 438 1.453e+09 0
438 0 1.960e+03 5
438 439 1.453e+09 0
439 0 1.960e+03 5
439 440 1.453e+09 0
44 0 1.960e+03 1
44 45 3.632e+09 0
440 0 1.960e+03 5
440 441 1.453e+09 0
441 0 1.960e+03 5
441 442 1.453e+09 0
442 0 1.960e+03 5
442 443 1.453e+09 0
443 0 1.960e+03 5
443 444 1.453e+09 0
444 0 1.960e+03 5
444 445 1.453e+09 0
445 0 1.960e+03 5
445 446 1.453e+09 0
446 0 1.960e+03 5
446 447 1.453e+09 0
447 0 1.960e+03 5
447 448 1.453e+09 3
448 0 1.960e+03 2
448 449 1.453e+09 0
449 0 1.960e+03 2
449 450 1.453e+09 0
45 0 1.960e+03 1
45 46 3.632e+09 0
450 0 1.960e+03 2
450 451 1.453e+09 0
451 0 1.960e+03 2
451 452 1.453e+09 0
452 0 1.960e+03 2
452 453 1.453e+09 0
453 0 1.960e+03 2
453 454 1.453e+09 0
454 0 1.960e+03 2
454 455 1.453e+09 0
455 0 1.960e+03 2
455 456 1.453e+09 0
456 0 1.960e+03 2
456 457 1.453e+09 0
457 0 1.960e+03 2
457 458 1.453e+09 0
458 0 1.960e+03 2
458 459 1.453e+09 0
459 0 1.960e+03 2
459 460 1.453e+09 0
46 0 1.960e+03 1
46 47 3.632e+09 0
460 0 1.960e+03 2
460 461 1.453e+09 0
461 0 1.960e+03 2
461 462 1.453e+09 0
462 0 1.960e+03 2
462 463 1.453e+09 0
463 0 1.960e+03 2
463 464 1.453e+09 1
464 0 1.960e+03 3
464 465 1.453e+09 0
465 0 1.960e+03 3
465 466 1.453e+09 0
466 0 1.960e+03 3
466 467 1.453e+09 0
467 0 1.960e+03 3
467 468 1.453e+09 0
468 0 1.960e+03 3
468 469 1.453e+09 0
469 0 1.960e+03 3
469 470 1.453e+09 0
47 0 1.960e+03 1
47 48 3.632e+09 1
470 0 1.960e+03 3
470 471 1.453e+09 0
471 0 1.960e+03 3
471 472 1.453e+09 0
472 0 1.960e+03 3
472 473 1.453e+09 0
473 0 1.960e+03 3
473 474 1.453e+09 0
474 0 1.960e+03 3
474 475 1.453e+09 0
475 0 1.960e+03 3
475 476 1.453e+09 0
476 0 1.960e+03 3
476 477 1.453e+09 0
477 0 1.960e+03 3
477 478 1.453e+09 0
478 0 1.960e+03 3
478 479 1.453e+09 0
479 0 1.960e+03 3
479 480 1.453e+09 2
48 0 1.960e+03 2
48 49 3.632e+09 0
480 0 1.960e+03 3
480 481 1.453e+09 0
481 0 1.960e+03 3
481 482 1.453e+09 0
482 0 1.960e+03 3
482 483 1.453e+09 0
483 0 1.960e+03 3
483 484 1.453e+09 0
484 0 1.960e+03 3
484 485 1.453e+09 0
485 0 1.960e+03 3
485 486 1.453e+09 0
486 0 1.960e+03 3
486 487 1.453e+09 0
487 0 1.960e+03 3
487 488 1.453e+09 0
488 0 1.960e+03 3
488 489 1.453e+09 0
489 0 1.960e+03 3
489 490 1.453e+09 0
49 0 1.960e+03 2
49 50 3.632e+09 0
490 0 1.960e+03 3
490 491 1.453e+09 0
491 0 1.960e+03 3
491 492 1.453e+09 0
492 0 1.960e+03 3
492 493 1.453e+09 0
493 0 1.960e+03 3
493 494 1.453e+09 0
494 0 1.960e+03 3
494 495 1.453e+09 0
495 0 1.960e+03 3
495 496 1.453e+09 1
496 0 1.960e+03 4
496 497 1.453e+09 0
497 0 1.960e+03 4
497 498 1.453e+09 0
498 0 1.960e+03 4
498 499 1.453e+09 0
499 0 1.960e+03 4
499 500 1.453e+09 0
5 0 1.960e+03 0
5 6 5.809e+09 0
50 0 1.960e+03 2
50 51 3.632e+09 0
500 0 1.960e+03 4
500 501 1.453e+09 0
501 0 1.960e+03 4
501 502 1.453e+09 0
502 0 1.960e+03 4
502 503 1.453e+09 0
503 0 1.960e+03 4
503 504 1.453e+09 0
504 0 1.960e+03 4
504 505 1.453e+09 0
505 0 1.960e+03 4
505 506 1.453e+09 0
506 0 1.960e+03 4
506 507 1.453e+09 0
507 0 1.960e+03 4
507 508 1.453e+09 0
508 0 1.960e+03 4
508 509 1.453e+09 0
509 0 1.960e+03 4
509 510 1.453e+09 0
51 0 1.960e+03 2
51 52 3.632e+09 0
510 0 1.960e+03 4
510 511 1.453e+09 0
511 0 7.267e+08 4
511 512 7.267e+08 5
512 0 1.960e+03 1
512 513 7.267e+08 0
513 0 1.960e+03 1
513 514 7.267e+08 0
514 0 1.960e+03 1
514 515 7.267e+08 0
515 0 1.960e+03 1
515 516 7.267e+08 0
516 0 1.960e+03 1
516 517 7.267e+08 0
517 0 1.960e+03 1
517 518 7.267e+08 0
518 0 1.960e+03 1
518 519 7.267e+08 0
519 0 1.960e+03 1
519 520 7.267e+08 0
52 0 1.960e+03 2
52 53 3.632e+09 0
520 0 1.960e+03 1
520 521 7.267e+08 0
521 0 1.960e+03 1
521 522 7.267e+08 0
522 0 1.960e+03 1
522 523 7.267e+08 0
523 0 1.960e+03 1
523 524 7.267e+08 0
524 0 1.960e+03 1
524 525 7.267e+08 0
525 0 1.960e+03 1
525 526 7.267e+08 0
526 0 1.960e+03 1
526 527 7.267e+08 0
527 0 1.960e+03 1
527 528 7.267e+08 1
528 0 1.960e+03 2
528 529 7.267e+08 0
529 0 1.960e+03 2
529 530 7.267e+08 0
53 0 1.960e+03 2
53 54 3.632e+09 0
530 0 1.960e+03 2
530 531 7.267e+08 0
531 0 1.960e+03 2
531 532 7.267e+08 0
532 0 1.960e+03 2
532 533 7.267e+08 0
533 0 1.960e+03 2
533 534 7.267e+08 0
534 0 1.960e+03 2
534 535 7.267e+08 0
535 0 1.960e+03 2
535 536 7.267e+08 0
536 0 1.960e+03 2
536 537 7.267e+08 0
537 0 1.960e+03 2
537 538 7.267e+08 0
538 0 1.960e+03 2
538 539 7.267e+08 0
539 0 1.960e+03 2
539 540 7.267e+08 0
54 0 1.960e+03 2
54 55 3.632e+09 0
540 0 1.960e+03 2
540 541 7.267e+08 0
541 0 1.960e+03 2
541 542 7.267e+08 0
542 0 1.960e+03 2
542 543 7.267e+08 0
543 0 1.960e+03 2
543 544 7.267e+08 2
544 0 1.960e+03 2
544 545 7.267e+08 0
545 0 1.960e+03 2
545 546 7.267e+08 0
546 0 1.960e+03 2
546 547 7.267e+08 0
547 0 1.960e+03 2
547 548 7.267e+08 0
548 0 1.960e+03 2
548 549 7.267e+08 0
549 0 1.960e+03 2
549 550 7.267e+08 0
55 0 1.960e+03 2
55 56 3.632e+09 0
550 0 1.960e+03 2
550 551 7.267e+08 0
551 0 1.960e+03 2
551 552 7.267e+08 0
552 0 1.960e+03 2
552 553 7.267e+08 0
553 0 1.960e+03 2
553 554 7.267e+08 0
554 0 1.960e+03 2
554 555 7.267e+08 0
555 0 1.960e+03 2
555 556 7.267e+08 0
556 0 1.960e+03 2
556 557 7.267e+08 0
557 0 1.960e+03 2
557 558 7.267e+08 0
558 0 1.960e+03 2
558 559 7.267e+08 0
559 0 1.960e+03 2
559 560 7.267e+08 1
56 0 1.960e+03 2
56 57 3.632e+09 0
560 0 1.960e+03 3
560 561 7.267e+08 0
561 0 1.960e+03 3
561 562 7.267e+08 0
562 0 1.960e+03 3
562 563 7.267e+08 0
563 0 1.960e+03 3
563 564 7.267e+08 0
564 0 1.960e+03 3
564 565 7.267e+08 0
565 0 1.960e+03 3
565 566 7.267e+08 0
566 0 1.960e+03 3
566 567 7.267e+08 0
567 0 1.960e+03 3
567 568 7.267e+08 0
568 0 1.960e+03 3
568 569 7.267e+08 0
569 0 1.960e+03 3
569 570 7.267e+08 0
57 0 1.960e+03 2
57 58 3.632e+09 0
570 0 1.960e+03 3
570 571 7.267e+08 0
571 0 1.960e+03 3
571 572 7.267e+08 0
572 0 1.960e+03 3
572 573 7.267e+08 0
573 0 1.960e+03 3
573 574 7.267e+08 0
574 0 1.960e+03 3
574 575 7.267e+08 0
575 0 1.960e+03 3
575 576 7.267e+08 3
576 0 1.960e+03 2
576 577 7.267e+08 0
577 0 1.960e+03 2
577 578 7.267e+08 0
578 0 1.960e+03 2
578 579 7.267e+08 0
579 0 1.960e+03 2
579 580 7.267e+08 0
58 0 1.960e+03 2
58 59 3.632e+09 0
580 0 1.960e+03 2
580 581 7.267e+08 0
581 0 1.960e+03 2
581 582 7.267e+08 0
582 0 1.960e+03 2
582 583 7.267e+08 0
583 0 1.960e+03 2
583 584 7.267e+08 0
584 0 1.960e+03 2
584 585 7.267e+08 0
585 0 1.960e+03 2
585 586 7.267e+08 0
586 0 1.960e+03 2
586 587 7.267e+08 0
587 0 1.960e+03 2
587 588 7.267e+08 0
588 0 1.960e+03 2
588 589 7.267e+08 0
589 0 1.960e+03 2
589 590 7.267e+08 0
59 0 1.960e+03 2
59 60 3.632e+09 0
590 0 1.960e+03 2
590 591 7.267e+08 0
591 0 1.960e+03 2
591 592 7.267e+08 1
592 0 1.960e+03 3
592 593 7.267e+08 0
593 0 1.960e+03 3
593 594 7.267e+08 0
594 0 1.960e+03 3
594 595 7.267e+08 0
595 0 1.960e+03 3
595 596 7.267e+08 0
596 0 1.960e+03 3
596 597 7.267e+08 0
597 0 1.960e+03 3
597 598 7.267e+08 0
598 0 1.960e+03 3
598 599 7.267e+08 0
599 0 1.960e+03 3
599 600 7.267e+08 0
6 0 1.960e+03 0
6 7 5.809e+09 0
60 0 1.960e+03 2
60 61 3.632e+09 0
600 0 1.960e+03 3
600 601 7.267e+08 0
601 0 1.960e+03 3
601 602 7.267e+08 0
602 0 1.960e+03 3
602 603 7.267e+08 0
603 0 1.960e+03 3
603 604 7.267e+08 0
604 0 1.960e+03 3
604 605 7.267e+08 0
605 0 1.960e+03 3
605 606 7.267e+08 0
606 0 1.960e+03 3
606 607 7.267e+08 0
607 0 1.960e+03 3
607 608 7.267e+08 2
608 0 1.960e+03 3
608 609 7.267e+08 0
609 0 1.960e+03 3
609 610 7.267e+08 0
61 0 1.960e+03 2
61 62 3.632e+09 0
610 0 1.960e+03 3
610 611 7.267e+08 0
611 0 1.960e+03 3
611 612 7.267e+08 0
612 0 1.960e+03 3
612 613 7.267e+08 0
613 0 1.960e+03 3
613 614 7.267e+08 0
614 0 1.960e+03 3
614 615 7.267e+08 0
615 0 1.960e+03 3
615 616 7.267e+08 0
616 0 1.960e+03 3
616 617 7.267e+08 0
617 0 1.960e+03 3
617 618 7.267e+08 0
618 0 1.960e+03 3
618 619 7.267e+08 0
619 0 1.960e+03 3
619 620 7.267e+08 0
62 0 1.960e+03 2
62 63 3.632e+09 0
620 0 1.960e+03 3
620 621 7.267e+08 0
621 0 1.960e+03 3
621 622 7.267e+08 0
622 0 1.960e+03 3
622 623 7.267e+08 0
623 0 1.960e+03 3
623 624 7.267e+08 1
624 0 1.960e+03 4
624 625 7.267e+08 0
625 0 1.960e+03 4
625 626 7.267e+08 0
626 0 1.960e+03 4
626 627 7.267e+08 0
627 0 1.960e+03 4
627 628 7.267e+08 0
628 0 1.960e+03 4
628 629 7.267e+08 0
629 0 1.960e+03 4
629 630 7.267e+08 0
63 0 7.267e+08 2
63 64 2.906e+09 3
630 0 1.960e+03 4
630 631 7.267e+08 0
631 0 1.960e+03 4
631 632 7.267e+08 0
632 0 1.960e+03 4
632 633 7.267e+08 0
633 0 1.960e+03 4
633 634 7.267e+08 0
634 0 1.960e+03 4
634 635 7.267e+08 0
635 0 1.960e+03 4
635 636 7.267e+08 0
636 0 1.960e+03 4
636 637 7.267e+08 0
637 0 1.960e+03 4
637 638 7.267e+08 0
638 0 1.960e+03 4
638 639 7.267e+08 0
639 0 1.960e+03 4
639 640 7.267e+08 3
64 0 1.960e+03 1
64 65 2.906e+09 0
640 0 1.960e+03 3
640 641 7.267e+08 0
641 0 1.960e+03 3
641 642 7.267e+08 0
642 0 1.960e+03 3
642 643 7.267e+08 0
643 0 1.960e+03 3
643 644 7.267e+08 0
644 0 1.960e+03 3
644 645 7.267e+08 0
645 0 1.960e+03 3
645 646 7.267e+08 0
646 0 1.960e+03 3
646 647 7.267e+08 0
647 0 1.960e+03 3
647 648 7.267e+08 0
648 0 1.960e+03 3
648 649 7.267e+08 0
649 0 1.960e+03 3
649 650 7.267e+08 0
65 0 1.960e+03 1
65 66 2.906e+09 0
650 0 1.960e+03 3
650 651 7.267e+08 0
651 0 1.960e+03 3
651 652 7.267e+08 0
652 0 1.960e+03 3
652 653 7.267e+08 0
653 0 1.960e+03 3
653 654 7.267e+08 0
654 0 1.960e+03 3
654 655 7.267e+08 0
655 0 1.960e+03 3
655 656 7.267e+08 1
656 0 1.960e+03 4
656 657 7.267e+08 0
657 0 1.960e+03 4
657 658 7.267e+08 0
658 0 1.960e+03 4
658 659 7.267e+08 0
659 0 1.960e+03 4
659 660 7.267e+08 0
66 0 1.960e+03 1
66 67 2.906e+09 0
660 0 1.960e+03 4
660 661 7.267e+08 0
661 0 1.960e+03 4
661 662 7.267e+08 0
662 0 1.960e+03 4
662 663 7.267e+08 0
663 0 1.960e+03 4
663 664 7.267e+08 0
664 0 1.960e+03 4
664 665 7.267e+08 0
665 0 1.960e+03 4
665 666 7.267e+08 0
666 0 1.960e+03 4
666 667 7.267e+08 0
667 0 1.960e+03 4
667 668 7.267e+08 0
668 0 1.960e+03 4
668 669 7.267e+08 0
669 0 1.960e+03 4
669 670 7.267e+08 0
67 0 1.960e+03 1
67 68 2.906e+09 0
670 0 1.960e+03 4
670 671 7.267e+08 0
671 0 1.960e+03 4
671 672 7.267e+08 2
672 0 1.960e+03 4
672 673 7.267e+08 0
673 0 1.960e+03 4
673 674 7.267e+08 0
674 0 1.960e+03 4
674 675 7.267e+08 0
675 0 1.960e+03 4
675 676 7.267e+08 0
676 0 1.960e+03 4
676 677 7.267e+08 0
677 0 1.960e+03 4
677 678 7.267e+08 0
678 0 1.960e+03 4
678 679 7.267e+08 0
679 0 1.960e+03 4
679 680 7.267e+08 0
68 0 1.960e+03 1
68 69 2.906e+09 0
680 0 1.960e+03 4
680 681 7.267e+08 0
681 0 1.960e+03 4
681 682 7.267e+08 0
682 0 1.960e+03 4
682 683 7.267e+08 0
683 0 1.960e+03 4
683 684 7.267e+08 0
684 0 1.960e+03 4
684 685 7.267e+08 0
685 0 1.960e+03 4
685 686 7.267e+08 0
686 0 1.960e+03 4
686 687 7.267e+08 0
687 0 1.960e+03 4
687 688 7.267e+08 1
688 0 1.960e+03 5
688 689 7.267e+08 0
689 0 1.960e+03 5
689 690 7.267e+08 0
69 0 1.960e+03 1
69 70 2.906e+09 0
690 0 1.960e+03 5
690 691 7.267e+08 0
691 0 1.960e+03 5
691 692 7.267e+08 0
692 0 1.960e+03 5
692 693 7.267e+08 0
693 0 1.960e+03 5
693 694 7.267e+08 0
694 0 1.960e+03 5
694 695 7.267e+08 0
695 0 1.960e+03 5
695 696 7.267e+08 0
696 0 1.960e+03 5
696 697 7.267e+08 0
697 0 1.960e+03 5
697 698 7.267e+08 0
698 0 1.960e+03 5
698 699 7.267e+08 0
699 0 1.960e+03 5
699 700 7.267e+08 0
7 0 7.267e+08 0
7 8 5.084e+09 0
70 0 1.960e+03 1
70 71 2.906e+09 0
700 0 1.960e+03 5
700 701 7.267e+08 0
701 0 1.960e+03 5
701 702 7.267e+08 0
702 0 1.960e+03 5
702 703 7.267e+08 0
703 0 1.960e+03 5
703 704 7.267e+08 3
704 0 1.960e+03 2
704 705 7.267e+08 0
705 0 1.960e+03 2
705 706 7.267e+08 0
706 0 1.960e+03 2
706 707 7.267e+08 0
707 0 1.960e+03 2
707 708 7.267e+08 0
708 0 1.960e+03 2
708 709 7.267e+08 0
709 0 1.960e+03 2
709 710 7.267e+08 0
71 0 1.960e+03 1
71 72 2.906e+09 0
710 0 1.960e+03 2
710 711 7.267e+08 0
711 0 1.960e+03 2
711 712 7.267e+08 0
712 0 1.960e+03 2
712 713 7.267e+08 0
713 0 1.960e+03 2
713 714 7.267e+08 0
714 0 1.960e+03 2
714 715 7.267e+08 0
715 0 1.960e+03 2
715 716 7.267e+08 0
716 0 1.960e+03 2
716 717 7.267e+08 0
717 0 1.960e+03 2
717 718 7.267e+08 0
718 0 1.960e+03 2
718 719 7.267e+08 0
719 0 1.960e+03 2
719 720 7.267e+08 1
72 0 1.960e+03 1
72 73 2.906e+09 0
720 0 1.960e+03 3
720 721 7.267e+08 0
721 0 1.960e+03 3
721 722 7.267e+08 0
722 0 1.960e+03 3
722 723 7.267e+08 0
723 0 1.960e+03 3
723 724 7.267e+08 0
724 0 1.960e+03 3
724 725 7.267e+08 0
725 0 1.960e+03 3
725 726 7.267e+08 0
726 0 1.960e+03 3
726 727 7.267e+08 0
727 0 1.960e+03 3
727 728 7.267e+08 0
728 0 1.960e+03 3
728 729 7.267e+08 0
729 0 1.960e+03 3
729 730 7.267e+08 0
73 0 1.960e+03 1
73 74 2.906e+09 0
730 0 1.960e+03 3
730 731 7.267e+08 0
731 0 1.960e+03 3
731 732 7.267e+08 0
732 0 1.960e+03 3
732 733 7.267e+08 0
733 0 1.960e+03 3
733 734 7.267e+08 0
734 0 1.960e+03 3
734 735 7.267e+08 0
735 0 1.960e+03 3
735 736 7.267e+08 2
736 0 1.960e+03 3
736 737 7.267e+08 0
737 0 1.960e+03 3
737 738 7.267e+08 0
738 0 1.960e+03 3
738 739 7.267e+08 0
739 0 1.960e+03 3
739 740 7.267e+08 0
74 0 1.960e+03 1
74 75 2.906e+09 0
740 0 1.960e+03 3
740 741 7.267e+08 0
741 0 1.960e+03 3
741 742 7.267e+08 0
742 0 1.960e+03 3
742 743 7.267e+08 0
743 0 1.960e+03 3
743 744 7.267e+08 0
744 0 1.960e+03 3
744 745 7.267e+08 0
745 0 1.960e+03 3
745 746 7.267e+08 0
746 0 1.960e+03 3
746 747 7.267e+08 0
747 0 1.960e+03 3
747 748 7.267e+08 0
748 0 1.960e+03 3
748 749 7.267e+08 0
749 0 1.960e+03 3
749 750 7.267e+08 0
75 0 1.960e+03 1
75 76 2.906e+09 0
750 0 1.960e+03 3
750 751 7.267e+08 0
751 0 1.960e+03 3
751 752 7.267e+08 1
752 0 1.960e+03 4
752 753 7.267e+08 0
753 0 1.960e+03 4
753 754 7.267e+08 0
754 0 1.960e+03 4
754 755 7.267e+08 0
755 0 1.960e+03 4
755 756 7.267e+08 0
756 0 1.960e+03 4
756 757 7.267e+08 0
757 0 1.960e+03 4
757 758 7.267e+08 0
758 0 1.960e+03 4
758 759 7.267e+08 0
759 0 1.960e+03 4
759 760 7.267e+08 0
76 0 1.960e+03 1
76 77 2.906e+09 0
760 0 1.960e+03 4
760 761 7.267e+08 0
761 0 1.960e+03 4
761 762 7.267e+08 0
762 0 1.960e+03 4
762 763 7.267e+08 0
763 0 1.960e+03 4
763 764 7.267e+08 0
764 0 1.960e+03 4
764 765 7.267e+08 0
765 0 1.960e+03 4
765 766 7.267e+08 0
766 0 1.960e+03 4
766 767 7.267e+08 0
767 0 1.960e+03 4
767 768 7.267e+08 4
768 0 1.960e+03 2
768 769 7.267e+08 0
769 0 1.960e+03 2
769 770 7.267e+08 0
77 0 1.960e+03 1
77 78 2.906e+09 0
770 0 1.960e+03 2
770 771 7.267e+08 0
771 0 1.960e+03 2
771 772 7.267e+08 0
772 0 1.960e+03 2
772 773 7.267e+08 0
773 0 1.960e+03 2
773 774 7.267e+08 0
774 0 1.960e+03 2
774 775 7.267e+08 0
775 0 1.960e+03 2
775 776 7.267e+08 0
776 0 1.960e+03 2
776 777 7.267e+08 0
777 0 1.960e+03 2
777 778 7.267e+08 0
778 0 1.960e+03 2
778 779 7.267e+08 0
779 0 1.960e+03 2
779 780 7.267e+08 0
78 0 1.960e+03 1
78 79 2.906e+09 0
780 0 1.960e+03 2
780 781 7.267e+08 0
781 0 1.960e+03 2
781 782 7.267e+08 0
782 0 1.960e+03 2
782 783 7.267e+08 0
783 0 1.960e+03 2
783 784 7.267e+08 1
784 0 1.960e+03 3
784 785 7.267e+08 0
785 0 1.960e+03 3
785 786 7.267e+08 0
786 0 1.960e+03 3
786 787 7.267e+08 0
787 0 1.960e+03 3
787 788 7.267e+08 0
788 0 1.960e+03 3
788 789 7.267e+08 0
789 0 1.960e+03 3
789 790 7.267e+08 0
79 0 1.960e+03 1
79 80 2.906e+09 1
790 0 1.960e+03 3
790 791 7.267e+08 0
791 0 1.960e+03 3
791 792 7.267e+08 0
792 0 1.960e+03 3
792 793 7.267e+08 0
793 0 1.960e+03 3
793 794 7.267e+08 0
794 0 1.960e+03 3
794 795 7.267e+08 0
795 0 1.960e+03 3
795 796 7.267e+08 0
796 0 1.960e+03 3
796 797 7.267e+08 0
797 0 1.960e+03 3
797 798 7.267e+08 0
798 0 1.960e+03 3
798 799 7.267e+08 0
799 0 1.960e+03 3
799 800 7.267e+08 2
8 0 1.960e+03 0
8 9 5.084e+09 0
80 0 1.960e+03 2
80 81 2.906e+09 0
800 0 1.960e+03 3
800 801 7.267e+08 0
801 0 1.960e+03 3
801 802 7.267e+08 0
802 0 1.960e+03 3
802 803 7.267e+08 0
803 0 1.960e+03 3
803 804 7.267e+08 0
804 0 1.960e+03 3
804 805 7.267e+08 0
805 0 1.960e+03 3
805 806 7.267e+08 0
806 0 1.960e+03 3
806 807 7.267e+08 0
807 0 1.960e+03 3
807 808 7.267e+08 0
808 0 1.960e+03 3
808 809 7.267e+08 0
809 0 1.960e+03 3
809 810 7.267e+08 0
81 0 1.960e+03 2
81 82 2.906e+09 0
810 0 1.960e+03 3
810 811 7.267e+08 0
811 0 1.960e+03 3
811 812 7.267e+08 0
812 0 1.960e+03 3
812 813 7.267e+08 0
813 0 1.960e+03 3
813 814 7.267e+08 0
814 0 1.960e+03 3
814 815 7.267e+08 0
815 0 1.960e+03 3
815 816 7.267e+08 1
816 0 1.960e+03 4
816 817 7.267e+08 0
817 0 1.960e+03 4
817 818 7.267e+08 0
818 0 1.960e+03 4
818 819 7.267e+08 0
819 0 1.960e+03 4
819 820 7.267e+08 0
82 0 1.960e+03 2
82 83 2.906e+09 0
820 0 1.960e+03 4
820 821 7.267e+08 0
821 0 1.960e+03 4
821 822 7.267e+08 0
822 0 1.960e+03 4
822 823 7.267e+08 0
823 0 1.960e+03 4
823 824 7.267e+08 0
824 0 1.960e+03 4
824 825 7.267e+08 0
825 0 1.960e+03 4
825 826 7.267e+08 0
826 0 1.960e+03 4
826 827 7.267e+08 0
827 0 1.960e+03 4
827 828 7.267e+08 0
828 0 1.960e+03 4
828 829 7.267e+08 0
829 0 1.960e+03 4
829 830 7.267e+08 0
83 0 1.960e+03 2
83 84 2.906e+09 0
830 0 1.960e+03 4
830 831 7.267e+08 0
831 0 1.960e+03 4
831 832 7.267e+08 3
832 0 1.960e+03 3
832 833 7.267e+08 0
833 0 1.960e+03 3
833 834 7.267e+08 0
834 0 1.960e+03 3
834 835 7.267e+08 0
835 0 1.960e+03 3
835 836 7.267e+08 0
836 0 1.960e+03 3
836 837 7.267e+08 0
837 0 1.960e+03 3
837 838 7.267e+08 0
838 0 1.960e+03 3
838 839 7.267e+08 0
839 0 1.960e+03 3
839 840 7.267e+08 0
84 0 1.960e+03 2
84 85 2.906e+09 0
840 0 1.960e+03 3
840 841 7.267e+08 0
841 0 1.960e+03 3
841 842 7.267e+08 0
842 0 1.960e+03 3
842 843 7.267e+08 0
843 0 1.960e+03 3
843 844 7.267e+08 0
844 0 1.960e+03 3
844 845 7.267e+08 0
845 0 1.960e+03 3
845 846 7.267e+08 0
846 0 1.960e+03 3
846 847 7.267e+08 0
847 0 1.960e+03 3
847 848 7.267e+08 1
848 0 1.960e+03 4
848 849 7.267e+08 0
849 0 1.960e+03 4
849 850 7.267e+08 0
85 0 1.960e+03 2
85 86 2.906e+09 0
850 0 1.960e+03 4
850 851 7.267e+08 0
851 0 1.960e+03 4
851 852 7.267e+08 0
852 0 1.960e+03 4
852 853 7.267e+08 0
853 0 1.960e+03 4
853 854 7.267e+08 0
854 0 1.960e+03 4
854 855 7.267e+08 0
855 0 1.960e+03 4
855 856 7.267e+08 0
856 0 1.960e+03 4
856 857 7.267e+08 0
857 0 1.960e+03 4
857 858 7.267e+08 0
858 0 1.960e+03 4
858 859 7.267e+08 0
859 0 1.960e+03 4
859 860 7.267e+08 0
86 0 1.960e+03 2
86 87 2.906e+09 0
860 0 1.960e+03 4
860 861 7.267e+08 0
861 0 1.960e+03 4
861 862 7.267e+08 0
862 0 1.960e+03 4
862 863 7.267e+08 0
863 0 1.960e+03 4
863 864 7.267e+08 2
864 0 1.960e+03 4
864 865 7.267e+08 0
865 0 1.960e+03 4
865 866 7.267e+08 0
866 0 1.960e+03 4
866 867 7.267e+08 0
867 0 1.960e+03 4
867 868 7.267e+08 0
868 0 1.960e+03 4
868 869 7.267e+08 0
869 0 1.960e+03 4
869 870 7.267e+08 0
87 0 1.960e+03 2
87 88 2.906e+09 0
870 0 1.960e+03 4
870 871 7.267e+08 0
871 0 1.960e+03 4
871 872 7.267e+08 0
872 0 1.960e+03 4
872 873 7.267e+08 0
873 0 1.960e+03 4
873 874 7.267e+08 0
874 0 1.960e+03 4
874 875 7.267e+08 0
875 0 1.960e+03 4
875 876 7.267e+08 0
876 0 1.960e+03 4
876 877 7.267e+08 0
877 0 1.960e+03 4
877 878 7.267e+08 0
878 0 1.960e+03 4
878 879 7.267e+08 0
879 0 1.960e+03 4
879 880 7.267e+08 1
88 0 1.960e+03 2
88 89 2.906e+09 0
880 0 1.960e+03 5
880 881 7.267e+08 0
881 0 1.960e+03 5
881 882 7.267e+08 0
882 0 1.960e+03 5
882 883 7.267e+08 0
883 0 1.960e+03 5
883 884 7.267e+08 0
884 0 1.960e+03 5
884 885 7.267e+08 0
885 0 1.960e+03 5
885 886 7.267e+08 0
886 0 1.960e+03 5
886 887 7.267e+08 0
887 0 1.960e+03 5
887 888 7.267e+08 0
888 0 1.960e+03 5
888 889 7.267e+08 0
889 0 1.960e+03 5
889 890 7.267e+08 0
89 0 1.960e+03 2
89 90 2.906e+09 0
890 0 1.960e+03 5
890 891 7.267e+08 0
891 0 1.960e+03 5
891 892 7.267e+08 0
892 0 1.960e+03 5
892 893 7.267e+08 0
893 0 1.960e+03 5
893 894 7.267e+08 0
894 0 1.960e+03 5
894 895 7.267e+08 0
895 0 1.960e+03 5
895 896 7.267e+08 3
896 0 1.960e+03 4
896 897 7.267e+08 0
897 0 1.960e+03 4
897 898 7.267e+08 0
898 0 1.960e+03 4
898 899 7.267e+08 0
899 0 1.960e+03 4
899 900 7.267e+08 0
9 0 1.960e+03 0
9 10 5.084e+09 0
90 0 1.960e+03 2
90 91 2.906e+09 0
900 0 1.960e+03 4
900 901 7.267e+08 0
901 0 1.960e+03 4
901 902 7.267e+08 0
902 0 1.960e+03 4
902 903 7.267e+08 0
903 0 1.960e+03 4
903 904 7.267e+08 0
904 0 1.960e+03 4
904 905 7.267e+08 0
905 0 1.960e+03 4
905 906 7.267e+08 0
906 0 1.960e+03 4
906 907 7.267e+08 0
907 0 1.960e+03 4
907 908 7.267e+08 0
908 0 1.960e+03 4
908 909 7.267e+08 0
909 0 1.960e+03 4
909 910 7.267e+08 0
91 0 1.960e+03 2
91 92 2.906e+09 0
910 0 1.960e+03 4
910 911 7.267e+08 0
911 0 1.960e+03 4
911 912 7.267e+08 1
912 0 1.960e+03 5
912 913 7.267e+08 0
913 0 1.960e+03 5
913 914 7.267e+08 0
914 0 1.960e+03 5
914 915 7.267e+08 0
915 0 1.960e+03 5
915 916 7.267e+08 0
916 0 1.960e+03 5
916 917 7.267e+08 0
917 0 1.960e+03 5
917 918 7.267e+08 0
918 0 1.960e+03 5
918 919 7.267e+08 0
919 0 1.960e+03 5
919 920 7.267e+08 0
92 0 1.960e+03 2
92 93 2.906e+09 0
920 0 1.960e+03 5
920 921 7.267e+08 0
921 0 1.960e+03 5
921 922 7.267e+08 0
922 0 1.960e+03 5
922 923 7.267e+08 0
923 0 1.960e+03 5
923 924 7.267e+08 0
924 0 1.960e+03 5
924 925 7.267e+08 0
925 0 1.960e+03 5
925 926 7.267e+08 0
926 0 1.960e+03 5
926 927 7.267e+08 0
927 0 1.960e+03 5
927 928 7.267e+08 2
928 0 1.960e+03 5
928 929 7.267e+08 0
929 0 1.960e+03 5
929 930 7.267e+08 0
93 0 1.960e+03 2
93 94 2.906e+09 0
930 0 1.960e+03 5
930 931 7.267e+08 0
931 0 1.960e+03 5
931 932 7.267e+08 0
932 0 1.960e+03 5
932 933 7.267e+08 0
933 0 1.960e+03 5
933 934 7.267e+08 0
934 0 1.960e+03 5
934 935 7.267e+08 0
935 0 1.960e+03 5
935 936 7.267e+08 0
936 0 1.960e+03 5
936 937 7.267e+08 0
937 0 1.960e+03 5
937 938 7.267e+08 0
938 0 1.960e+03 5
938 939 7.267e+08 0
939 0 1.960e+03 5
939 940 7.267e+08 0
94 0 1.960e+03 2
94 95 2.906e+09 0
940 0 1.960e+03 5
940 941 7.267e+08 0
941 0 1.960e+03 5
941 942 7.267e+08 0
942 0 1.960e+03 5
942 943 7.267e+08 0
943 0 1.960e+03 5
943 944 7.267e+08 1
944 0 1.960e+03 6
944 945 7.267e+08 0
945 0 1.960e+03 6
945 946 7.267e+08 0
946 0 1.960e+03 6
946 947 7.267e+08 0
947 0 1.960e+03 6
947 948 7.267e+08 0
948 0 1.960e+03 6
948 949 7.267e+08 0
949 0 1.960e+03 6
949 950 7.267e+08 0
95 0 1.960e+03 2
95 96 2.906e+09 2
950 0 1.960e+03 6
950 951 7.267e+08 0
951 0 1.960e+03 6
951 952 7.267e+08 0
952 0 1.960e+03 6
952 953 7.267e+08 0
953 0 1.960e+03 6
953 954 7.267e+08 0
954 0 1.960e+03 6
954 955 7.267e+08 0
955 0 1.960e+03 6
955 956 7.267e+08 0
956 0 1.960e+03 6
956 957 7.267e+08 0
957 0 1.960e+03 6
957 958 7.267e+08 0
958 0 1.960e+03 6
958 959 7.267e+08 0
959 0 1.960e+03 6
959 960 7.267e+08 3
96 0 1.960e+03 2
96 97 2.906e+09 0
960 0 1.960e+03 3
960 961 7.267e+08 0
961 0 1.960e+03 3
961 962 7.267e+08 0
962 0 1.960e+03 3
962 963 7.267e+08 0
963 0 1.960e+03 3
963 964 7.267e+08 0
964 0 1.960e+03 3
964 965 7.267e+08 0
965 0 1.960e+03 3
965 966 7.267e+08 0
966 0 1.960e+03 3
966 967 7.267e+08 0
967 0 1.960e+03 3
967 968 7.267e+08 0
968 0 1.960e+03 3
968 969 7.267e+08 0
969 0 1.960e+03 3
969 970 7.267e+08 0
97 0 1.960e+03 2
97 98 2.906e+09 0
970 0 1.960e+03 3
970 971 7.267e+08 0
971 0 1.960e+03 3
971 972 7.267e+08 0
972 0 1.960e+03 3
972 973 7.267e+08 0
973 0 1.960e+03 3
973 974 7.267e+08 0
974 0 1.960e+03 3
974 975 7.267e+08 0
975 0 1.960e+03 3
975 976 7.267e+08 1
976 0 1.960e+03 4
976 977 7.267e+08 0
977 0 1.960e+03 4
977 978 7.267e+08 0
978 0 1.960e+03 4
978 979 7.267e+08 0
979 0 1.960e+03 4
979 980 7.267e+08 0
98 0 1.960e+03 2
98 99 2.906e+09 0
980 0 1.960e+03 4
980 981 7.267e+08 0
981 0 1.960e+03 4
981 982 7.267e+08 0
982 0 1.960e+03 4
982 983 7.267e+08 0
983 0 1.960e+03 4
983 984 7.267e+08 0
984 0 1.960e+03 4
984 985 7.267e+08 0
985 0 1.960e+03 4
985 986 7.267e+08 0
986 0 1.960e+03 4
986 987 7.267e+08 0
987 0 1.960e+03 4
987 988 7.267e+08 0
988 0 1.960e+03 4
988 989 7.267e+08 0
989 0 1.960e+03 4
989 990 7.267e+08 0
99 0 1.960e+03 2
99 100 2.906e+09 0
990 0 1.960e+03 4
990 991 7.267e+08 0
991 0 1.960e+03 4
991 992 7.267e+08 2
992 0 1.960e+03 4
992 993 7.267e+08 0
993 0 1.960e+03 4
993 994 7.267e+08 0
994 0 1.960e+03 4
994 995 7.267e+08 0
995 0 1.960e+03 4
995 996 7.267e+08 0
996 0 1.960e+03 4
996 997 7.267e+08 0
997 0 1.960e+03 4
997 998 7.267e+08 0
998 0 1.960e+03 4
998 999 7.267e+08 0
999 0 1.960e+03 4
999 1000 7.267e+08 0
