0 0 1.728e+03 0
0 1 6.535e+09 0
1 0 7.267e+08 0
1 2 5.809e+09 0
10 0 1.764e+03 0
10 11 4.358e+09 0
100 0 1.764e+03 2
100 101 2.180e+09 0
101 0 1.764e+03 2
101 102 2.180e+09 0
102 0 1.764e+03 2
102 103 2.180e+09 0
103 0 1.764e+03 2
103 104 2.180e+09 0
104 0 1.764e+03 2
104 105 2.180e+09 0
105 0 1.764e+03 2
105 106 2.180e+09 0
106 0 1.764e+03 2
106 107 2.180e+09 0
107 0 1.764e+03 2
107 108 2.180e+09 0
108 0 1.764e+03 2
108 109 2.180e+09 0
109 0 1.764e+03 2
109 110 2.180e+09 0
11 0 1.764e+03 0
11 12 4.358e+09 0
110 0 1.764e+03 2
110 111 2.180e+09 0
111 0 1.764e+03 2
111 112 2.180e+09 1
112 0 1.764e+03 3
112 113 2.180e+09 0
113 0 1.764e+03 3
113 114 2.180e+09 0
114 0 1.764e+03 3
114 115 2.180e+09 0
115 0 1.764e+03 3
115 116 2.180e+09 0
116 0 1.764e+03 3
116 117 2.180e+09 0
117 0 1.764e+03 3
117 118 2.180e+09 0
118 0 1.764e+03 3
118 119 2.180e+09 0
119 0 1.764e+03 3
119 120 2.180e+09 0
12 0 1.764e+03 0
12 13 4.358e+09 0
120 0 1.764e+03 3
120 121 2.180e+09 0
121 0 1.764e+03 3
121 122 2.180e+09 0
122 0 1.764e+03 3
122 123 2.180e+09 0
123 0 1.764e+03 3
123 124 2.180e+09 0
124 0 1.764e+03 3
124 125 2.180e+09 0
125 0 1.764e+03 3
125 126 2.180e+09 0
126 0 1.764e+03 3
126 127 2.180e+09 0
127 0 7.267e+08 3
127 128 1.453e+09 4
128 0 1.764e+03 1
128 129 1.453e+09 0
129 0 1.764e+03 1
129 130 1.453e+09 0
13 0 1.764e+03 0
13 14 4.358e+09 0
130 0 1.764e+03 1
130 131 1.453e+09 0
131 0 1.764e+03 1
131 132 1.453e+09 0
132 0 1.764e+03 1
132 133 1.453e+09 0
133 0 1.764e+03 1
133 134 1.453e+09 0
134 0 1.764e+03 1
134 135 1.453e+09 0
135 0 1.764e+03 1
135 136 1.453e+09 0
136 0 1.764e+03 1
136 137 1.453e+09 0
137 0 1.764e+03 1
137 138 1.453e+09 0
138 0 1.764e+03 1
138 139 1.453e+09 0
139 0 1.764e+03 1
139 140 1.453e+09 0
14 0 1.764e+03 0
14 15 4.358e+09 0
140 0 1.764e+03 1
140 141 1.453e+09 0
141 0 1.764e+03 1
141 142 1.453e+09 0
142 0 1.764e+03 1
142 143 1.453e+09 0
143 0 1.764e+03 1
143 144 1.453e+09 1
144 0 1.764e+03 2
144 145 1.453e+09 0
145 0 1.764e+03 2
145 146 1.453e+09 0
146 0 1.764e+03 2
146 147 1.453e+09 0
147 0 1.764e+03 2
147 148 1.453e+09 0
148 0 1.764e+03 2
148 149 1.453e+09 0
149 0 1.764e+03 2
149 150 1.453e+09 0
15 0 7.267e+08 0
15 16 3.632e+09 1
150 0 1.764e+03 2
150 151 1.453e+09 0
151 0 1.764e+03 2
151 152 1.453e+09 0
152 0 1.764e+03 2
152 153 1.453e+09 0
153 0 1.764e+03 2
153 154 1.453e+09 0
154 0 1.764e+03 2
154 155 1.453e+09 0
155 0 1.764e+03 2
155 156 1.453e+09 0
156 0 1.764e+03 2
156 157 1.453e+09 0
157 0 1.764e+03 2
157 158 1.453e+09 0
158 0 1.764e+03 2
158 159 1.453e+09 0
159 0 1.764e+03 2
159 160 1.453e+09 2
16 0 1.764e+03 1
16 17 3.632e+09 0
160 0 1.764e+03 2
160 161 1.453e+09 0
161 0 1.764e+03 2
161 162 1.453e+09 0
162 0 1.764e+03 2
162 163 1.453e+09 0
163 0 1.764e+03 2
163 164 1.453e+09 0
164 0 1.764e+03 2
164 165 1.453e+09 0
165 0 1.764e+03 2
165 166 1.453e+09 0
166 0 1.764e+03 2
166 167 1.453e+09 0
167 0 1.764e+03 2
167 168 1.453e+09 0
168 0 1.764e+03 2
168 169 1.453e+09 0
169 0 1.764e+03 2
169 170 1.453e+09 0
17 0 1.764e+03 1
17 18 3.632e+09 0
170 0 1.764e+03 2
170 171 1.453e+09 0
171 0 1.764e+03 2
171 172 1.453e+09 0
172 0 1.764e+03 2
172 173 1.453e+09 0
173 0 1.764e+03 2
173 174 1.453e+09 0
174 0 1.764e+03 2
174 175 1.453e+09 0
175 0 1.764e+03 2
175 176 1.453e+09 1
176 0 1.764e+03 3
176 177 1.453e+09 0
177 0 1.764e+03 3
177 178 1.453e+09 0
178 0 1.764e+03 3
178 179 1.453e+09 0
179 0 1.764e+03 3
179 180 1.453e+09 0
18 0 1.764e+03 1
18 19 3.632e+09 0
180 0 1.764e+03 3
180 181 1.453e+09 0
181 0 1.764e+03 3
181 182 1.453e+09 0
182 0 1.764e+03 3
182 183 1.453e+09 0
183 0 1.764e+03 3
183 184 1.453e+09 0
184 0 1.764e+03 3
184 185 1.453e+09 0
185 0 1.764e+03 3
185 186 1.453e+09 0
186 0 1.764e+03 3
186 187 1.453e+09 0
187 0 1.764e+03 3
187 188 1.453e+09 0
188 0 1.764e+03 3
188 189 1.453e+09 0
189 0 1.764e+03 3
189 190 1.453e+09 0
19 0 1.764e+03 1
19 20 3.632e+09 0
190 0 1.764e+03 3
190 191 1.453e+09 0
191 0 1.764e+03 3
191 192 1.453e+09 3
192 0 1.764e+03 2
192 193 1.453e+09 0
193 0 1.764e+03 2
193 194 1.453e+09 0
194 0 1.764e+03 2
194 195 1.453e+09 0
195 0 1.764e+03 2
195 196 1.453e+09 0
196 0 1.764e+03 2
196 197 1.453e+09 0
197 0 1.764e+03 2
197 198 1.453e+09 0
198 0 1.764e+03 2
198 199 1.453e+09 0
199 0 1.764e+03 2
199 200 1.453e+09 0
2 0 1.764e+03 0
2 3 5.809e+09 0
20 0 1.764e+03 1
20 21 3.632e+09 0
200 0 1.764e+03 2
200 201 1.453e+09 0
201 0 1.764e+03 2
201 202 1.453e+09 0
202 0 1.764e+03 2
202 203 1.453e+09 0
203 0 1.764e+03 2
203 204 1.453e+09 0
204 0 1.764e+03 2
204 205 1.453e+09 0
205 0 1.764e+03 2
205 206 1.453e+09 0
206 0 1.764e+03 2
206 207 1.453e+09 0
207 0 1.764e+03 2
207 208 1.453e+09 1
208 0 1.764e+03 3
208 209 1.453e+09 0
209 0 1.764e+03 3
209 210 1.453e+09 0
21 0 1.764e+03 1
21 22 3.632e+09 0
210 0 1.764e+03 3
210 211 1.453e+09 0
211 0 1.764e+03 3
211 212 1.453e+09 0
212 0 1.764e+03 3
212 213 1.453e+09 0
213 0 1.764e+03 3
213 214 1.453e+09 0
214 0 1.764e+03 3
214 215 1.453e+09 0
215 0 1.764e+03 3
215 216 1.453e+09 0
216 0 1.764e+03 3
216 217 1.453e+09 0
217 0 1.764e+03 3
217 218 1.453e+09 0
218 0 1.764e+03 3
218 219 1.453e+09 0
219 0 1.764e+03 3
219 220 1.453e+09 0
22 0 1.764e+03 1
22 23 3.632e+09 0
220 0 1.764e+03 3
220 221 1.453e+09 0
221 0 1.764e+03 3
221 222 1.453e+09 0
222 0 1.764e+03 3
222 223 1.453e+09 0
223 0 1.764e+03 3
223 224 1.453e+09 2
224 0 1.764e+03 3
224 225 1.453e+09 0
225 0 1.764e+03 3
225 226 1.453e+09 0
226 0 1.764e+03 3
226 227 1.453e+09 0
227 0 1.764e+03 3
227 228 1.453e+09 0
228 0 1.764e+03 3
228 229 1.453e+09 0
229 0 1.764e+03 3
229 230 1.453e+09 0
23 0 1.764e+03 1
23 24 3.632e+09 0
230 0 1.764e+03 3
230 231 1.453e+09 0
231 0 1.764e+03 3
231 232 1.453e+09 0
232 0 1.764e+03 3
232 233 1.453e+09 0
233 0 1.764e+03 3
233 234 1.453e+09 0
234 0 1.764e+03 3
234 235 1.453e+09 0
235 0 1.764e+03 3
235 236 1.453e+09 0
236 0 1.764e+03 3
236 237 1.453e+09 0
237 0 1.764e+03 3
237 238 1.453e+09 0
238 0 1.764e+03 3
238 239 1.453e+09 0
239 0 1.764e+03 3
239 240 1.453e+09 1
24 0 1.764e+03 1
24 25 3.632e+09 0
240 0 1.764e+03 4
240 241 1.453e+09 0
241 0 1.764e+03 4
241 242 1.453e+09 0
242 0 1.764e+03 4
242 243 1.453e+09 0
243 0 1.764e+03 4
243 244 1.453e+09 0
244 0 1.764e+03 4
244 245 1.453e+09 0
245 0 1.764e+03 4
245 246 1.453e+09 0
246 0 1.764e+03 4
246 247 1.453e+09 0
247 0 1.764e+03 4
247 248 1.453e+09 0
248 0 1.764e+03 4
248 249 1.453e+09 0
249 0 1.764e+03 4
249 250 1.453e+09 0
25 0 1.764e+03 1
25 26 3.632e+09 0
250 0 1.764e+03 4
250 251 1.453e+09 0
251 0 1.764e+03 4
251 252 1.453e+09 0
252 0 1.764e+03 4
252 253 1.453e+09 0
253 0 1.764e+03 4
253 254 1.453e+09 0
254 0 1.764e+03 4
254 255 1.453e+09 0
255 0 7.267e+08 4
255 256 7.267e+08 5
256 0 1.764e+03 1
256 257 7.267e+08 0
257 0 1.764e+03 1
257 258 7.267e+08 0
258 0 1.764e+03 1
258 259 7.267e+08 0
259 0 1.764e+03 1
259 260 7.267e+08 0
26 0 1.764e+03 1
26 27 3.632e+09 0
260 0 1.764e+03 1
260 261 7.267e+08 0
261 0 1.764e+03 1
261 262 7.267e+08 0
262 0 1.764e+03 1
262 263 7.267e+08 0
263 0 1.764e+03 1
263 264 7.267e+08 0
264 0 1.764e+03 1
264 265 7.267e+08 0
265 0 1.764e+03 1
265 266 7.267e+08 0
266 0 1.764e+03 1
266 267 7.267e+08 0
267 0 1.764e+03 1
267 268 7.267e+08 0
268 0 1.764e+03 1
268 269 7.267e+08 0
269 0 1.764e+03 1
269 270 7.267e+08 0
27 0 1.764e+03 1
27 28 3.632e+09 0
270 0 1.764e+03 1
270 271 7.267e+08 0
271 0 1.764e+03 1
271 272 7.267e+08 1
272 0 1.764e+03 2
272 273 7.267e+08 0
273 0 1.764e+03 2
273 274 7.267e+08 0
274 0 1.764e+03 2
274 275 7.267e+08 0
275 0 1.764e+03 2
275 276 7.267e+08 0
276 0 1.764e+03 2
276 277 7.267e+08 0
277 0 1.764e+03 2
277 278 7.267e+08 0
278 0 1.764e+03 2
278 279 7.267e+08 0
279 0 1.764e+03 2
279 280 7.267e+08 0
28 0 1.764e+03 1
28 29 3.632e+09 0
280 0 1.764e+03 2
280 281 7.267e+08 0
281 0 1.764e+03 2
281 282 7.267e+08 0
282 0 1.764e+03 2
282 283 7.267e+08 0
283 0 1.764e+03 2
283 284 7.267e+08 0
284 0 1.764e+03 2
284 285 7.267e+08 0
285 0 1.764e+03 2
285 286 7.267e+08 0
286 0 1.764e+03 2
286 287 7.267e+08 0
287 0 1.764e+03 2
287 288 7.267e+08 2
288 0 1.764e+03 2
288 289 7.267e+08 0
289 0 1.764e+03 2
289 290 7.267e+08 0
29 0 1.764e+03 1
29 30 3.632e+09 0
290 0 1.764e+03 2
290 291 7.267e+08 0
291 0 1.764e+03 2
291 292 7.267e+08 0
292 0 1.764e+03 2
292 293 7.267e+08 0
293 0 1.764e+03 2
293 294 7.267e+08 0
294 0 1.764e+03 2
294 295 7.267e+08 0
295 0 1.764e+03 2
295 296 7.267e+08 0
296 0 1.764e+03 2
296 297 7.267e+08 0
297 0 1.764e+03 2
297 298 7.267e+08 0
298 0 1.764e+03 2
298 299 7.267e+08 0
299 0 1.764e+03 2
299 300 7.267e+08 0
3 0 7.267e+08 0
3 4 5.084e+09 0
30 0 1.764e+03 1
30 31 3.632e+09 0
300 0 1.764e+03 2
300 301 7.267e+08 0
301 0 1.764e+03 2
301 302 7.267e+08 0
302 0 1.764e+03 2
302 303 7.267e+08 0
303 0 1.764e+03 2
303 304 7.267e+08 1
304 0 1.764e+03 3
304 305 7.267e+08 0
305 0 1.764e+03 3
305 306 7.267e+08 0
306 0 1.764e+03 3
306 307 7.267e+08 0
307 0 1.764e+03 3
307 308 7.267e+08 0
308 0 1.764e+03 3
308 309 7.267e+08 0
309 0 1.764e+03 3
309 310 7.267e+08 0
31 0 7.267e+08 1
31 32 2.906e+09 2
310 0 1.764e+03 3
310 311 7.267e+08 0
311 0 1.764e+03 3
311 312 7.267e+08 0
312 0 1.764e+03 3
312 313 7.267e+08 0
313 0 1.764e+03 3
313 314 7.267e+08 0
314 0 1.764e+03 3
314 315 7.267e+08 0
315 0 1.764e+03 3
315 316 7.267e+08 0
316 0 1.764e+03 3
316 317 7.267e+08 0
317 0 1.764e+03 3
317 318 7.267e+08 0
318 0 1.764e+03 3
318 319 7.267e+08 0
319 0 1.764e+03 3
319 320 7.267e+08 3
32 0 1.764e+03 1
32 33 2.906e+09 0
320 0 1.764e+03 2
320 321 7.267e+08 0
321 0 1.764e+03 2
321 322 7.267e+08 0
322 0 1.764e+03 2
322 323 7.267e+08 0
323 0 1.764e+03 2
323 324 7.267e+08 0
324 0 1.764e+03 2
324 325 7.267e+08 0
325 0 1.764e+03 2
325 326 7.267e+08 0
326 0 1.764e+03 2
326 327 7.267e+08 0
327 0 1.764e+03 2
327 328 7.267e+08 0
328 0 1.764e+03 2
328 329 7.267e+08 0
329 0 1.764e+03 2
329 330 7.267e+08 0
33 0 1.764e+03 1
33 34 2.906e+09 0
330 0 1.764e+03 2
330 331 7.267e+08 0
331 0 1.764e+03 2
331 332 7.267e+08 0
332 0 1.764e+03 2
332 333 7.267e+08 0
333 0 1.764e+03 2
333 334 7.267e+08 0
334 0 1.764e+03 2
334 335 7.267e+08 0
335 0 1.764e+03 2
335 336 7.267e+08 1
336 0 1.764e+03 3
336 337 7.267e+08 0
337 0 1.764e+03 3
337 338 7.267e+08 0
338 0 1.764e+03 3
338 339 7.267e+08 0
339 0 1.764e+03 3
339 340 7.267e+08 0
34 0 1.764e+03 1
34 35 2.906e+09 0
340 0 1.764e+03 3
340 341 7.267e+08 0
341 0 1.764e+03 3
341 342 7.267e+08 0
342 0 1.764e+03 3
342 343 7.267e+08 0
343 0 1.764e+03 3
343 344 7.267e+08 0
344 0 1.764e+03 3
344 345 7.267e+08 0
345 0 1.764e+03 3
345 346 7.267e+08 0
346 0 1.764e+03 3
346 347 7.267e+08 0
347 0 1.764e+03 3
347 348 7.267e+08 0
348 0 1.764e+03 3
348 349 7.267e+08 0
349 0 1.764e+03 3
349 350 7.267e+08 0
35 0 1.764e+03 1
35 36 2.906e+09 0
350 0 1.764e+03 3
350 351 7.267e+08 0
351 0 1.764e+03 3
351 352 7.267e+08 2
352 0 1.764e+03 3
352 353 7.267e+08 0
353 0 1.764e+03 3
353 354 7.267e+08 0
354 0 1.764e+03 3
354 355 7.267e+08 0
355 0 1.764e+03 3
355 356 7.267e+08 0
356 0 1.764e+03 3
356 357 7.267e+08 0
357 0 1.764e+03 3
357 358 7.267e+08 0
358 0 1.764e+03 3
358 359 7.267e+08 0
359 0 1.764e+03 3
359 360 7.267e+08 0
36 0 1.764e+03 1
36 37 2.906e+09 0
360 0 1.764e+03 3
360 361 7.267e+08 0
361 0 1.764e+03 3
361 362 7.267e+08 0
362 0 1.764e+03 3
362 363 7.267e+08 0
363 0 1.764e+03 3
363 364 7.267e+08 0
364 0 1.764e+03 3
364 365 7.267e+08 0
365 0 1.764e+03 3
365 366 7.267e+08 0
366 0 1.764e+03 3
366 367 7.267e+08 0
367 0 1.764e+03 3
367 368 7.267e+08 1
368 0 1.764e+03 4
368 369 7.267e+08 0
369 0 1.764e+03 4
369 370 7.267e+08 0
37 0 1.764e+03 1
37 38 2.906e+09 0
370 0 1.764e+03 4
370 371 7.267e+08 0
371 0 1.764e+03 4
371 372 7.267e+08 0
372 0 1.764e+03 4
372 373 7.267e+08 0
373 0 1.764e+03 4
373 374 7.267e+08 0
374 0 1.764e+03 4
374 375 7.267e+08 0
375 0 1.764e+03 4
375 376 7.267e+08 0
376 0 1.764e+03 4
376 377 7.267e+08 0
377 0 1.764e+03 4
377 378 7.267e+08 0
378 0 1.764e+03 4
378 379 7.267e+08 0
379 0 1.764e+03 4
379 380 7.267e+08 0
38 0 1.764e+03 1
38 39 2.906e+09 0
380 0 1.764e+03 4
380 381 7.267e+08 0
381 0 1.764e+03 4
381 382 7.267e+08 0
382 0 1.764e+03 4
382 383 7.267e+08 0
383 0 1.764e+03 4
383 384 7.267e+08 4
384 0 1.764e+03 2
384 385 7.267e+08 0
385 0 1.764e+03 2
385 386 7.267e+08 0
386 0 1.764e+03 2
386 387 7.267e+08 0
387 0 1.764e+03 2
387 388 7.267e+08 0
388 0 1.764e+03 2
388 389 7.267e+08 0
389 0 1.764e+03 2
389 390 7.267e+08 0
39 0 1.764e+03 1
39 40 2.906e+09 0
390 0 1.764e+03 2
390 391 7.267e+08 0
391 0 1.764e+03 2
391 392 7.267e+08 0
392 0 1.764e+03 2
392 393 7.267e+08 0
393 0 1.764e+03 2
393 394 7.267e+08 0
394 0 1.764e+03 2
394 395 7.267e+08 0
395 0 1.764e+03 2
395 396 7.267e+08 0
396 0 1.764e+03 2
396 397 7.267e+08 0
397 0 1.764e+03 2
397 398 7.267e+08 0
398 0 1.764e+03 2
398 399 7.267e+08 0
399 0 1.764e+03 2
399 400 7.267e+08 1
4 0 1.764e+03 0
4 5 5.084e+09 0
40 0 1.764e+03 1
40 41 2.906e+09 0
400 0 1.764e+03 3
400 401 7.267e+08 0
401 0 1.764e+03 3
401 402 7.267e+08 0
402 0 1.764e+03 3
402 403 7.267e+08 0
403 0 1.764e+03 3
403 404 7.267e+08 0
404 0 1.764e+03 3
404 405 7.267e+08 0
405 0 1.764e+03 3
405 406 7.267e+08 0
406 0 1.764e+03 3
406 407 7.267e+08 0
407 0 1.764e+03 3
407 408 7.267e+08 0
408 0 1.764e+03 3
408 409 7.267e+08 0
409 0 1.764e+03 3
409 410 7.267e+08 0
41 0 1.764e+03 1
41 42 2.906e+09 0
410 0 1.764e+03 3
410 411 7.267e+08 0
411 0 1.764e+03 3
411 412 7.267e+08 0
412 0 1.764e+03 3
412 413 7.267e+08 0
413 0 1.764e+03 3
413 414 7.267e+08 0
414 0 1.764e+03 3
414 415 7.267e+08 0
415 0 1.764e+03 3
415 416 7.267e+08 2
416 0 1.764e+03 3
416 417 7.267e+08 0
417 0 1.764e+03 3
417 418 7.267e+08 0
418 0 1.764e+03 3
418 419 7.267e+08 0
419 0 1.764e+03 3
419 420 7.267e+08 0
42 0 1.764e+03 1
42 43 2.906e+09 0
420 0 1.764e+03 3
420 421 7.267e+08 0
421 0 1.764e+03 3
421 422 7.267e+08 0
422 0 1.764e+03 3
422 423 7.267e+08 0
423 0 1.764e+03 3
423 424 7.267e+08 0
424 0 1.764e+03 3
424 425 7.267e+08 0
425 0 1.764e+03 3
425 426 7.267e+08 0
426 0 1.764e+03 3
426 427 7.267e+08 0
427 0 1.764e+03 3
427 428 7.267e+08 0
428 0 1.764e+03 3
428 429 7.267e+08 0
429 0 1.764e+03 3
429 430 7.267e+08 0
43 0 1.764e+03 1
43 44 2.906e+09 0
430 0 1.764e+03 3
430 431 7.267e+08 0
431 0 1.764e+03 3
431 432 7.267e+08 1
432 0 1.764e+03 4
432 433 7.267e+08 0
433 0 1.764e+03 4
433 434 7.267e+08 0
434 0 1.764e+03 4
434 435 7.267e+08 0
435 0 1.764e+03 4
435 436 7.267e+08 0
436 0 1.764e+03 4
436 437 7.267e+08 0
437 0 1.764e+03 4
437 438 7.267e+08 0
438 0 1.764e+03 4
438 439 7.267e+08 0
439 0 1.764e+03 4
439 440 7.267e+08 0
44 0 1.764e+03 1
44 45 2.906e+09 0
440 0 1.764e+03 4
440 441 7.267e+08 0
441 0 1.764e+03 4
441 442 7.267e+08 0
442 0 1.764e+03 4
442 443 7.267e+08 0
443 0 1.764e+03 4
443 444 7.267e+08 0
444 0 1.764e+03 4
444 445 7.267e+08 0
445 0 1.764e+03 4
445 446 7.267e+08 0
446 0 1.764e+03 4
446 447 7.267e+08 0
447 0 1.764e+03 4
447 448 7.267e+08 3
448 0 1.764e+03 3
448 449 7.267e+08 0
449 0 1.764e+03 3
449 450 7.267e+08 0
45 0 1.764e+03 1
45 46 2.906e+09 0
450 0 1.764e+03 3
450 451 7.267e+08 0
451 0 1.764e+03 3
451 452 7.267e+08 0
452 0 1.764e+03 3
452 453 7.267e+08 0
453 0 1.764e+03 3
453 454 7.267e+08 0
454 0 1.764e+03 3
454 455 7.267e+08 0
455 0 1.764e+03 3
455 456 7.267e+08 0
456 0 1.764e+03 3
456 457 7.267e+08 0
457 0 1.764e+03 3
457 458 7.267e+08 0
458 0 1.764e+03 3
458 459 7.267e+08 0
459 0 1.764e+03 3
459 460 7.267e+08 0
46 0 1.764e+03 1
46 47 2.906e+09 0
460 0 1.764e+03 3
460 461 7.267e+08 0
461 0 1.764e+03 3
461 462 7.267e+08 0
462 0 1.764e+03 3
462 463 7.267e+08 0
463 0 1.764e+03 3
463 464 7.267e+08 1
464 0 1.764e+03 4
464 465 7.267e+08 0
465 0 1.764e+03 4
465 466 7.267e+08 0
466 0 1.764e+03 4
466 467 7.267e+08 0
467 0 1.764e+03 4
467 468 7.267e+08 0
468 0 1.764e+03 4
468 469 7.267e+08 0
469 0 1.764e+03 4
469 470 7.267e+08 0
47 0 1.764e+03 1
47 48 2.906e+09 1
470 0 1.764e+03 4
470 471 7.267e+08 0
471 0 1.764e+03 4
471 472 7.267e+08 0
472 0 1.764e+03 4
472 473 7.267e+08 0
473 0 1.764e+03 4
473 474 7.267e+08 0
474 0 1.764e+03 4
474 475 7.267e+08 0
475 0 1.764e+03 4
475 476 7.267e+08 0
476 0 1.764e+03 4
476 477 7.267e+08 0
477 0 1.764e+03 4
477 478 7.267e+08 0
478 0 1.764e+03 4
478 479 7.267e+08 0
479 0 1.764e+03 4
479 480 7.267e+08 2
48 0 1.764e+03 2
48 49 2.906e+09 0
480 0 1.764e+03 4
480 481 7.267e+08 0
481 0 1.764e+03 4
481 482 7.267e+08 0
482 0 1.764e+03 4
482 483 7.267e+08 0
483 0 1.764e+03 4
483 484 7.267e+08 0
484 0 1.764e+03 4
484 485 7.267e+08 0
485 0 1.764e+03 4
485 486 7.267e+08 0
486 0 1.764e+03 4
486 487 7.267e+08 0
487 0 1.764e+03 4
487 488 7.267e+08 0
488 0 1.764e+03 4
488 489 7.267e+08 0
489 0 1.764e+03 4
489 490 7.267e+08 0
49 0 1.764e+03 2
49 50 2.906e+09 0
490 0 1.764e+03 4
490 491 7.267e+08 0
491 0 1.764e+03 4
491 492 7.267e+08 0
492 0 1.764e+03 4
492 493 7.267e+08 0
493 0 1.764e+03 4
493 494 7.267e+08 0
494 0 1.764e+03 4
494 495 7.267e+08 0
495 0 1.764e+03 4
495 496 7.267e+08 1
496 0 1.764e+03 5
496 497 7.267e+08 0
497 0 1.764e+03 5
497 498 7.267e+08 0
498 0 1.764e+03 5
498 499 7.267e+08 0
499 0 1.764e+03 5
499 500 7.267e+08 0
5 0 1.764e+03 0
5 6 5.084e+09 0
50 0 1.764e+03 2
50 51 2.906e+09 0
500 0 1.764e+03 5
500 501 7.267e+08 0
501 0 1.764e+03 5
501 502 7.267e+08 0
502 0 1.764e+03 5
502 503 7.267e+08 0
503 0 1.764e+03 5
503 504 7.267e+08 0
504 0 1.764e+03 5
504 505 7.267e+08 0
505 0 1.764e+03 5
505 506 7.267e+08 0
506 0 1.764e+03 5
506 507 7.267e+08 0
507 0 1.764e+03 5
507 508 7.267e+08 0
508 0 1.764e+03 5
508 509 7.267e+08 0
509 0 1.764e+03 5
509 510 7.267e+08 0
51 0 1.764e+03 2
51 52 2.906e+09 0
510 0 1.764e+03 5
510 511 7.267e+08 0
511 0 7.267e+08 5
52 0 1.764e+03 2
52 53 2.906e+09 0
53 0 1.764e+03 2
53 54 2.906e+09 0
54 0 1.764e+03 2
54 55 2.906e+09 0
55 0 1.764e+03 2
55 56 2.906e+09 0
56 0 1.764e+03 2
56 57 2.906e+09 0
57 0 1.764e+03 2
57 58 2.906e+09 0
58 0 1.764e+03 2
58 59 2.906e+09 0
59 0 1.764e+03 2
59 60 2.906e+09 0
6 0 1.764e+03 0
6 7 5.084e+09 0
60 0 1.764e+03 2
60 61 2.906e+09 0
61 0 1.764e+03 2
61 62 2.906e+09 0
62 0 1.764e+03 2
62 63 2.906e+09 0
63 0 7.267e+08 2
63 64 2.180e+09 3
64 0 1.764e+03 1
64 65 2.180e+09 0
65 0 1.764e+03 1
65 66 2.180e+09 0
66 0 1.764e+03 1
66 67 2.180e+09 0
67 0 1.764e+03 1
67 68 2.180e+09 0
68 0 1.764e+03 1
68 69 2.180e+09 0
69 0 1.764e+03 1
69 70 2.180e+09 0
7 0 7.267e+08 0
7 8 4.358e+09 0
70 0 1.764e+03 1
70 71 2.180e+09 0
71 0 1.764e+03 1
71 72 2.180e+09 0
72 0 1.764e+03 1
72 73 2.180e+09 0
73 0 1.764e+03 1
73 74 2.180e+09 0
74 0 1.764e+03 1
74 75 2.180e+09 0
75 0 1.764e+03 1
75 76 2.180e+09 0
76 0 1.764e+03 1
76 77 2.180e+09 0
77 0 1.764e+03 1
77 78 2.180e+09 0
78 0 1.764e+03 1
78 79 2.180e+09 0
79 0 1.764e+03 1
79 80 2.180e+09 1
8 0 1.764e+03 0
8 9 4.358e+09 0
80 0 1.764e+03 2
80 81 2.180e+09 0
81 0 1.764e+03 2
81 82 2.180e+09 0
82 0 1.764e+03 2
82 83 2.180e+09 0
83 0 1.764e+03 2
83 84 2.180e+09 0
84 0 1.764e+03 2
84 85 2.180e+09 0
85 0 1.764e+03 2
85 86 2.180e+09 0
86 0 1.764e+03 2
86 87 2.180e+09 0
87 0 1.764e+03 2
87 88 2.180e+09 0
88 0 1.764e+03 2
88 89 2.180e+09 0
89 0 1.764e+03 2
89 90 2.180e+09 0
9 0 1.764e+03 0
9 10 4.358e+09 0
90 0 1.764e+03 2
90 91 2.180e+09 0
91 0 1.764e+03 2
91 92 2.180e+09 0
92 0 1.764e+03 2
92 93 2.180e+09 0
93 0 1.764e+03 2
93 94 2.180e+09 0
94 0 1.764e+03 2
94 95 2.180e+09 0
95 0 1.764e+03 2
95 96 2.180e+09 2
96 0 1.764e+03 2
96 97 2.180e+09 0
97 0 1.764e+03 2
97 98 2.180e+09 0
98 0 1.764e+03 2
98 99 2.180e+09 0
99 0 1.764e+03 2
99 100 2.180e+09 0
