3433 3625 2.73334e+06
3433 3497 2658984
3433 3489 4858624
3433 3441 4949360
3433 3440 9114704
3433 3434 9161824
3434 3626 2671760
3434 3498 2739904
3434 3490 5073472
3434 3442 4957832
3434 3433 9164128
3434 3435 9223448
3443 3635 2.68786e+06
3443 3507 2.60549e+06
3443 3435 4926272
3443 3451 4953936
3443 3442 9260304
3443 3444 9005616
3533 3469 2716560
3533 3597 2.7045e+06
3533 3525 5032424
3533 3541 4.96569e+06
3533 3532 9128272
3533 3534 9032280
3534 3470 2.57298e+06
3534 3598 2.71384e+06
3534 3526 4897008
3534 3542 4.8108e+06
3534 3533 9030864
3534 3535 9165112
3535 3471 2814728
3535 3599 2.64027e+06
3535 3527 4945160
3535 3543 4996400
3535 3534 9167720
3535 3536 8982160
3536 3472 2595344
3536 3600 2.70342e+06
3536 3528 4896280
3536 3544 4831848
3536 3535 8980832
3536 3529 9095240
3537 3473 2740336
3537 3601 2670744
3537 3529 4954936
3537 3545 5008872
3537 3544 9038408
3537 3538 9070136
3538 3474 2.61578e+06
3538 3602 2629256
3538 3530 4833904
3538 3546 4.77497e+06
3538 3537 9068072
3538 3539 9127184
3539 3475 2.69382e+06
3539 3603 2.72233e+06
3539 3531 4972528
3539 3547 5011968
3539 3538 9130472
3539 3540 9078184
3540 3476 2.65985e+06
3540 3604 2.60345e+06
3540 3532 4857984
3540 3548 4871216
3540 3539 9078624
3540 3541 9115408
3541 3477 2.73172e+06
3541 3605 2.67719e+06
3541 3533 4965536
3541 3549 5055296
3541 3540 9116608
3541 3542 9092568
3542 3478 2.57893e+06
3542 3606 2.64858e+06
3542 3534 4.80985e+06
3542 3550 4816752
3542 3541 9090464
3542 3543 9089528
3444 3636 2576784
3444 3508 2.69704e+06
3444 3436 4986120
3444 3452 4920288
3444 3443 9007352
3444 3445 9244288
3543 3479 2.70645e+06
3543 3607 2651192
3543 3535 4995832
3543 3551 5026000
3543 3542 9092424
3543 3544 9040520
3544 3480 2.61452e+06
3544 3608 2635512
3544 3536 4831256
3544 3552 4801736
3544 3543 9039152
3544 3537 9035304
3545 3481 2688424
3545 3609 2766624
3545 3537 5010592
3545 3553 4967440
3545 3552 9013336
3545 3546 9178992
3546 3482 2.69854e+06
3546 3610 2.61528e+06
3546 3538 4775832
3546 3554 4874680
3546 3545 9178968
3546 3547 9090432
3547 3483 2.68246e+06
3547 3611 2716160
3547 3539 5011680
3547 3555 4979704
3547 3546 9092376
3547 3548 9158904
3548 3484 2.67988e+06
3548 3612 2.58283e+06
3548 3540 4.87218e+06
3548 3556 4876128
3548 3547 9158680
3548 3549 9058360
3549 3485 2.67926e+06
3549 3613 2735392
3549 3541 5054632
3549 3557 4959632
3549 3548 9061488
3549 3550 9143240
3550 3486 2705128
3550 3614 2576368
3550 3542 4816488
3550 3558 4877832
3550 3549 9142952
3550 3551 9088784
3551 3487 2727864
3551 3615 2.77393e+06
3551 3543 5026144
3551 3559 4954176
3551 3550 9091768
3551 3552 9.09845e+06
3552 3488 2.64113e+06
3552 3616 2531280
3552 3544 4802656
3552 3560 4834680
3552 3551 9096728
3552 3545 9.00914e+06
3445 3637 2837464
3445 3509 2626568
3445 3437 4.92109e+06
3445 3453 5024032
3445 3444 9246528
3445 3446 9023488
3553 3489 2591112
3553 3617 2.74626e+06
3553 3545 4968616
3553 3497 4909384
3553 3560 9043712
3553 3554 9222680
3554 3490 2.69644e+06
3554 3618 2569272
3554 3546 4875088
3554 3498 4977744
3554 3553 9224360
3554 3555 9064984
3555 3491 2.59939e+06
3555 3619 2.76616e+06
3555 3547 4.98027e+06
3555 3499 4865488
3555 3554 9066328
3555 3556 9194304
3556 3492 2.71559e+06
3556 3620 2.62132e+06
3556 3548 4877928
3556 3500 4968440
3556 3555 9195824
3556 3557 9089576
3557 3493 2.62584e+06
3557 3621 2683240
3557 3549 4961328
3557 3501 4950912
3557 3556 9090496
3557 3558 9183224
3558 3494 2.66917e+06
3558 3622 2574912
3558 3550 4880048
3558 3502 4868688
3558 3557 9183568
3558 3559 9042272
3559 3495 2601776
3559 3623 2.71303e+06
3559 3551 4.95354e+06
3559 3503 4.96219e+06
3559 3558 9045256
3559 3560 9143432
3560 3496 2690928
3560 3624 2.64038e+06
3560 3552 4836568
3560 3504 4896680
3560 3559 9142392
3560 3553 9042152
3561 3497 2699832
3561 3625 2733624
3561 3617 5043584
3561 3569 4.89876e+06
3561 3568 9075328
3561 3562 9172120
3562 3498 2675336
3562 3626 2.62937e+06
3562 3618 4.81774e+06
3562 3570 4.88438e+06
3562 3561 9172464
3562 3563 9051200
3446 3638 2605056
3446 3510 2.70041e+06
3446 3438 4928680
3446 3454 4.88893e+06
3446 3445 9022696
3446 3447 9230736
3563 3499 2.6443e+06
3563 3627 2710096
3563 3619 5014776
3563 3571 4913992
3563 3562 9053888
3563 3564 9131672
3564 3500 2716736
3564 3628 2.59082e+06
3564 3620 4.82084e+06
3564 3572 4954968
3564 3563 9132160
3564 3565 9074048
3565 3501 2.76886e+06
3565 3629 2.75262e+06
3565 3621 5085248
3565 3573 4995984
3565 3564 9078560
3565 3566 9168328
3566 3502 2.60899e+06
3566 3630 2.58116e+06
3566 3622 4780360
3566 3574 4834544
3566 3565 9164336
3566 3567 9118528
3567 3503 2733024
3567 3631 2.71768e+06
3567 3623 5100712
3567 3575 5019448
3567 3566 9121872
3567 3568 9.26006e+06
3568 3504 2679776
3568 3632 2.60234e+06
3568 3624 4808552
3568 3576 4849264
3568 3567 9258152
3568 3561 9071792
3569 3505 2.59019e+06
3569 3633 2688000
3569 3561 4898216
3569 3577 4863776
3569 3576 8963440
3569 3570 9154160
3570 3506 2743264
3570 3634 2.65935e+06
3570 3562 4885544
3570 3578 4945144
3570 3569 9155344
3570 3571 9042144
3571 3507 2.61014e+06
3571 3635 2.77574e+06
3571 3563 4913864
3571 3579 4925632
3571 3570 9044928
3571 3572 9152936
3572 3508 2752472
3572 3636 2.6505e+06
3572 3564 4954896
3572 3580 5012632
3572 3571 9154032
3572 3573 9078992
3447 3639 2.67654e+06
3447 3511 2.65127e+06
3447 3439 4.9276e+06
3447 3455 4971480
3447 3446 9231712
3447 3448 9013136
3573 3509 2568120
3573 3637 2711216
3573 3565 4995424
3573 3581 4868472
3573 3572 9078424
3573 3574 9167128
3574 3510 2.7542e+06
3574 3638 2.66346e+06
3574 3566 4834952
3574 3582 4957912
3574 3573 9165736
3574 3575 9040832
3575 3511 2.62729e+06
3575 3639 2.7459e+06
3575 3567 5020264
3575 3583 4900216
3575 3574 9041976
3575 3576 9170912
3576 3512 2.6605e+06
3576 3640 2639144
3576 3568 4.84836e+06
3576 3584 4923416
3576 3575 9170328
3576 3569 8961448
3577 3513 2612616
3577 3641 2659552
3577 3569 4.86382e+06
3577 3585 4816408
3577 3584 9028920
3577 3578 9164040
3578 3514 2.6924e+06
3578 3642 2.67326e+06
3578 3570 4946576
3578 3586 5044000
3578 3577 9166336
3578 3579 9048552
3579 3515 2602360
3579 3643 2.60922e+06
3579 3571 4924208
3579 3587 4774136
3579 3578 9048064
3579 3580 9154176
3580 3516 2.72045e+06
3580 3644 2662640
3580 3572 5012704
3580 3588 5028784
3580 3579 9157064
3580 3581 9056808
3581 3517 2550928
3581 3645 2.74154e+06
3581 3573 4.86944e+06
3581 3589 4837080
3581 3580 9055256
3581 3582 9138184
3582 3518 2.71268e+06
3582 3646 2.63725e+06
3582 3574 4957536
3582 3590 5014680
3582 3581 9140176
3582 3583 9028480
3448 3640 2.60194e+06
3448 3512 2.69171e+06
3448 3440 4.92225e+06
3448 3456 4885000
3448 3447 9013488
3448 3441 9153416
3583 3519 2598936
3583 3647 2.68782e+06
3583 3575 4900432
3583 3591 4.77066e+06
3583 3582 9.0268e+06
3583 3584 9092096
3584 3520 2.67829e+06
3584 3648 2.68335e+06
3584 3576 4923592
3584 3592 4.9951e+06
3584 3583 9094632
3584 3577 9028792
3585 3521 2.61259e+06
3585 3649 2619400
3585 3577 4816632
3585 3593 4815320
3585 3592 9068752
3585 3586 9126616
3586 3522 2731936
3586 3650 2.75214e+06
3586 3578 5045880
3586 3594 4973320
3586 3585 9130872
3586 3587 9044240
3587 3523 2607416
3587 3651 2.58809e+06
3587 3579 4773368
3587 3595 4833160
3587 3586 9044040
3587 3588 9119528
3588 3524 2753032
3588 3652 2.70496e+06
3588 3580 5031232
3588 3596 5017048
3588 3587 9123688
3588 3589 9076704
3589 3525 2.61162e+06
3589 3653 2.61928e+06
3589 3581 4.8373e+06
3589 3597 4863760
3589 3588 9076240
3589 3590 9079256
3590 3526 2732256
3590 3654 2738744
3590 3582 5016712
3590 3598 5025088
3590 3589 9.08211e+06
3590 3591 9087224
3591 3527 2590720
3591 3655 2.64087e+06
3591 3583 4770672
3591 3599 4.80428e+06
3591 3590 9085352
3591 3592 9098784
3592 3528 2.73264e+06
3592 3656 2728384
3592 3584 4995440
3592 3600 5025032
3592 3591 9102232
3592 3585 9069824
3449 3641 2761552
3449 3513 2.66909e+06
3449 3441 4961848
3449 3457 5.00094e+06
3449 3456 9161136
3449 3450 8971096
3593 3529 2684920
3593 3657 2594592
3593 3585 4814936
3593 3601 4850888
3593 3600 9089696
3593 3594 9047304
3594 3530 2.68674e+06
3594 3658 2.70082e+06
3594 3586 4973792
3594 3602 5009272
3594 3593 9050088
3594 3595 9104656
3595 3531 2635208
3595 3659 2631336
3595 3587 4834104
3595 3603 4810728
3595 3594 9104448
3595 3596 9034240
3596 3532 2.73979e+06
3596 3660 2.74246e+06
3596 3588 5017936
3596 3604 5008608
3596 3595 9038320
3596 3597 9130128
3597 3533 2.70434e+06
3597 3661 2.58486e+06
3597 3589 4864288
3597 3605 4839704
3597 3596 9128520
3597 3598 9007928
3598 3534 2.71525e+06
3598 3662 2694656
3598 3590 5026208
3598 3606 4977944
3598 3597 9009632
3598 3599 9102120
3599 3535 2639488
3599 3663 2596256
3599 3591 4805808
3599 3607 4765624
3599 3598 9099456
3599 3600 9037600
3600 3536 2703216
3600 3664 2676776
3600 3592 5024768
3600 3608 4966864
3600 3599 9040928
3600 3593 9089576
3601 3537 2670920
3601 3665 2624136
3601 3593 4851544
3601 3609 4921824
3601 3608 9142496
3601 3602 9054752
3602 3538 2.63038e+06
3602 3666 2742248
3602 3594 5010488
3602 3610 4887288
3602 3601 9055976
3602 3603 9214856
3450 3642 2.56408e+06
3450 3514 2.68149e+06
3450 3442 4864072
3450 3458 4829136
3450 3449 8971072
3450 3451 9170320
3603 3539 2.72147e+06
3603 3667 2.6139e+06
3603 3595 4811632
3603 3611 4964312
3603 3602 9215888
3603 3604 9013328
3604 3540 2.60493e+06
3604 3668 2725904
3604 3596 5006608
3604 3612 4891608
3604 3603 9015640
3604 3605 9193080
3605 3541 2.67781e+06
3605 3669 2634024
3605 3597 4839624
3605 3613 4987648
3605 3604 9193176
3605 3606 9015976
3606 3542 2649280
3606 3670 2.69922e+06
3606 3598 4977792
3606 3614 4895032
3606 3605 9015680
3606 3607 9131896
3607 3543 2651664
3607 3671 2.58512e+06
3607 3599 4766160
3607 3615 4891288
3607 3606 9130128
3607 3608 8952832
3608 3544 2636040
3608 3672 2739888
3608 3600 4967424
3608 3616 4904064
3608 3607 8953608
3608 3601 9142856
3609 3545 2765360
3609 3673 2670376
3609 3601 4.92352e+06
3609 3617 5027664
3609 3616 9229408
3609 3610 9059488
3610 3546 2615504
3610 3674 2.67314e+06
3610 3602 4887448
3610 3618 4.80974e+06
3610 3609 9059400
3610 3611 9198000
3611 3547 2717256
3611 3675 2.64199e+06
3611 3603 4965384
3611 3619 5.00562e+06
3611 3610 9201832
3611 3612 9022216
3612 3548 2582976
3612 3676 2.69156e+06
3612 3604 4890936
3612 3620 4854296
3612 3611 9022976
3612 3613 9141976
3451 3643 2722552
3451 3515 2705992
3451 3443 4955312
3451 3459 4932584
3451 3450 9173720
3451 3452 9005584
3613 3549 2735032
3613 3677 2648504
3613 3605 4988656
3613 3621 4984672
3613 3612 9144296
3613 3614 9023920
3614 3550 2.57641e+06
3614 3678 2.73458e+06
3614 3606 4895008
3614 3622 4.89717e+06
3614 3613 9023928
3614 3615 9177368
3615 3551 2.77346e+06
3615 3679 2648888
3615 3607 4893144
3615 3623 4908832
3615 3614 9178248
3615 3616 8995496
3616 3552 2.53288e+06
3616 3680 2.72138e+06
3616 3608 4903800
3616 3624 4881216
3616 3615 8995064
3616 3609 9228112
3617 3553 2.747e+06
3617 3681 2.73067e+06
3617 3609 5027848
3617 3561 5044240
3617 3624 9275088
3617 3618 9136920
3618 3554 2569944
3618 3682 2.58778e+06
3618 3610 4809832
3618 3562 4816312
3618 3617 9136944
3618 3619 9104192
3619 3555 2.76665e+06
3619 3683 2723688
3619 3611 5008392
3619 3563 5015328
3619 3618 9108648
3619 3620 9096696
3620 3556 2620608
3620 3684 2631008
3620 3612 4856056
3620 3564 4.81839e+06
3620 3619 9095976
3620 3621 9107016
3621 3557 2683872
3621 3685 2.70974e+06
3621 3613 4985944
3621 3565 5.08346e+06
3621 3620 9110552
3621 3622 9089216
3622 3558 2575192
3622 3686 2.6631e+06
3622 3614 4897928
3622 3566 4779528
3622 3621 9088136
3622 3623 9159664
3452 3644 2647664
3452 3516 2.69236e+06
3452 3444 4921656
3452 3460 4879496
3452 3451 9006800
3452 3453 9189472
3623 3559 2713864
3623 3687 2667632
3623 3615 4.90978e+06
3623 3567 5.10058e+06
3623 3622 9162920
3623 3624 9109288
3624 3560 2.63937e+06
3624 3688 2632752
3624 3616 4883440
3624 3568 4806456
3624 3623 9106928
3624 3617 9271640
3625 3561 2733944
3625 3433 2.73366e+06
3625 3681 5.01219e+06
3625 3633 5011800
3625 3632 9132656
3625 3626 9158440
3626 3562 2629016
3626 3434 2.67179e+06
3626 3682 4919408
3626 3634 4832800
3626 3625 9158640
3626 3627 9199784
3627 3563 2711512
3627 3435 2.6639e+06
3627 3683 4935656
3627 3635 5.02375e+06
3627 3626 9202960
3627 3628 9087280
3628 3564 2589928
3628 3436 2.70328e+06
3628 3684 4.91426e+06
3628 3636 4899384
3628 3627 9087688
3628 3629 9125152
3629 3565 2.75202e+06
3629 3437 2636952
3629 3685 4.99538e+06
3629 3637 5029720
3629 3628 9128328
3629 3630 9071528
3630 3566 2581560
3630 3438 2678712
3630 3686 4971600
3630 3638 4796904
3630 3629 9070064
3630 3631 9273856
3631 3567 2.71737e+06
3631 3439 2699552
3631 3687 4975144
3631 3639 5020128
3631 3630 9275784
3631 3632 9103984
3632 3568 2601784
3632 3440 2.66626e+06
3632 3688 4854400
3632 3640 4870208
3632 3631 9102520
3632 3625 9130408
3435 3627 2.66363e+06
3435 3499 2.58088e+06
3435 3491 4766472
3435 3443 4925632
3435 3434 9221984
3435 3436 9106992
3453 3645 2.76856e+06
3453 3517 2.66898e+06
3453 3445 5024272
3453 3461 5.04886e+06
3453 3452 9192040
3453 3454 9.04824e+06
3633 3569 2689744
3633 3441 2.76798e+06
3633 3625 5011280
3633 3641 5020528
3633 3640 9064536
3633 3634 9130560
3634 3570 2658224
3634 3442 2.62376e+06
3634 3626 4833968
3634 3642 4829928
3634 3633 9129088
3634 3635 9189184
3635 3571 2.77696e+06
3635 3443 2687936
3635 3627 5024912
3635 3643 5037168
3635 3634 9193848
3635 3636 9067184
3636 3572 2648504
3636 3444 2576416
3636 3628 4899696
3636 3644 4845032
3636 3635 9065912
3636 3637 9126048
3637 3573 2.71273e+06
3637 3445 2.83752e+06
3637 3629 5031192
3637 3645 5.10669e+06
3637 3636 9129128
3637 3638 9106000
3638 3574 2.66314e+06
3638 3446 2604616
3638 3630 4798128
3638 3646 4.84725e+06
3638 3637 9103576
3638 3639 9204536
3639 3575 2744080
3639 3447 2678184
3639 3631 5020632
3639 3647 5019120
3639 3638 9207112
3639 3640 9096816
3640 3576 2.63843e+06
3640 3448 2.60121e+06
3640 3632 4870800
3640 3648 4838128
3640 3639 9.09406e+06
3640 3633 9062200
3641 3577 2.65996e+06
3641 3449 2.76103e+06
3641 3633 5.01949e+06
3641 3649 4961544
3641 3648 9059704
3641 3642 9156840
3642 3578 2672224
3642 3450 2563656
3642 3634 4830000
3642 3650 4916560
3642 3641 9155648
3642 3643 9099208
3454 3646 2612192
3454 3518 2670064
3454 3446 4889440
3454 3462 4851128
3454 3453 9.04776e+06
3454 3455 9230248
3643 3579 2.60949e+06
3643 3451 2.72164e+06
3643 3635 5035160
3643 3651 4887992
3643 3642 9102528
3643 3644 9096120
3644 3580 2663344
3644 3452 2.64759e+06
3644 3636 4844856
3644 3652 4.89887e+06
3644 3643 9096536
3644 3645 9018448
3645 3581 2741736
3645 3453 2768176
3645 3637 5107016
3645 3653 5013824
3645 3644 9023176
3645 3646 9173672
3646 3582 2637704
3646 3454 2.6121e+06
3646 3638 4.84893e+06
3646 3654 4887824
3646 3645 9170464
3646 3647 9087832
3647 3583 2.68964e+06
3647 3455 2.70762e+06
3647 3639 5.0187e+06
3647 3655 4949840
3647 3646 9088320
3647 3648 9129032
3648 3584 2684000
3648 3456 2.59754e+06
3648 3640 4838824
3648 3656 4863784
3648 3647 9128512
3648 3641 9057144
3649 3585 2.61837e+06
3649 3457 2731992
3649 3641 4962560
3649 3657 4943176
3649 3656 9006792
3649 3650 9180728
3650 3586 2752408
3650 3458 2.65263e+06
3650 3642 4918392
3650 3658 4938408
3650 3649 9181472
3650 3651 9053072
3651 3587 2.58878e+06
3651 3459 2.68159e+06
3651 3643 4888128
3651 3659 4980368
3651 3650 9054280
3651 3652 9214536
3652 3588 2.70502e+06
3652 3460 2.65243e+06
3652 3644 4899392
3652 3660 4.97361e+06
3652 3651 9216312
3652 3653 8986176
3455 3647 2706496
3455 3519 2.69352e+06
3455 3447 4972704
3455 3463 5.04268e+06
3455 3454 9231560
3455 3456 9020456
3653 3589 2.62094e+06
3653 3461 2.6647e+06
3653 3645 5013568
3653 3661 4867752
3653 3652 8987720
3653 3654 9166032
3654 3590 2.73837e+06
3654 3462 2695976
3654 3646 4890000
3654 3662 5021432
3654 3653 9167832
3654 3655 9015088
3655 3591 2.64131e+06
3655 3463 2.68296e+06
3655 3647 4949664
3655 3663 4884344
3655 3654 9016096
3655 3656 9229296
3656 3592 2728224
3656 3464 2.62541e+06
3656 3648 4863112
3656 3664 4962696
3656 3655 9231024
3656 3649 9004120
3657 3593 2595504
3657 3465 2.74872e+06
3657 3649 4945088
3657 3665 4870608
3657 3664 9.02326e+06
3657 3658 9201408
3658 3594 2700712
3658 3466 2.63473e+06
3658 3650 4937288
3658 3666 5052160
3658 3657 9203600
3658 3659 9031016
3659 3595 2633592
3659 3467 2.7183e+06
3659 3651 4983024
3659 3667 4806904
3659 3658 9030448
3659 3660 9203816
3660 3596 2.74246e+06
3660 3468 2625632
3660 3652 4973928
3660 3668 5039960
3660 3659 9205944
3660 3661 9095152
3661 3597 2.58371e+06
3661 3469 2.76463e+06
3661 3653 4.86932e+06
3661 3669 4898464
3661 3660 9095000
3661 3662 9143456
3662 3598 2.6951e+06
3662 3470 2.70967e+06
3662 3654 5020896
3662 3670 5002752
3662 3661 9146144
3662 3663 8999072
3456 3648 2596512
3456 3520 2.66256e+06
3456 3448 4.88551e+06
3456 3464 4819688
3456 3455 9020024
3456 3449 9157432
3663 3599 2.59719e+06
3663 3471 2.66866e+06
3663 3655 4884256
3663 3671 4.8195e+06
3663 3662 8997904
3663 3664 9209256
3664 3600 2676832
3664 3472 2706608
3664 3656 4963648
3664 3672 4963024
3664 3663 9213128
3664 3657 9022360
3665 3601 2623552
3665 3473 2.58234e+06
3665 3657 4871048
3665 3673 4784144
3665 3672 9067400
3665 3666 9119448
3666 3602 2.74276e+06
3666 3474 2754760
3666 3658 5052792
3666 3674 5064656
3666 3665 9124320
3666 3667 9152248
3667 3603 2.61397e+06
3667 3475 2.64012e+06
3667 3659 4806856
3667 3675 4837952
3667 3666 9149840
3667 3668 9170904
3668 3604 2.72712e+06
3668 3476 2.6566e+06
3668 3660 5.03898e+06
3668 3676 5019512
3668 3667 9176152
3668 3669 9117792
3669 3605 2634536
3669 3477 2676184
3669 3661 4897536
3669 3677 4880448
3669 3668 9118488
3669 3670 9154416
3670 3606 2698416
3670 3478 2.74574e+06
3670 3662 5004168
3670 3678 5128968
3670 3669 9.15712e+06
3670 3671 9097488
3671 3607 2.58436e+06
3671 3479 2.65176e+06
3671 3663 4820320
3671 3679 4794384
3671 3670 9093544
3671 3672 9091264
3672 3608 2740552
3672 3480 2.66553e+06
3672 3664 4963664
3672 3680 4995992
3672 3671 9091536
3672 3665 9068872
3457 3649 2.73362e+06
3457 3521 2716480
3457 3449 5001688
3457 3465 5038064
3457 3464 9101016
3457 3458 9073128
3673 3609 2.66994e+06
3673 3481 2595392
3673 3665 4784800
3673 3681 4855280
3673 3680 9176128
3673 3674 9070464
3674 3610 2.67405e+06
3674 3482 2.77277e+06
3674 3666 5066048
3674 3682 5059064
3674 3673 9074816
3674 3675 9236376
3675 3611 2.63958e+06
3675 3483 2.59086e+06
3675 3667 4838608
3675 3683 4863248
3675 3674 9235560
3675 3676 9104280
3676 3612 2693320
3676 3484 2.6949e+06
3676 3668 5019064
3676 3684 4972736
3676 3675 9108560
3676 3677 9108432
3677 3613 2647408
3677 3485 2.59581e+06
3677 3669 4880496
3677 3685 4879160
3677 3676 9108552
3677 3678 9.13352e+06
3678 3614 2736616
3678 3486 2780480
3678 3670 5130544
3678 3686 5133288
3678 3677 9136616
3678 3679 9201328
3679 3615 2.64818e+06
3679 3487 2546816
3679 3671 4794864
3679 3687 4.80098e+06
3679 3678 9196864
3679 3680 9126328
3680 3616 2.7228e+06
3680 3488 2.73099e+06
3680 3672 4.9955e+06
3680 3688 5031312
3680 3679 9128472
3680 3673 9178832
3681 3617 2729304
3681 3489 2598920
3681 3673 4.8553e+06
3681 3625 5011304
3681 3688 9254480
3681 3682 9.09076e+06
3682 3618 2.58858e+06
3682 3490 2792040
3682 3674 5060696
3682 3626 4919840
3682 3681 9093080
3682 3683 9176848
3458 3650 2651472
3458 3522 2.62171e+06
3458 3450 4830808
3458 3466 4816624
3458 3457 9071904
3458 3459 9154576
3683 3619 2.72234e+06
3683 3491 2606064
3683 3675 4864056
3683 3627 4933488
3683 3682 9175656
3683 3684 9113432
3684 3620 2.63038e+06
3684 3492 2676104
3684 3676 4972440
3684 3628 4.91382e+06
3684 3683 9.1155e+06
3684 3685 9125568
3685 3621 2.71112e+06
3685 3493 2613440
3685 3677 4880696
3685 3629 4994760
3685 3684 9127472
3685 3686 9.08403e+06
3686 3622 2663600
3686 3494 2818672
3686 3678 5134112
3686 3630 4972440
3686 3685 9085904
3686 3687 9244856
3687 3623 2.6675e+06
3687 3495 2.63937e+06
3687 3679 4802288
3687 3631 4974272
3687 3686 9241776
3687 3688 9122976
3688 3624 2.63259e+06
3688 3496 2698592
3688 3680 5031624
3688 3632 4854360
3688 3687 9124216
3688 3681 9253368
3459 3651 2.68278e+06
3459 3523 2.63407e+06
3459 3451 4.93306e+06
3459 3467 5051824
3459 3458 9158336
3459 3460 9097304
3460 3652 2.65297e+06
3460 3524 2.62754e+06
3460 3452 4880392
3460 3468 4870816
3460 3459 9099096
3460 3461 9120032
3461 3653 2.6647e+06
3461 3525 2.75211e+06
3461 3453 5048640
3461 3469 5005128
3461 3460 9123608
3461 3462 9093360
3462 3654 2.69544e+06
3462 3526 2.6181e+06
3462 3454 4852232
3462 3470 4867952
3462 3461 9091920
3462 3463 9190824
3436 3628 2.70274e+06
3436 3500 2.74127e+06
3436 3492 5078088
3436 3444 4987824
3436 3435 9110216
3436 3437 9159152
3463 3655 2.68414e+06
3463 3527 2.72567e+06
3463 3455 5042696
3463 3471 5005536
3463 3462 9192760
3463 3464 9093712
3464 3656 2626112
3464 3528 2628736
3464 3456 4820504
3464 3472 4841264
3464 3463 9093152
3464 3457 9096304
3465 3657 2749120
3465 3529 2.71187e+06
3465 3457 5039240
3465 3473 4984936
3465 3472 8999424
3465 3466 9.15568e+06
3466 3658 2634128
3466 3530 2.5949e+06
3466 3458 4816976
3466 3474 4871944
3466 3465 9154760
3466 3467 9063728
3467 3659 2720592
3467 3531 2788264
3467 3459 5054464
3467 3475 5000952
3467 3466 9066488
3467 3468 9214624
3468 3660 2.62526e+06
3468 3532 2.61771e+06
3468 3460 4871488
3468 3476 4871288
3468 3467 9214960
3468 3469 9050880
3469 3661 2.76562e+06
3469 3533 2.71508e+06
3469 3461 5006648
3469 3477 5027256
3469 3468 9054552
3469 3470 9131320
3470 3662 2709536
3470 3534 2572824
3470 3462 4868944
3470 3478 4862272
3470 3469 9131048
3470 3471 9106632
3471 3663 2669464
3471 3535 2813456
3471 3463 5007184
3471 3479 5065016
3471 3470 9109080
3471 3472 9174192
3472 3664 2707448
3472 3536 2.5969e+06
3472 3464 4842632
3472 3480 4823648
3472 3471 9172664
3472 3465 8995832
3437 3629 2636784
3437 3501 2601024
3437 3493 4849288
3437 3445 4920008
3437 3436 9157800
3437 3438 9103600
3473 3665 2.58342e+06
3473 3537 2.73994e+06
3473 3465 4984920
3473 3481 4904304
3473 3480 8980208
3473 3474 9.16385e+06
3474 3666 2.75425e+06
3474 3538 2.61575e+06
3474 3466 4873248
3474 3482 4982360
3474 3473 9164880
3474 3475 9048224
3475 3667 2642680
3475 3539 2.6931e+06
3475 3467 4999016
3475 3483 4864320
3475 3474 9049360
3475 3476 9245384
3476 3668 2.65501e+06
3476 3540 2660232
3476 3468 4873240
3476 3484 4966424
3476 3475 9246656
3476 3477 9008416
3477 3669 2675840
3477 3541 2.73127e+06
3477 3469 5027200
3477 3485 4975360
3477 3476 9010456
3477 3478 9223672
3478 3670 2.74566e+06
3478 3542 2578848
3478 3470 4861616
3478 3486 5020088
3478 3477 9224104
3478 3479 9050184
3479 3671 2.65303e+06
3479 3543 2.70567e+06
3479 3471 5064224
3479 3487 4912168
3479 3478 9052040
3479 3480 9184048
3480 3672 2.66616e+06
3480 3544 2.61435e+06
3480 3472 4823840
3480 3488 4903952
3480 3479 9182968
3480 3473 8978824
3481 3673 2595824
3481 3545 2.68769e+06
3481 3473 4905720
3481 3489 4813160
3481 3488 9001832
3481 3482 9225792
3482 3674 2772992
3482 3546 2.69822e+06
3482 3474 4982992
3482 3490 5116072
3482 3481 9229824
3482 3483 9096664
3438 3630 2679704
3438 3502 2735264
3438 3494 5051800
3438 3446 4928176
3438 3437 9105104
3438 3439 9155152
3483 3675 2590352
3483 3547 2.68059e+06
3483 3475 4865248
3483 3491 4816224
3483 3482 9094592
3483 3484 9223536
3484 3676 2694232
3484 3548 2.68152e+06
3484 3476 4967288
3484 3492 5.00231e+06
3484 3483 9227040
3484 3485 9036472
3485 3677 2.59646e+06
3485 3549 2.67833e+06
3485 3477 4974808
3485 3493 4865640
3485 3484 9038224
3485 3486 9280328
3486 3678 2.7799e+06
3486 3550 2.70598e+06
3486 3478 5021496
3486 3494 5144192
3486 3485 9284256
3486 3487 9090200
3487 3679 2546616
3487 3551 2.72617e+06
3487 3479 4910976
3487 3495 4852352
3487 3486 9086696
3487 3488 9243752
3488 3680 2729864
3488 3552 2641448
3488 3480 4904600
3488 3496 4992912
3488 3487 9245216
3488 3481 9003096
3489 3681 2.59942e+06
3489 3553 2.58841e+06
3489 3481 4813800
3489 3433 4856328
3489 3496 9087296
3489 3490 9173416
3490 3682 2.79141e+06
3490 3554 2696848
3490 3482 5114664
3490 3434 5072976
3490 3489 9178432
3490 3491 9120400
3491 3683 2.60629e+06
3491 3555 2.59745e+06
3491 3483 4817280
3491 3435 4765064
3491 3490 9118320
3491 3492 9201160
3492 3684 2.67801e+06
3492 3556 2.71458e+06
3492 3484 5.00207e+06
3492 3436 5077880
3492 3491 9204784
3492 3493 9095464
3439 3631 2699944
3439 3503 2.61274e+06
3439 3495 4802848
3439 3447 4927416
3439 3438 9154848
3439 3440 9045208
3493 3685 2615056
3493 3557 2626992
3493 3485 4865496
3493 3437 4.84716e+06
3493 3492 9093832
3493 3494 9212736
3494 3686 2.81778e+06
3494 3558 2.67075e+06
3494 3486 5145752
3494 3438 5050888
3494 3493 9216712
3494 3495 9134144
3495 3687 2638720
3495 3559 2.60101e+06
3495 3487 4852480
3495 3439 4801704
3495 3494 9130736
3495 3496 9148672
3496 3688 2699464
3496 3560 2692816
3496 3488 4.99371e+06
3496 3440 4967904
3496 3495 9151704
3496 3489 9087440
3497 3433 2.66054e+06
3497 3561 2700048
3497 3553 4909872
3497 3505 4.84227e+06
3497 3504 9063888
3497 3498 9186280
3498 3434 2740600
3498 3562 2674344
3498 3554 4978832
3498 3506 5015216
3498 3497 9188176
3498 3499 9096680
3499 3435 2580048
3499 3563 2643296
3499 3555 4865520
3499 3507 4.7966e+06
3499 3498 9095432
3499 3500 9156456
3500 3436 2.74218e+06
3500 3564 2715992
3500 3556 4969472
3500 3508 5057104
3500 3499 9158936
3500 3501 9130824
3501 3437 2.60269e+06
3501 3565 2.767e+06
3501 3557 4953360
3501 3509 4845040
3501 3500 9131664
3501 3502 9182616
3502 3438 2.73704e+06
3502 3566 2.6105e+06
3502 3558 4869616
3502 3510 4962600
3502 3501 9183704
3502 3503 9029352
3440 3632 2666856
3440 3504 2677912
3440 3496 4967792
3440 3448 4923128
3440 3439 9046520
3440 3433 9.11364e+06
3503 3439 2.61382e+06
3503 3567 2.73284e+06
3503 3559 4.96268e+06
3503 3511 4931816
3503 3502 9030128
3503 3504 9221048
3504 3440 2678752
3504 3568 2680016
3504 3560 4898048
3504 3512 4926480
3504 3503 9220624
3504 3497 9063952
3505 3441 2.62098e+06
3505 3569 2.58949e+06
3505 3497 4.84202e+06
3505 3513 4811432
3505 3512 9097160
3505 3506 9053384
3506 3442 2.70922e+06
3506 3570 2.74222e+06
3506 3498 5016424
3506 3514 4979768
3506 3505 9.05785e+06
3506 3507 9113360
3507 3443 2.60504e+06
3507 3571 2611112
3507 3499 4796672
3507 3515 4864736
3507 3506 9112864
3507 3508 9110288
3508 3444 2.69762e+06
3508 3572 2.75162e+06
3508 3500 5056184
3508 3516 5062440
3508 3507 9115416
3508 3509 9124488
3509 3445 2.62562e+06
3509 3573 2567896
3509 3501 4844480
3509 3517 4785928
3509 3508 9120520
3509 3510 9125464
3510 3446 2.7018e+06
3510 3574 2752824
3510 3502 4963264
3510 3518 5040832
3510 3509 9127208
3510 3511 9119312
3511 3447 2651168
3511 3575 2.62608e+06
3511 3503 4932256
3511 3519 4847432
3511 3510 9119848
3511 3512 9082760
3512 3448 2692024
3512 3576 2.66069e+06
3512 3504 4926784
3512 3520 4.95994e+06
3512 3511 9083880
3512 3505 9097680
3441 3633 2.76781e+06
3441 3505 2621960
3441 3433 4950288
3441 3449 4961672
3441 3448 9155104
3441 3442 9013696
3513 3449 2.66932e+06
3513 3577 2.61306e+06
3513 3505 4.81122e+06
3513 3521 4862152
3513 3520 9105792
3513 3514 8971872
3514 3450 2682048
3514 3578 2692304
3514 3506 4979744
3514 3522 4963960
3514 3513 8976040
3514 3515 9.13838e+06
3515 3451 2.70576e+06
3515 3579 2.6031e+06
3515 3507 4866400
3515 3523 4826160
3515 3514 9.1379e+06
3515 3516 9074224
3516 3452 2.69334e+06
3516 3580 2.7214e+06
3516 3508 5.06273e+06
3516 3524 5020848
3516 3515 9078216
3516 3517 9207544
3517 3453 2.66863e+06
3517 3581 2549872
3517 3509 4.78587e+06
3517 3525 4883352
3517 3516 9203840
3517 3518 9037360
3518 3454 2.67034e+06
3518 3582 2711944
3518 3510 5041416
3518 3526 4979168
3518 3517 9041080
3518 3519 9163568
3519 3455 2693144
3519 3583 2.59781e+06
3519 3511 4848864
3519 3527 4837896
3519 3518 9163000
3519 3520 8980432
3520 3456 2.6628e+06
3520 3584 2677912
3520 3512 4959608
3520 3528 4952040
3520 3519 8982264
3520 3513 9105624
3521 3457 2.71703e+06
3521 3585 2612208
3521 3513 4863008
3521 3529 4925408
3521 3528 9138016
3521 3522 9006152
3522 3458 2.62308e+06
3522 3586 2731936
3522 3514 4964056
3522 3530 4862928
3522 3521 9007744
3522 3523 9169088
3442 3634 2.62466e+06
3442 3506 2.70962e+06
3442 3434 4.95895e+06
3442 3450 4864864
3442 3441 9013696
3442 3443 9258728
3523 3459 2634032
3523 3587 2.60732e+06
3523 3515 4826728
3523 3531 4918672
3523 3522 9169976
3523 3524 9030120
3524 3460 2.62817e+06
3524 3588 2753336
3524 3516 5022888
3524 3532 4915408
3524 3523 9033616
3524 3525 9196696
3525 3461 2752240
3525 3589 2612368
3525 3517 4883560
3525 3533 5031328
3525 3524 9198576
3525 3526 9035536
3526 3462 2.61945e+06
3526 3590 2.73264e+06
3526 3518 4980648
3526 3534 4896776
3526 3525 9034808
3526 3527 9200200
3527 3463 2725048
3527 3591 2.59086e+06
3527 3519 4838912
3527 3535 4943184
3527 3526 9200064
3527 3528 8952440
3528 3464 2630256
3528 3592 2733624
3528 3520 4952272
3528 3536 4.89658e+06
3528 3527 8953664
3528 3521 9136856
3529 3465 2711080
3529 3593 2686000
3529 3521 4925688
3529 3537 4954584
3529 3536 9095432
3529 3530 9017624
3530 3466 2596464
3530 3594 2686024
3530 3522 4862392
3530 3538 4833288
3530 3529 9017520
3530 3531 9133648
3531 3467 2.78804e+06
3531 3595 2636216
3531 3523 4920808
3531 3539 4971976
3531 3530 9136296
3531 3532 9069528
3532 3468 2.61706e+06
3532 3596 2.7387e+06
3532 3524 4917488
3532 3540 4857400
3532 3531 9071320
3532 3533 9125616
