762 804 6656272
762 764 12269184
762 763 1.38052e+07
762 853 16
762 808 16
762 765 164204
763 805 7.33245e+06
763 765 9380648
763 762 1.4462e+07
763 854 16
763 809 16
763 804 3.32808e+06
763 764 4096112
810 843 12433260
810 808 9.5449e+06
810 811 11428764
810 1275 16
810 764 16
810 812 3.58412e+06
810 809 1.18824e+06
811 852 7.33252e+06
811 809 11592916
811 810 11921280
811 1276 16
811 765 16
811 843 3.4005e+06
811 808 1.02403e+06
811 813 3.07207e+06
811 812 1.02404e+06
812 808 1.06606e+07
812 1273 6.98464e+06
812 806 9800732
812 843 9216276
812 813 13549228
812 1277 88
812 804 64
812 1255 4.77234e+06
812 807 1.02403e+06
812 852 1.02402e+06
812 809 1.44426e+06
812 810 3.58412e+06
812 811 1.18822e+06
813 809 8.35648e+06
813 1274 5.28438e+06
813 807 6308448
813 852 8.52072e+06
813 812 1.37134e+07
813 1278 88
813 805 40
813 1256 2.21226e+06
813 1273 3.2363e+06
813 843 3236268
813 806 2.04806e+06
813 811 3.07207e+06
813 1255 1.02402e+06
843 810 1.17765e+07
843 1275 11336688
843 812 9216372
843 852 1.4665e+07
843 1279 64
843 806 16
843 811 3.23633e+06
843 1273 1.02402e+06
843 813 3.07208e+06
843 1274 1.02402e+06
843 809 16
852 811 7.16825e+06
852 1276 5120168
852 813 8.19236e+06
852 843 14993428
852 1280 88
852 807 16
852 1274 4.42449e+06
852 1275 1188252
852 812 1.02402e+06
853 804 9216244
853 1257 8.86854e+06
853 1255 8356588
853 854 1.54137e+07
853 762 16
853 1273 16
853 807 1.02402e+06
853 1256 1.02403e+06
853 805 2.04805e+06
854 805 7168192
854 1258 7.33246e+06
854 1256 7.33249e+06
854 853 1.54136e+07
854 763 16
854 1274 16
854 1257 5.54037e+06
854 1255 2.04804e+06
854 807 1.02402e+06
1255 806 10056756
1255 1271 1.14092e+07
1255 853 8.35654e+06
1255 1273 8612468
1255 1256 13732760
1255 764 112
1255 1275 40
1255 812 4.60815e+06
1255 1257 1.28004e+06
1255 854 2.04804e+06
1255 1274 1.02403e+06
1255 807 1352468
1255 813 1.02402e+06
1256 807 7.33244e+06
1256 1272 7.49667e+06
1256 854 7.16824e+06
1256 1274 7168192
1256 1255 14225360
1256 765 64
1256 1276 16
1256 813 2.21226e+06
1256 853 1.02403e+06
1256 1258 1.02404e+06
1256 1271 1.02405e+06
1256 1273 1.02402e+06
764 806 9032824
764 762 12433332
764 808 11756960
764 765 15945016
764 1255 16
764 810 88
764 804 256020
764 763 4260312
1257 853 8704388
1257 1271 10660576
1257 1258 1.77177e+07
1257 804 16
1257 1277 16
1257 854 5704568
1257 1255 1.28004e+06
1257 1272 1.02403e+06
1258 854 7.16828e+06
1258 1272 8.52068e+06
1258 1257 17553508
1258 805 16
1258 1278 16
1258 1271 2.04804e+06
1258 1256 1.18822e+06
1271 1255 1.07525e+07
1271 1257 1.06606e+07
1271 1277 10240216
1271 1272 1.47568e+07
1271 806 16
1271 1279 40
1271 1273 2.46828e+06
1271 1258 2.04804e+06
1271 1274 1.02403e+06
1271 1256 1188256
1271 1278 1.02402e+06
1272 1256 7.16831e+06
1272 1258 8.19226e+06
1272 1278 9544656
1272 1271 15249376
1272 807 16
1272 1280 88
1272 1257 1.02403e+06
1272 1274 1.18822e+06
1272 1277 1.02402e+06
1273 812 6656264
1273 1277 8192252
1273 1255 8612468
1273 1275 1.14093e+07
1273 1274 1.54137e+07
1273 808 40
1273 853 64
1273 1271 2.46828e+06
1273 813 3.23631e+06
1273 843 1.02402e+06
1273 1279 1.02402e+06
1273 1276 2.04806e+06
1273 1256 1.02402e+06
1274 813 5284392
1274 1278 6.14421e+06
1274 1256 7168192
1274 1276 11921204
1274 1273 15249444
1274 809 40
1274 854 16
1274 852 4.09612e+06
1274 1275 2.04804e+06
1274 843 1.02402e+06
1274 1255 1.02403e+06
1274 1271 1.02403e+06
1274 1277 1.18822e+06
1274 1272 1.02404e+06
1275 843 1.10083e+07
1275 1279 1.08247e+07
1275 1273 11080880
1275 1276 12452708
1275 810 16
1275 1255 16
1275 852 1024088
1275 1274 2.04804e+06
1275 1277 1.02402e+06
1276 852 5.12018e+06
1276 1280 6.30846e+06
1276 1274 11264436
1276 1275 12945320
1276 811 16
1276 1256 16
1276 1273 2.04806e+06
1276 1279 2.21226e+06
1276 1278 1.02402e+06
1276 1277 164200
1277 1273 8192300
1277 1271 10240216
1277 1279 11684520
1277 1278 13312544
1277 812 16
1277 1257 40
1277 1274 1.02404e+06
1277 1275 1.02402e+06
1277 1272 1.02402e+06
1277 1280 1.02404e+06
1277 1276 12
1278 1274 6144232
1278 1272 9.2163e+06
1278 1280 7.16821e+06
1278 1277 1.39694e+07
1278 813 16
1278 1258 40
1278 1276 1.02402e+06
1278 1271 1.02402e+06
765 807 8356512
765 763 9709008
765 809 8.6849e+06
765 764 16437584
765 1256 16
765 811 112
765 762 16
765 804 1.02402e+06
765 805 2.04805e+06
765 806 4096116
765 808 1.02402e+06
1279 1275 1.04964e+07
1279 1277 11684520
1279 1280 1.55248e+07
1279 843 16
1279 1271 16
1279 1273 1.02402e+06
1279 1276 2.04809e+06
1280 1276 6144308
1280 1278 7168280
1280 1279 1.60174e+07
1280 852 16
1280 1272 16
1280 1277 1.02403e+06
804 762 6984696
804 853 9216244
804 806 1.04046e+07
804 805 14993464
804 1257 16
804 812 16
804 763 3.32808e+06
804 764 256020
804 765 1.02402e+06
804 807 1.18822e+06
805 763 7332480
805 854 7168192
805 807 10568808
805 804 15321848
805 1258 16
805 813 16
805 765 2212240
805 853 2.04805e+06
805 806 2048068
806 764 8704328
806 1255 10056740
806 804 10404548
806 812 9964904
806 807 1.1849e+07
806 1271 64
806 843 136
806 765 4260312
806 808 1.02402e+06
806 809 1.18822e+06
806 813 2.21224e+06
806 805 2212264
807 765 8.3565e+06
807 1256 7.33242e+06
807 805 10733020
807 813 6.47261e+06
807 806 1.21773e+07
807 1272 64
807 852 64
807 853 1.02402e+06
807 804 1.02403e+06
807 809 2.04804e+06
807 812 1.02403e+06
807 1255 1.18826e+06
807 854 1.02402e+06
808 812 10989032
808 764 1.1757e+07
808 810 9.70902e+06
808 809 14665048
808 1273 16
808 762 88
808 765 1.02402e+06
808 806 1.02402e+06
808 811 1.18822e+06
809 813 8356500
809 765 8.68494e+06
809 811 1.1757e+07
809 808 1.51576e+07
809 1274 16
809 763 88
809 807 2.04804e+06
809 806 1.02403e+06
809 812 1.28007e+06
809 810 1.02404e+06
809 843 8
