0 1 3.729e+07 1
0 3 3.729e+07 2
0 4 2.630e+07 1
0 12 2.564e+07 2
0 16 2.160e+07 1
1 0 3.728e+07 1
1 2 3.749e+07 2
1 5 2.626e+07 1
1 13 2.605e+07 2
1 17 2.145e+07 1
10 6 2.630e+07 2
10 9 3.745e+07 2
10 11 3.747e+07 1
10 14 2.618e+07 1
10 26 2.178e+07 1
11 7 2.611e+07 2
11 8 3.736e+07 2
11 10 3.747e+07 1
11 15 2.627e+07 1
11 27 2.133e+07 1
12 0 2.564e+07 2
12 8 2.639e+07 1
12 13 3.719e+07 1
12 15 3.726e+07 2
12 28 2.167e+07 1
13 1 2.605e+07 2
13 9 2.626e+07 1
13 12 3.719e+07 1
13 14 3.736e+07 2
13 29 2.154e+07 1
14 2 2.565e+07 2
14 10 2.617e+07 1
14 13 3.736e+07 2
14 15 3.715e+07 1
14 30 2.149e+07 1
15 3 2.610e+07 2
15 11 2.626e+07 1
15 12 3.725e+07 2
15 14 3.716e+07 1
15 31 2.151e+07 1
16 0 2.160e+07 1
16 17 3.730e+07 1
16 19 3.716e+07 2
16 20 2.636e+07 1
16 28 2.601e+07 2
17 1 2.145e+07 1
17 16 3.732e+07 1
17 18 3.732e+07 2
17 21 2.616e+07 1
17 29 2.586e+07 2
18 2 2.166e+07 1
18 17 3.734e+07 2
18 19 3.739e+07 1
18 22 2.630e+07 1
18 30 2.582e+07 2
19 3 2.155e+07 1
19 16 3.714e+07 2
19 18 3.740e+07 1
19 23 2.620e+07 1
19 31 2.589e+07 2
2 1 3.748e+07 2
2 3 3.731e+07 1
2 6 2.630e+07 1
2 14 2.566e+07 2
2 18 2.166e+07 1
20 4 2.179e+07 1
20 16 2.637e+07 1
20 21 3.747e+07 1
20 23 3.731e+07 2
20 24 2.637e+07 2
21 5 2.150e+07 1
21 17 2.617e+07 1
21 20 3.746e+07 1
21 22 3.742e+07 2
21 25 2.608e+07 2
22 6 2.176e+07 1
22 18 2.631e+07 1
22 21 3.742e+07 2
22 23 3.741e+07 1
22 26 2.629e+07 2
23 7 2.153e+07 1
23 19 2.621e+07 1
23 20 3.731e+07 2
23 22 3.741e+07 1
23 27 2.624e+07 2
24 8 2.186e+07 1
24 20 2.638e+07 2
24 25 3.758e+07 1
24 27 3.744e+07 2
24 28 2.641e+07 1
25 9 2.141e+07 1
25 21 2.608e+07 2
25 24 3.757e+07 1
25 26 3.747e+07 2
25 29 2.616e+07 1
26 10 2.179e+07 1
26 22 2.629e+07 2
26 25 3.747e+07 2
26 27 3.755e+07 1
26 30 2.630e+07 1
27 11 2.133e+07 1
27 23 2.625e+07 2
27 24 3.745e+07 2
27 26 3.754e+07 1
27 31 2.611e+07 1
28 12 2.167e+07 1
28 16 2.601e+07 2
28 24 2.640e+07 1
28 29 3.733e+07 1
28 31 3.737e+07 2
29 13 2.154e+07 1
29 17 2.586e+07 2
29 25 2.616e+07 1
29 28 3.735e+07 1
29 30 3.757e+07 2
3 0 3.730e+07 2
3 2 3.730e+07 1
3 7 2.620e+07 1
3 15 2.610e+07 2
3 19 2.155e+07 1
30 14 2.149e+07 1
30 18 2.583e+07 2
30 26 2.629e+07 1
30 29 3.758e+07 2
30 31 3.742e+07 1
31 15 2.151e+07 1
31 19 2.589e+07 2
31 27 2.611e+07 1
31 28 3.736e+07 2
31 30 3.742e+07 1
4 0 2.631e+07 1
4 5 3.768e+07 1
4 7 3.753e+07 2
4 8 2.638e+07 2
4 20 2.179e+07 1
5 1 2.626e+07 1
5 4 3.769e+07 1
5 6 3.764e+07 2
5 9 2.625e+07 2
5 21 2.149e+07 1
6 2 2.631e+07 1
6 5 3.765e+07 2
6 7 3.765e+07 1
6 10 2.630e+07 2
6 22 2.176e+07 1
7 3 2.620e+07 1
7 4 3.751e+07 2
7 6 3.765e+07 1
7 11 2.611e+07 2
7 23 2.152e+07 1
8 4 2.638e+07 2
8 9 3.756e+07 1
8 11 3.739e+07 2
8 12 2.640e+07 1
8 24 2.186e+07 1
9 5 2.625e+07 2
9 8 3.758e+07 1
9 10 3.743e+07 2
9 13 2.627e+07 1
9 25 2.140e+07 1
