0 1 1.519e+08 1
0 3 1.519e+08 2
0 4 1.480e+08 1
0 12 1.482e+08 1
0 16 1.415e+08 1
0 48 1.416e+08 2
1 0 1.519e+08 1
1 2 1.519e+08 2
1 5 1.481e+08 1
1 13 1.481e+08 1
1 17 1.415e+08 1
1 49 1.416e+08 2
10 6 1.481e+08 1
10 9 1.519e+08 2
10 11 1.519e+08 1
10 14 1.481e+08 1
10 26 1.415e+08 1
10 58 1.415e+08 2
11 7 1.481e+08 1
11 8 1.518e+08 2
11 10 1.520e+08 1
11 15 1.480e+08 1
11 27 1.415e+08 1
11 59 1.415e+08 2
12 0 1.481e+08 1
12 8 1.481e+08 1
12 13 1.518e+08 1
12 15 1.518e+08 2
12 28 1.415e+08 1
12 60 1.415e+08 2
13 1 1.480e+08 1
13 9 1.481e+08 1
13 12 1.519e+08 1
13 14 1.519e+08 2
13 29 1.415e+08 1
13 61 1.415e+08 2
14 2 1.481e+08 1
14 10 1.481e+08 1
14 13 1.520e+08 2
14 15 1.519e+08 1
14 30 1.415e+08 1
14 62 1.416e+08 2
15 3 1.480e+08 1
15 11 1.481e+08 1
15 12 1.518e+08 2
15 14 1.519e+08 1
15 31 1.415e+08 1
15 63 1.415e+08 2
16 0 1.416e+08 1
16 17 1.519e+08 1
16 19 1.519e+08 2
16 20 1.480e+08 1
16 28 1.482e+08 1
16 32 1.416e+08 2
17 1 1.416e+08 1
17 16 1.520e+08 1
17 18 1.519e+08 2
17 21 1.481e+08 1
17 29 1.481e+08 1
17 33 1.416e+08 2
18 2 1.416e+08 1
18 17 1.519e+08 2
18 19 1.518e+08 1
18 22 1.481e+08 1
18 30 1.481e+08 1
18 34 1.415e+08 2
19 3 1.416e+08 1
19 16 1.518e+08 2
19 18 1.519e+08 1
19 23 1.480e+08 1
19 31 1.481e+08 1
19 35 1.415e+08 2
2 1 1.520e+08 2
2 3 1.519e+08 1
2 6 1.481e+08 1
2 14 1.482e+08 1
2 18 1.415e+08 1
2 50 1.415e+08 2
20 4 1.416e+08 1
20 16 1.481e+08 1
20 21 1.519e+08 1
20 23 1.519e+08 2
20 24 1.481e+08 1
20 36 1.415e+08 2
21 5 1.416e+08 1
21 17 1.481e+08 1
21 20 1.519e+08 1
21 22 1.519e+08 2
21 25 1.480e+08 1
21 37 1.415e+08 2
22 6 1.416e+08 1
22 18 1.482e+08 1
22 21 1.520e+08 2
22 23 1.519e+08 1
22 26 1.480e+08 1
22 38 1.416e+08 2
23 7 1.416e+08 1
23 19 1.481e+08 1
23 20 1.518e+08 2
23 22 1.519e+08 1
23 27 1.481e+08 1
23 39 1.415e+08 2
24 8 1.416e+08 1
24 20 1.482e+08 1
24 25 1.518e+08 1
24 27 1.519e+08 2
24 28 1.480e+08 1
24 40 1.416e+08 2
25 9 1.416e+08 1
25 21 1.481e+08 1
25 24 1.519e+08 1
25 26 1.519e+08 2
25 29 1.481e+08 1
25 41 1.416e+08 2
26 10 1.416e+08 1
26 22 1.481e+08 1
26 25 1.519e+08 2
26 27 1.518e+08 1
26 30 1.480e+08 1
26 42 1.415e+08 2
27 11 1.416e+08 1
27 23 1.481e+08 1
27 24 1.518e+08 2
27 26 1.519e+08 1
27 31 1.480e+08 1
27 43 1.415e+08 2
28 12 1.416e+08 1
28 16 1.481e+08 1
28 24 1.481e+08 1
28 29 1.519e+08 1
28 31 1.518e+08 2
28 44 1.415e+08 2
29 13 1.416e+08 1
29 17 1.481e+08 1
29 25 1.482e+08 1
29 28 1.520e+08 1
29 30 1.519e+08 2
29 45 1.415e+08 2
3 0 1.518e+08 2
3 2 1.520e+08 1
3 7 1.480e+08 1
3 15 1.481e+08 1
3 19 1.415e+08 1
3 51 1.416e+08 2
30 14 1.416e+08 1
30 18 1.480e+08 1
30 26 1.481e+08 1
30 29 1.519e+08 2
30 31 1.519e+08 1
30 46 1.415e+08 2
31 15 1.416e+08 1
31 19 1.481e+08 1
31 27 1.481e+08 1
31 28 1.518e+08 2
31 30 1.520e+08 1
31 47 1.415e+08 2
32 16 1.416e+08 2
32 33 1.518e+08 1
32 35 1.519e+08 2
32 36 1.480e+08 1
32 44 1.482e+08 1
32 48 1.416e+08 1
33 17 1.416e+08 2
33 32 1.519e+08 1
33 34 1.519e+08 2
33 37 1.481e+08 1
33 45 1.481e+08 1
33 49 1.416e+08 1
34 18 1.416e+08 2
34 33 1.519e+08 2
34 35 1.519e+08 1
34 38 1.480e+08 1
34 46 1.481e+08 1
34 50 1.415e+08 1
35 19 1.416e+08 2
35 32 1.518e+08 2
35 34 1.520e+08 1
35 39 1.480e+08 1
35 47 1.482e+08 1
35 51 1.415e+08 1
36 20 1.416e+08 2
36 32 1.481e+08 1
36 37 1.518e+08 1
36 39 1.518e+08 2
36 40 1.481e+08 1
36 52 1.415e+08 1
37 21 1.416e+08 2
37 33 1.481e+08 1
37 36 1.519e+08 1
37 38 1.519e+08 2
37 41 1.480e+08 1
37 53 1.415e+08 1
38 22 1.416e+08 2
38 34 1.481e+08 1
38 37 1.519e+08 2
38 39 1.519e+08 1
38 42 1.480e+08 1
38 54 1.416e+08 1
39 23 1.416e+08 2
39 35 1.481e+08 1
39 36 1.518e+08 2
39 38 1.520e+08 1
39 43 1.481e+08 1
39 55 1.415e+08 1
4 0 1.481e+08 1
4 5 1.519e+08 1
4 7 1.519e+08 2
4 8 1.481e+08 1
4 20 1.415e+08 1
4 52 1.415e+08 2
40 24 1.416e+08 2
40 36 1.481e+08 1
40 41 1.519e+08 1
40 43 1.519e+08 2
40 44 1.481e+08 1
40 56 1.416e+08 1
41 25 1.416e+08 2
41 37 1.481e+08 1
41 40 1.519e+08 1
41 42 1.518e+08 2
41 45 1.480e+08 1
41 57 1.416e+08 1
42 26 1.416e+08 2
42 38 1.481e+08 1
42 41 1.519e+08 2
42 43 1.519e+08 1
42 46 1.481e+08 1
42 58 1.415e+08 1
43 27 1.416e+08 2
43 39 1.481e+08 1
43 40 1.518e+08 2
43 42 1.520e+08 1
43 47 1.480e+08 1
43 59 1.415e+08 1
44 28 1.416e+08 2
44 32 1.481e+08 1
44 40 1.481e+08 1
44 45 1.518e+08 1
44 47 1.518e+08 2
44 60 1.415e+08 1
45 29 1.416e+08 2
45 33 1.481e+08 1
45 41 1.481e+08 1
45 44 1.519e+08 1
45 46 1.519e+08 2
45 61 1.415e+08 1
46 30 1.416e+08 2
46 34 1.481e+08 1
46 42 1.482e+08 1
46 45 1.520e+08 2
46 47 1.519e+08 1
46 62 1.416e+08 1
47 31 1.416e+08 2
47 35 1.481e+08 1
47 43 1.481e+08 1
47 44 1.518e+08 2
47 46 1.520e+08 1
47 63 1.415e+08 1
48 0 1.415e+08 2
48 32 1.416e+08 1
48 49 1.519e+08 1
48 51 1.518e+08 2
48 52 1.480e+08 1
48 60 1.482e+08 1
49 1 1.415e+08 2
49 33 1.416e+08 1
49 48 1.519e+08 1
49 50 1.519e+08 2
49 53 1.481e+08 1
49 61 1.481e+08 1
5 1 1.481e+08 1
5 4 1.520e+08 1
5 6 1.519e+08 2
5 9 1.481e+08 1
5 21 1.415e+08 1
5 53 1.415e+08 2
50 2 1.415e+08 2
50 34 1.415e+08 1
50 49 1.520e+08 2
50 51 1.519e+08 1
50 54 1.481e+08 1
50 62 1.481e+08 1
51 3 1.415e+08 2
51 35 1.415e+08 1
51 48 1.517e+08 2
51 50 1.520e+08 1
51 55 1.480e+08 1
51 63 1.481e+08 1
52 4 1.415e+08 2
52 36 1.415e+08 1
52 48 1.481e+08 1
52 53 1.519e+08 1
52 55 1.519e+08 2
52 56 1.481e+08 1
53 5 1.415e+08 2
53 37 1.416e+08 1
53 49 1.481e+08 1
53 52 1.519e+08 1
53 54 1.519e+08 2
53 57 1.480e+08 1
54 6 1.415e+08 2
54 38 1.416e+08 1
54 50 1.481e+08 1
54 53 1.520e+08 2
54 55 1.519e+08 1
54 58 1.480e+08 1
55 7 1.415e+08 2
55 39 1.415e+08 1
55 51 1.481e+08 1
55 52 1.518e+08 2
55 54 1.520e+08 1
55 59 1.481e+08 1
56 8 1.415e+08 2
56 40 1.416e+08 1
56 52 1.481e+08 1
56 57 1.518e+08 1
56 59 1.518e+08 2
56 60 1.480e+08 1
57 9 1.415e+08 2
57 41 1.416e+08 1
57 53 1.481e+08 1
57 56 1.519e+08 1
57 58 1.519e+08 2
57 61 1.481e+08 1
58 10 1.415e+08 2
58 42 1.415e+08 1
58 54 1.481e+08 1
58 57 1.519e+08 2
58 59 1.519e+08 1
58 62 1.480e+08 1
59 11 1.414e+08 2
59 43 1.415e+08 1
59 55 1.481e+08 1
59 56 1.518e+08 2
59 58 1.520e+08 1
59 63 1.480e+08 1
6 2 1.481e+08 1
6 5 1.520e+08 2
6 7 1.519e+08 1
6 10 1.480e+08 1
6 22 1.415e+08 1
6 54 1.416e+08 2
60 12 1.415e+08 2
60 44 1.415e+08 1
60 48 1.481e+08 1
60 56 1.481e+08 1
60 61 1.518e+08 1
60 63 1.519e+08 2
61 13 1.415e+08 2
61 45 1.415e+08 1
61 49 1.481e+08 1
61 57 1.482e+08 1
61 60 1.519e+08 1
61 62 1.518e+08 2
62 14 1.415e+08 2
62 46 1.416e+08 1
62 50 1.481e+08 1
62 58 1.481e+08 1
62 61 1.519e+08 2
62 63 1.519e+08 1
63 15 1.415e+08 2
63 47 1.415e+08 1
63 51 1.481e+08 1
63 59 1.481e+08 1
63 60 1.518e+08 2
63 62 1.520e+08 1
7 3 1.481e+08 1
7 4 1.518e+08 2
7 6 1.520e+08 1
7 11 1.481e+08 1
7 23 1.415e+08 1
7 55 1.416e+08 2
8 4 1.481e+08 1
8 9 1.519e+08 1
8 11 1.518e+08 2
8 12 1.480e+08 1
8 24 1.415e+08 1
8 56 1.416e+08 2
9 5 1.481e+08 1
9 8 1.520e+08 1
9 10 1.519e+08 2
9 13 1.481e+08 1
9 25 1.415e+08 1
9 57 1.415e+08 2
