0 1 9.526e+06 1
0 2 1.048e+07 1
0 3 2.541e+06 2
0 4 6.144e+06 2
0 5 1.024e+06 3
0 6 4.000e+00 1
0 7 4.000e+00 2
0 8 1.024e+06 1
0 16 1.600e+01 2
0 32 1.600e+01 1
0 64 1.600e+01 1
1 0 9.690e+06 1
1 2 5.120e+05 2
1 3 8.960e+06 1
1 4 1.280e+06 3
1 5 5.120e+06 2
1 7 3.072e+06 1
1 8 8.960e+06 2
1 9 1.353e+06 1
1 10 2.376e+06 3
1 11 4.800e+01 2
1 13 2.400e+01 3
1 16 1.024e+06 3
1 17 1.600e+01 2
1 33 1.840e+02 1
1 65 1.600e+01 1
10 1 2.048e+06 3
10 2 1.643e+05 1
10 3 3.236e+06 2
10 8 9.197e+06 1
10 9 3.072e+06 2
10 11 1.192e+07 1
10 12 1.024e+06 1
10 14 5.120e+06 2
10 15 1.642e+05 3
10 17 3.584e+06 3
10 21 1.024e+06 3
10 24 4.260e+06 3
10 26 4.000e+01 2
10 42 1.600e+01 1
10 74 1.600e+01 1
100 36 1.600e+01 1
100 68 2.320e+02 1
100 96 1.050e+07 2
100 97 2.048e+06 3
100 98 2.561e+05 1
100 101 5.357e+06 1
100 102 1.168e+07 1
100 103 1.188e+06 2
100 104 2.560e+05 3
100 108 2.560e+06 1
100 116 1.600e+01 2
101 37 1.600e+01 1
101 69 1.600e+01 1
101 96 7.681e+05 3
101 97 9.636e+06 2
101 98 2.560e+05 2
101 99 1.024e+06 1
101 100 5.029e+06 1
101 102 4.203e+05 2
101 103 5.449e+06 1
101 104 5.173e+06 4
101 105 4.096e+06 3
101 106 1.188e+06 3
101 107 1.024e+06 2
101 108 5.101e+06 2
101 109 2.563e+05 1
101 117 1.600e+01 2
102 38 1.600e+01 1
102 70 1.600e+02 1
102 98 1.050e+07 2
102 99 1.024e+06 3
102 100 1.168e+07 1
102 101 4.202e+05 2
102 103 5.705e+06 1
102 104 2.560e+05 2
102 106 2.560e+05 3
102 108 1.096e+06 2
102 110 2.121e+06 1
102 112 2.561e+05 3
102 113 1.024e+06 4
102 116 1.040e+07 3
102 118 4.000e+01 2
103 39 1.600e+01 1
103 71 1.600e+01 1
103 97 1.024e+06 1
103 98 7.681e+05 3
103 99 6.144e+06 2
103 100 1.024e+06 2
103 101 5.284e+06 1
103 102 5.540e+06 1
103 104 1.024e+06 3
103 106 3.565e+06 4
103 107 3.072e+06 3
103 108 2.048e+06 3
103 110 4.096e+06 2
103 111 8.800e+01 1
103 112 2.560e+05 4
103 113 2.048e+06 3
103 116 3.492e+06 4
103 117 3.072e+06 3
103 119 6.400e+01 2
103 120 1.642e+05 3
103 121 1.024e+06 2
104 40 1.600e+01 1
104 72 1.600e+01 1
104 76 1.024e+06 3
104 77 5.120e+06 4
104 79 1.024e+06 3
104 96 1.642e+05 1
104 97 7.168e+06 2
104 100 2.560e+05 3
104 101 4.352e+06 4
104 102 2.560e+05 2
104 103 1.024e+06 3
104 105 9.873e+06 1
104 106 6.473e+06 1
104 107 2.212e+06 2
104 108 7.753e+06 2
104 109 1.024e+06 3
104 111 2.400e+01 2
104 120 1.600e+01 2
105 41 1.600e+01 1
105 73 1.600e+01 1
105 77 3.072e+06 3
105 79 2.304e+06 2
105 97 1.353e+06 1
105 101 4.425e+06 3
105 104 9.545e+06 1
105 106 1.024e+06 2
105 107 7.661e+06 1
105 108 5.121e+05 3
105 109 4.260e+06 2
105 121 1.600e+01 2
106 42 1.600e+01 1
106 74 1.600e+01 1
106 78 1.024e+06 3
106 79 3.840e+06 4
106 93 1.024e+06 5
106 97 1.024e+06 3
106 98 1.643e+05 1
106 99 7.168e+06 2
106 101 1.024e+06 3
106 102 2.560e+05 3
106 103 3.236e+06 4
106 104 6.144e+06 1
106 105 1.024e+06 2
106 107 1.123e+07 1
106 108 2.212e+06 1
106 109 1.024e+06 2
106 110 4.096e+06 2
106 111 1.600e+01 3
106 112 2.560e+05 2
106 117 1.024e+06 3
106 120 5.120e+06 3
106 121 1.024e+06 4
106 122 1.600e+01 2
107 43 1.600e+01 1
107 75 1.600e+01 1
107 79 1.280e+06 3
107 97 1.642e+05 2
107 99 1.643e+05 1
107 101 1.024e+06 2
107 103 3.400e+06 3
107 104 2.048e+06 2
107 105 7.168e+06 1
107 106 1.057e+07 1
107 108 3.200e+01 2
107 109 5.284e+06 1
107 110 1.024e+06 3
107 111 4.096e+06 2
107 121 5.120e+06 3
107 123 1.600e+01 2
108 44 1.600e+01 1
108 76 6.400e+01 1
108 100 2.724e+06 1
108 101 4.772e+06 2
108 102 7.681e+05 2
108 103 2.048e+06 3
108 104 7.589e+06 2
108 105 6.763e+05 3
108 106 2.048e+06 1
108 107 1.642e+05 2
108 109 9.361e+06 1
108 110 1.106e+07 1
108 111 3.072e+06 2
108 124 1.600e+01 2
109 45 1.600e+01 1
109 77 6.400e+01 1
109 101 2.560e+05 1
109 104 1.024e+06 3
109 105 4.096e+06 2
109 106 1.024e+06 2
109 107 5.120e+06 1
109 108 8.869e+06 1
109 110 2.048e+06 2
109 111 7.661e+06 1
109 125 1.600e+01 2
11 1 3.284e+05 2
11 3 3.285e+05 1
11 7 1.024e+06 3
11 8 2.048e+06 2
11 9 7.497e+06 1
11 10 1.192e+07 1
11 13 5.284e+06 1
11 14 1.188e+06 3
11 15 6.473e+06 2
11 17 8.000e+00 2
11 21 8.000e+00 2
11 24 2.212e+06 4
11 25 4.096e+06 3
11 27 4.000e+01 2
11 43 4.000e+01 1
11 75 1.600e+01 1
110 46 1.600e+01 1
110 78 1.600e+01 1
110 102 1.956e+06 1
110 103 4.096e+06 2
110 106 4.096e+06 2
110 107 1.024e+06 3
110 108 1.024e+07 1
110 109 2.048e+06 2
110 111 7.661e+06 1
110 116 5.120e+05 2
110 117 3.236e+06 3
110 121 1.024e+06 4
110 124 7.497e+06 3
110 125 1.024e+06 4
110 126 8.800e+01 2
111 47 1.600e+01 1
111 79 4.000e+01 1
111 103 1.600e+01 1
111 104 1.642e+05 2
111 106 8.000e+00 3
111 107 4.096e+06 2
111 108 3.400e+06 2
111 109 7.497e+06 1
111 110 7.497e+06 1
111 121 1.642e+05 3
111 124 1.024e+06 4
111 125 5.284e+06 3
111 127 6.400e+01 2
112 48 1.600e+01 1
112 80 1.600e+01 1
112 84 9.472e+06 3
112 86 2.561e+05 2
112 87 2.048e+06 3
112 96 6.400e+01 2
112 98 1.024e+07 3
112 99 1.956e+06 4
112 102 4.202e+05 3
112 103 2.560e+05 4
112 106 2.560e+05 2
112 113 4.497e+06 1
112 114 1.040e+07 1
112 115 1.024e+06 2
112 116 1.066e+07 2
112 117 4.202e+05 3
112 118 1.024e+06 1
112 119 1.024e+06 2
112 120 2.800e+01 1
113 49 1.600e+01 1
113 81 4.000e+01 1
113 84 2.561e+05 4
113 85 1.024e+06 3
113 92 4.260e+06 5
113 93 1.536e+06 4
113 94 1.024e+06 4
113 97 1.600e+01 2
113 98 1.024e+06 4
113 99 6.144e+06 3
113 102 1.024e+06 4
113 103 2.048e+06 3
113 112 4.005e+06 1
113 114 1.280e+06 2
113 115 7.168e+06 1
113 117 6.308e+06 2
113 120 6.473e+06 2
113 121 2.048e+06 1
113 122 1.188e+06 3
113 123 1.600e+01 2
114 50 1.600e+01 1
114 82 4.000e+01 1
114 86 7.936e+06 3
114 87 1.024e+06 4
114 94 2.212e+06 4
114 95 4.800e+01 5
114 98 1.600e+01 2
114 112 1.024e+07 1
114 113 1.280e+06 2
114 115 7.313e+06 1
114 118 1.108e+07 2
114 119 5.845e+05 3
114 122 2.048e+06 1
115 51 1.600e+01 1
115 83 1.600e+01 1
115 86 2.561e+05 4
115 87 1.024e+06 3
115 93 1.024e+06 3
115 94 3.072e+06 5
115 95 1.600e+01 4
115 99 1.600e+01 2
115 112 1.024e+06 2
115 113 7.332e+06 1
115 114 6.656e+06 1
115 117 2.048e+06 1
115 118 1.642e+05 3
115 119 5.632e+06 2
115 120 1.024e+06 3
115 122 7.661e+06 2
115 123 2.048e+06 1
115 126 1.024e+06 4
116 52 1.600e+01 1
116 84 1.600e+02 1
116 100 6.400e+01 2
116 102 1.024e+07 3
116 103 3.492e+06 4
116 110 5.120e+05 2
116 112 1.050e+07 2
116 117 6.709e+06 1
116 118 9.472e+06 1
116 119 2.376e+06 2
116 124 1.024e+06 1
117 53 1.600e+01 1
117 85 1.600e+01 1
117 101 1.600e+01 2
117 103 3.072e+06 3
117 106 1.024e+06 3
117 110 3.072e+06 3
117 112 2.560e+05 3
117 113 6.308e+06 2
117 115 2.212e+06 1
117 116 6.053e+06 1
117 118 5.120e+05 2
117 119 7.424e+06 1
117 120 1.188e+06 4
117 121 1.024e+06 3
117 123 1.024e+06 2
117 124 7.825e+06 2
117 125 1.024e+06 1
117 126 3.328e+06 3
118 54 1.600e+01 1
118 86 1.024e+06 1
118 102 1.600e+01 2
118 112 1.024e+06 1
118 114 1.092e+07 2
118 115 1.200e+01 3
118 116 9.472e+06 1
118 117 5.120e+05 2
118 119 6.893e+06 1
118 124 8.404e+05 2
118 126 1.353e+06 1
119 55 1.600e+01 1
119 86 1.024e+06 2
119 87 1.600e+02 1
119 103 1.600e+01 2
119 112 1.024e+06 2
119 114 4.203e+05 3
119 115 5.632e+06 2
119 116 2.048e+06 2
119 117 7.424e+06 1
119 118 6.729e+06 1
119 120 1.642e+05 3
119 122 1.024e+06 4
119 123 1.024e+06 3
119 124 2.212e+06 3
119 126 5.705e+06 2
119 127 1.360e+02 1
12 4 1.643e+05 1
12 5 4.169e+06 2
12 6 2.560e+05 2
12 7 2.048e+06 3
12 8 6.144e+06 2
12 9 4.096e+06 3
12 10 1.024e+06 1
12 13 8.357e+06 1
12 14 8.356e+06 1
12 15 2.048e+06 2
12 28 1.600e+01 2
12 32 5.120e+05 4
12 33 5.449e+06 5
12 35 1.024e+06 4
12 40 3.072e+06 3
12 41 1.188e+06 4
12 42 1.642e+05 2
12 44 1.120e+02 1
12 76 1.600e+01 1
120 56 1.600e+01 1
120 88 6.400e+01 1
120 92 2.048e+06 3
120 93 6.217e+06 4
120 94 3.072e+06 2
120 95 1.024e+06 3
120 99 2.048e+06 3
120 103 1.200e+01 3
120 104 1.600e+01 2
120 106 5.120e+06 3
120 112 1.642e+05 1
120 113 6.144e+06 2
120 115 1.024e+06 3
120 117 1.024e+06 4
120 119 1.200e+01 3
120 121 1.123e+07 1
120 122 1.040e+07 1
120 124 3.072e+06 2
121 57 1.600e+01 1
121 89 1.600e+01 1
121 93 1.536e+06 3
121 99 1.642e+05 2
121 103 1.024e+06 2
121 105 6.400e+01 2
121 106 1.188e+06 4
121 107 5.120e+06 3
121 110 1.024e+06 4
121 111 1.200e+01 3
121 113 2.212e+06 1
121 117 1.188e+06 3
121 120 1.057e+07 1
121 122 1.024e+06 2
121 123 6.308e+06 1
121 124 1.024e+06 3
121 125 6.308e+06 2
122 58 1.600e+01 1
122 90 1.600e+01 1
122 93 2.560e+05 3
122 94 2.048e+06 3
122 95 4.096e+06 4
122 106 1.600e+01 2
122 113 1.024e+06 3
122 114 2.048e+06 1
122 115 7.168e+06 2
122 119 1.188e+06 4
122 120 1.057e+07 1
122 121 1.024e+06 2
122 123 1.176e+07 1
122 124 1.024e+06 1
122 126 4.096e+06 2
123 59 1.600e+01 1
123 91 1.600e+01 1
123 95 2.048e+06 3
123 107 1.600e+01 2
123 113 8.000e+00 2
123 115 2.377e+06 1
123 117 1.188e+06 2
123 119 1.024e+06 3
123 121 6.309e+06 1
123 122 1.159e+07 1
123 125 1.024e+06 1
123 126 5.613e+06 3
123 127 3.236e+06 2
124 60 1.600e+01 1
124 92 6.400e+01 1
124 108 1.600e+01 2
124 110 7.168e+06 3
124 111 1.024e+06 4
124 116 1.188e+06 1
124 117 7.332e+06 2
124 118 5.121e+05 2
124 119 2.048e+06 3
124 120 3.236e+06 2
124 121 1.352e+06 3
124 122 1.024e+06 1
124 125 1.057e+07 1
124 126 5.961e+06 1
124 127 3.072e+06 2
125 61 1.600e+01 1
125 93 8.800e+01 1
125 109 6.400e+01 2
125 110 1.352e+06 4
125 111 5.120e+06 3
125 117 1.024e+06 1
125 121 6.473e+06 2
125 123 1.024e+06 1
125 124 1.073e+07 1
125 126 1.280e+06 2
125 127 6.308e+06 1
126 62 1.600e+01 1
126 94 6.400e+01 1
126 110 1.600e+01 2
126 115 1.024e+06 4
126 117 3.492e+06 3
126 118 1.024e+06 1
126 119 5.869e+06 2
126 122 4.260e+06 2
126 123 5.449e+06 3
126 124 5.797e+06 1
126 125 1.280e+06 2
126 127 1.157e+07 1
127 63 1.600e+01 1
127 95 1.120e+02 1
127 111 1.600e+01 2
127 119 6.400e+01 1
127 123 3.236e+06 2
127 124 3.072e+06 2
127 125 6.308e+06 1
127 126 1.092e+07 1
13 1 1.642e+05 3
13 5 3.285e+05 1
13 8 3.284e+05 3
13 9 6.473e+06 2
13 11 5.449e+06 1
13 12 8.193e+06 1
13 14 1.024e+06 2
13 15 7.333e+06 1
13 29 1.600e+01 2
13 40 3.400e+06 4
13 41 2.212e+06 3
13 42 1.024e+06 3
13 43 1.024e+06 2
13 45 8.800e+01 1
13 77 1.600e+01 1
14 3 2.212e+06 4
14 4 1.642e+05 2
14 5 4.000e+00 3
14 6 4.203e+05 1
14 7 4.260e+06 2
14 8 1.024e+06 1
14 10 5.284e+06 2
14 11 1.024e+06 3
14 12 8.192e+06 1
14 13 1.024e+06 2
14 15 6.473e+06 1
14 17 1.024e+06 3
14 20 1.024e+06 2
14 21 2.560e+06 3
14 28 5.120e+06 3
14 29 1.024e+06 4
14 30 1.600e+01 2
14 33 1.024e+06 4
14 34 5.120e+05 4
14 35 6.637e+06 5
14 42 3.072e+06 3
14 43 1.643e+05 4
14 46 1.120e+02 1
14 49 1.200e+01 4
14 78 1.600e+01 1
15 7 3.285e+05 1
15 10 1.200e+01 3
15 11 6.637e+06 2
15 12 2.212e+06 2
15 13 7.168e+06 1
15 14 6.309e+06 1
15 24 1.024e+06 4
15 25 1.188e+06 3
15 28 2.212e+06 4
15 29 2.048e+06 3
15 31 6.400e+01 2
15 35 8.000e+00 4
15 40 2.048e+06 3
15 42 3.236e+06 4
15 43 2.212e+06 3
15 47 8.800e+01 1
15 49 4.000e+00 3
15 56 1.200e+01 5
15 57 1.188e+06 4
15 61 4.000e+00 4
15 79 1.600e+01 1
16 0 2.320e+02 2
16 1 1.024e+06 3
16 2 9.873e+06 3
16 3 3.729e+06 4
16 6 1.024e+06 3
16 17 5.797e+06 1
16 18 1.090e+07 1
16 19 5.120e+05 2
16 20 1.057e+07 2
16 22 3.284e+05 1
16 24 2.800e+01 1
16 48 1.360e+02 1
16 80 1.600e+01 1
17 1 2.800e+02 2
17 2 1.200e+01 4
17 3 5.613e+06 3
17 10 4.077e+06 3
17 11 1.600e+01 2
17 14 1.352e+06 3
17 16 5.796e+06 1
17 18 1.792e+06 2
17 19 7.168e+06 1
17 20 1.024e+06 3
17 21 1.082e+07 2
17 24 6.473e+06 2
17 25 1.280e+02 1
17 49 1.600e+01 1
17 81 1.600e+01 1
18 2 1.600e+01 2
18 16 1.073e+07 1
18 17 2.449e+06 2
18 19 3.381e+06 1
18 20 2.560e+05 1
18 21 1.005e+06 2
18 22 1.474e+07 2
18 23 1.609e+06 3
18 24 5.844e+05 2
18 26 1.024e+06 1
18 50 8.800e+01 1
18 82 1.600e+01 1
19 3 1.600e+01 2
19 16 5.120e+05 2
19 17 7.168e+06 1
19 18 2.725e+06 1
19 21 1.024e+06 1
19 22 5.121e+05 3
19 23 2.816e+06 2
19 24 4.845e+06 3
19 25 1.024e+06 2
19 26 9.434e+06 2
19 27 1.024e+06 1
19 28 1.642e+05 3
19 30 1.096e+06 4
19 51 4.000e+01 1
19 83 1.600e+01 1
2 0 1.048e+07 1
2 1 5.120e+05 2
2 3 6.144e+06 1
2 6 1.262e+07 2
2 10 2.800e+01 1
2 16 9.381e+06 3
2 17 1.642e+05 4
2 18 6.400e+01 2
2 20 8.000e+00 3
2 34 2.080e+02 1
2 66 1.600e+01 1
20 2 8.000e+00 3
20 4 1.360e+02 2
20 5 1.024e+06 3
20 6 8.941e+06 3
20 7 2.468e+06 4
20 14 1.188e+06 2
20 16 1.040e+07 2
20 17 1.024e+06 3
20 18 2.560e+05 1
20 21 3.584e+06 1
20 22 1.143e+07 1
20 23 1.188e+06 2
20 28 5.121e+05 1
20 34 1.352e+06 4
20 35 1.642e+05 5
20 48 8.173e+06 3
20 49 1.188e+06 4
20 50 1.642e+05 2
20 52 1.024e+06 1
20 84 1.600e+01 1
21 3 1.200e+01 3
21 5 1.024e+06 2
21 6 1.200e+01 4
21 7 2.212e+06 3
21 10 1.024e+06 3
21 11 1.600e+01 2
21 14 3.053e+06 3
21 17 1.066e+07 2
21 18 5.121e+05 2
21 19 1.024e+06 1
21 20 3.748e+06 1
21 22 2.561e+05 2
21 23 5.120e+06 1
21 24 4.260e+06 4
21 25 3.236e+06 3
21 27 1.024e+06 2
21 28 9.105e+06 2
21 29 2.080e+02 1
21 34 1.024e+06 5
21 35 4.202e+05 4
21 42 1.642e+05 4
21 49 3.400e+06 3
21 53 1.120e+02 1
21 85 1.600e+01 1
22 6 1.600e+01 2
22 16 1.643e+05 1
22 18 1.408e+07 2
22 19 6.762e+05 3
22 20 1.143e+07 1
22 21 7.486e+05 2
22 23 5.174e+06 1
22 26 5.120e+05 3
22 30 5.121e+05 1
22 48 4.202e+05 2
22 49 6.762e+05 3
22 50 6.545e+06 3
22 51 3.284e+05 4
22 52 1.024e+06 2
22 54 3.072e+06 1
22 86 1.600e+01 1
23 7 1.600e+01 2
23 18 1.280e+06 3
23 19 2.816e+06 2
23 20 1.024e+06 2
23 21 5.284e+06 1
23 22 4.517e+06 1
23 24 1.188e+06 3
23 26 5.120e+05 4
23 27 1.024e+06 3
23 28 2.193e+06 3
23 30 7.477e+06 2
23 31 3.280e+02 1
23 48 1.024e+06 3
23 49 6.763e+05 2
23 50 4.077e+06 4
23 51 1.681e+06 3
23 55 1.024e+06 1
23 87 1.600e+01 1
24 3 1.024e+06 3
24 8 6.400e+01 2
24 10 4.260e+06 3
24 11 2.048e+06 4
24 15 1.188e+06 4
24 16 1.642e+05 1
24 17 6.144e+06 2
24 18 2.561e+05 2
24 19 4.352e+06 3
24 21 4.096e+06 4
24 23 1.024e+06 3
24 25 1.311e+07 1
24 26 6.308e+06 1
24 27 1.024e+06 2
24 28 5.120e+06 2
24 56 1.600e+01 1
24 88 1.600e+01 1
25 7 1.024e+06 2
25 9 6.400e+01 2
25 11 4.260e+06 3
25 15 1.188e+06 3
25 17 3.285e+05 1
25 19 1.352e+06 2
25 21 3.072e+06 3
25 24 1.262e+07 1
25 26 2.377e+06 2
25 27 6.309e+06 1
25 28 2.048e+06 3
25 29 6.473e+06 2
25 57 4.000e+01 1
25 89 1.600e+01 1
26 10 1.600e+01 2
26 18 1.188e+06 1
26 19 8.777e+06 2
26 22 5.120e+05 3
26 23 5.120e+05 4
26 24 6.144e+06 1
26 25 2.377e+06 2
26 27 1.029e+07 1
26 29 1.188e+06 2
26 30 7.753e+06 2
26 31 1.024e+06 3
26 58 1.600e+01 1
26 90 1.600e+01 1
27 11 1.600e+01 2
27 19 1.024e+06 1
27 21 1.024e+06 2
27 23 1.024e+06 3
27 24 1.024e+06 2
27 25 6.144e+06 1
27 26 9.637e+06 1
27 29 3.236e+06 1
27 30 3.072e+06 3
27 31 6.473e+06 2
27 59 1.600e+01 1
27 91 1.600e+01 1
28 7 1.200e+01 3
28 12 4.000e+01 2
28 14 5.284e+06 3
28 15 2.212e+06 4
28 19 1.200e+01 3
28 20 6.763e+05 1
28 21 8.448e+06 2
28 23 1.536e+06 3
28 24 5.120e+06 2
28 25 2.048e+06 3
28 29 1.176e+07 1
28 30 4.096e+06 1
28 35 2.048e+06 4
28 42 1.188e+06 4
28 49 4.424e+06 5
28 51 2.048e+06 4
28 56 3.072e+06 3
28 60 8.800e+01 1
28 92 1.600e+01 1
29 13 1.600e+01 2
29 14 1.024e+06 4
29 15 2.212e+06 3
29 21 3.285e+05 1
29 25 6.309e+06 2
29 26 1.024e+06 2
29 27 3.236e+06 1
29 28 1.159e+07 1
29 30 1.024e+06 2
29 31 4.096e+06 1
29 42 1.024e+06 5
29 49 1.600e+01 4
29 51 8.000e+00 3
29 56 4.425e+06 4
29 57 4.096e+06 3
29 58 4.000e+00 3
29 59 1.024e+06 2
29 61 6.800e+01 1
29 93 1.600e+01 1
3 0 3.033e+06 2
3 1 8.960e+06 1
3 2 6.308e+06 1
3 5 1.024e+06 1
3 7 4.096e+06 2
3 8 1.589e+06 3
3 9 1.642e+05 2
3 10 3.400e+06 2
3 11 2.560e+02 1
3 14 2.048e+06 4
3 16 3.072e+06 4
3 17 5.284e+06 3
3 19 6.400e+01 2
3 21 1.642e+05 3
3 24 1.024e+06 3
3 35 1.600e+01 1
3 67 1.600e+01 1
30 14 1.600e+01 2
30 19 7.681e+05 4
30 22 6.763e+05 1
30 23 6.656e+06 2
30 26 7.424e+06 2
30 27 3.072e+06 3
30 28 4.096e+06 1
30 29 1.352e+06 2
30 31 1.073e+07 1
30 50 2.376e+06 4
30 51 4.096e+06 5
30 58 3.072e+06 3
30 62 6.400e+01 1
30 94 1.600e+01 1
31 15 1.600e+01 2
31 23 3.285e+05 1
31 26 1.024e+06 3
31 27 6.308e+06 2
31 29 4.096e+06 1
31 30 1.073e+07 1
31 50 1.600e+01 5
31 58 4.425e+06 4
31 59 3.072e+06 3
31 63 6.400e+01 1
31 95 1.600e+01 1
32 0 1.600e+01 1
32 4 8.777e+06 3
32 5 4.352e+06 4
32 6 2.560e+05 2
32 7 2.560e+05 3
32 12 5.120e+05 4
32 33 3.821e+06 1
32 34 1.348e+07 1
32 36 1.073e+07 2
32 37 7.487e+05 3
32 38 1.024e+06 1
32 39 6.569e+05 2
32 40 4.928e+05 1
32 41 1.642e+05 2
32 42 1.642e+05 2
32 44 3.284e+05 3
32 48 1.600e+01 2
32 96 1.600e+01 1
33 1 4.000e+01 1
33 5 4.425e+06 3
33 12 5.120e+06 5
33 14 1.024e+06 4
33 32 3.657e+06 1
33 34 2.560e+05 2
33 35 5.120e+06 1
33 37 8.357e+06 2
33 39 3.236e+06 1
33 40 1.143e+07 2
33 41 1.645e+05 1
33 43 1.642e+05 2
33 45 1.642e+05 3
33 49 1.600e+01 2
33 97 1.600e+01 1
34 2 4.000e+01 1
34 4 1.642e+05 2
34 5 1.188e+06 3
34 6 7.497e+06 3
34 7 2.048e+06 4
34 14 5.120e+05 4
34 20 1.024e+06 4
34 21 1.024e+06 5
34 32 1.348e+07 1
34 33 2.560e+05 2
34 35 3.840e+06 1
34 37 1.024e+06 2
34 38 1.090e+07 2
34 39 2.560e+06 3
34 42 3.286e+05 1
34 43 1.600e+01 2
34 46 3.284e+05 3
34 48 1.057e+07 3
34 49 1.642e+05 4
34 50 2.320e+02 2
34 52 7.487e+05 3
34 53 1.642e+05 4
34 56 1.642e+05 2
34 60 1.642e+05 2
34 98 1.600e+01 1
35 3 8.800e+01 1
35 5 4.927e+05 2
35 7 2.212e+06 3
35 12 1.024e+06 4
35 14 6.144e+06 5
35 15 1.600e+01 4
35 20 2.800e+01 5
35 21 2.561e+05 4
35 28 2.048e+06 4
35 33 5.120e+06 1
35 34 4.004e+06 1
35 38 1.200e+01 3
35 39 6.308e+06 2
35 40 2.048e+06 3
35 42 7.168e+06 2
35 43 1.352e+06 1
35 48 2.560e+05 4
35 49 6.308e+06 3
35 51 6.400e+01 2
35 52 2.561e+05 4
35 56 1.188e+06 3
35 57 2.400e+01 2
35 99 1.600e+01 1
36 4 1.600e+01 1
36 32 1.073e+07 2
36 37 7.333e+06 1
36 38 9.381e+06 1
36 44 1.517e+06 1
36 46 1.642e+05 2
36 52 2.800e+01 2
36 64 9.709e+06 4
36 65 4.927e+05 5
36 66 4.203e+05 3
36 72 3.284e+05 5
36 100 2.320e+02 1
37 5 1.600e+01 1
37 32 5.845e+05 3
37 33 8.357e+06 2
37 34 1.024e+06 2
37 36 7.497e+06 1
37 38 3.072e+06 2
37 39 6.144e+06 1
37 40 1.024e+06 4
37 41 5.120e+06 3
37 42 1.024e+06 3
37 43 4.000e+00 2
37 44 5.120e+06 2
37 45 1.645e+05 1
37 47 3.284e+05 2
37 53 1.600e+01 2
37 64 1.024e+06 5
37 65 1.792e+06 4
37 66 1.200e+01 4
37 101 1.600e+01 1
38 6 2.400e+01 1
38 32 1.352e+06 1
38 34 1.040e+07 2
38 35 1.642e+05 3
38 36 9.381e+06 1
38 37 3.072e+06 2
38 39 1.280e+06 1
38 42 5.120e+05 3
38 44 5.120e+05 2
38 46 1.097e+06 1
38 47 1.600e+01 2
38 48 2.048e+06 3
38 52 9.728e+06 3
38 53 1.642e+05 4
38 54 1.120e+02 2
38 60 1.642e+05 2
38 65 1.280e+06 4
38 66 8.429e+06 4
38 67 1.642e+05 5
38 74 1.642e+05 5
38 80 1.200e+01 5
38 81 1.642e+05 6
38 102 1.600e+02 1
39 5 8.000e+00 2
39 7 1.600e+01 1
39 32 1.643e+05 2
39 33 3.565e+06 1
39 34 2.560e+06 3
39 35 6.144e+06 2
39 37 6.144e+06 1
39 38 1.444e+06 1
39 40 1.024e+06 3
39 42 2.212e+06 4
39 43 3.400e+06 3
39 44 2.048e+06 3
39 46 3.072e+06 2
39 47 6.400e+01 1
39 48 2.560e+05 4
39 49 1.024e+06 3
39 52 1.024e+06 4
39 53 2.212e+06 3
39 55 4.000e+01 2
39 56 1.024e+06 3
39 57 2.400e+01 2
39 65 5.120e+05 3
39 66 2.400e+01 5
39 67 1.024e+06 4
39 103 1.600e+01 1
4 0 6.144e+06 2
4 1 1.280e+06 3
4 5 7.405e+06 1
4 6 8.521e+06 1
4 7 2.376e+06 2
4 8 2.560e+05 3
4 12 5.200e+01 1
4 14 1.200e+01 2
4 20 1.600e+01 2
4 32 8.448e+06 3
4 34 1.200e+01 2
4 36 1.600e+01 1
4 68 1.600e+01 1
40 5 5.600e+01 5
40 8 6.400e+01 1
40 12 3.400e+06 3
40 13 3.072e+06 4
40 15 2.048e+06 3
40 32 1.643e+05 1
40 33 1.126e+07 2
40 35 2.048e+06 3
40 37 1.024e+06 4
40 39 1.024e+06 3
40 41 1.057e+07 1
40 42 9.216e+06 1
40 43 1.352e+06 2
40 44 4.096e+06 2
40 45 1.642e+05 3
40 56 1.600e+01 2
40 104 1.600e+01 1
41 9 1.600e+02 1
41 12 1.352e+06 4
41 13 2.705e+06 3
41 32 2.800e+01 2
41 33 3.286e+05 1
41 37 5.120e+06 3
41 40 1.057e+07 1
41 42 1.024e+06 2
41 43 6.144e+06 1
41 44 2.048e+06 3
41 45 9.381e+06 2
41 47 3.284e+05 1
41 57 1.600e+01 2
41 105 1.600e+01 1
42 10 6.400e+01 1
42 12 1.200e+01 2
42 13 1.188e+06 3
42 14 3.236e+06 3
42 15 3.072e+06 4
42 21 2.800e+01 4
42 28 1.024e+06 4
42 29 1.024e+06 5
42 32 2.800e+01 2
42 34 1.643e+05 1
42 35 7.168e+06 2
42 37 1.024e+06 3
42 38 5.120e+05 3
42 39 2.048e+06 4
42 40 9.216e+06 1
42 41 1.024e+06 2
42 43 1.176e+07 1
42 44 2.048e+06 1
42 45 1.024e+06 2
42 46 6.308e+06 2
42 47 1.642e+05 3
42 49 2.048e+06 3
42 52 2.560e+05 2
42 56 5.120e+06 3
42 57 1.642e+05 4
42 58 4.000e+01 2
42 61 2.560e+05 4
42 106 1.600e+01 1
43 11 1.120e+02 1
43 13 1.024e+06 2
43 14 3.284e+05 4
43 15 2.541e+06 3
43 33 1.642e+05 2
43 34 1.600e+01 2
43 35 1.188e+06 1
43 37 4.000e+00 2
43 39 3.072e+06 3
43 40 1.188e+06 2
43 41 6.144e+06 1
43 42 1.159e+07 1
43 44 1.200e+01 2
43 45 1.188e+06 1
43 46 1.188e+06 3
43 47 5.120e+06 2
43 56 2.048e+06 4
43 57 5.120e+06 3
43 59 4.000e+01 2
43 61 9.323e+05 3
43 107 1.600e+01 1
44 12 1.600e+01 1
44 32 5.600e+01 3
44 36 1.188e+06 1
44 37 5.120e+06 2
44 38 5.120e+05 2
44 39 2.048e+06 3
44 40 4.260e+06 2
44 41 2.048e+06 3
44 42 2.048e+06 1
44 43 1.642e+05 2
44 45 6.309e+06 1
44 46 9.216e+06 1
44 47 3.236e+06 2
44 60 1.600e+01 2
44 65 5.632e+06 6
44 66 1.024e+06 4
44 67 2.048e+06 5
44 72 2.212e+06 4
44 74 1.642e+05 3
44 108 6.400e+01 1
45 13 1.600e+01 1
45 33 1.200e+01 3
45 37 3.285e+05 1
45 40 1.200e+01 3
45 41 9.873e+06 2
45 42 1.024e+06 2
45 43 1.024e+06 1
45 44 6.473e+06 1
45 46 1.024e+06 2
45 47 8.357e+06 1
45 61 1.600e+01 2
45 72 5.120e+06 5
45 73 2.212e+06 4
45 74 1.200e+01 4
45 75 1.642e+05 3
45 109 6.400e+01 1
46 14 1.600e+01 1
46 34 5.600e+01 3
46 36 2.800e+01 2
46 38 9.324e+05 1
46 39 3.072e+06 2
46 42 6.144e+06 2
46 43 1.024e+06 3
46 44 9.216e+06 1
46 45 1.188e+06 2
46 47 5.941e+06 1
46 52 7.681e+05 2
46 53 3.072e+06 3
46 57 1.024e+06 4
46 60 5.284e+06 3
46 61 3.492e+06 4
46 62 6.400e+01 2
46 66 1.280e+06 5
46 67 2.048e+06 6
46 72 1.024e+06 3
46 74 2.048e+06 4
46 75 2.560e+05 5
46 81 1.024e+06 5
46 110 1.600e+01 1
47 15 1.600e+01 1
47 37 2.800e+01 2
47 38 1.600e+01 2
47 39 1.642e+05 1
47 41 6.000e+01 1
47 42 1.642e+05 3
47 43 5.613e+06 2
47 44 3.236e+06 2
47 45 8.685e+06 1
47 46 5.285e+06 1
47 60 2.400e+01 4
47 61 2.560e+06 3
47 63 4.000e+01 2
47 74 5.120e+06 5
47 75 2.724e+06 4
47 88 1.024e+06 6
47 111 4.000e+01 1
48 6 1.517e+06 4
48 7 1.024e+06 5
48 16 4.000e+01 1
48 20 7.680e+06 3
48 22 2.560e+05 2
48 23 1.024e+06 3
48 32 8.800e+01 2
48 34 1.057e+07 3
48 35 2.560e+05 4
48 38 2.048e+06 3
48 39 2.560e+05 4
48 49 2.816e+06 1
48 50 5.449e+06 1
48 51 2.560e+05 2
48 52 1.057e+07 2
48 53 6.762e+05 3
48 54 1.188e+06 1
48 55 1.024e+06 2
48 56 3.285e+05 1
48 57 1.600e+01 2
48 60 3.284e+05 3
48 112 1.600e+01 1
49 7 3.284e+05 4
49 14 1.642e+05 4
49 15 4.000e+00 3
49 17 8.800e+01 1
49 20 1.024e+06 4
49 21 3.072e+06 3
49 22 5.121e+05 3
49 23 5.121e+05 2
49 28 4.096e+06 5
49 29 3.200e+01 4
49 33 4.000e+01 2
49 34 2.800e+01 4
49 35 6.144e+06 3
49 39 1.024e+06 3
49 42 2.212e+06 3
49 48 2.980e+06 1
49 50 4.096e+06 2
49 51 6.308e+06 1
49 52 5.121e+05 3
49 53 5.284e+06 2
49 56 8.356e+06 2
49 57 1.353e+06 1
49 113 1.600e+01 1
5 0 1.024e+06 3
5 1 5.120e+06 2
5 3 1.024e+06 1
5 4 7.405e+06 1
5 7 5.961e+06 1
5 8 2.304e+06 4
5 9 2.304e+06 3
5 12 4.825e+06 2
5 13 2.800e+02 1
5 14 4.000e+00 3
5 20 1.024e+06 3
5 21 1.024e+06 2
5 32 4.352e+06 4
5 33 4.425e+06 3
5 34 1.188e+06 3
5 35 3.285e+05 2
5 37 1.840e+02 1
5 39 8.000e+00 2
5 40 3.284e+05 5
5 69 1.600e+01 1
50 18 1.600e+01 1
50 20 1.200e+01 2
50 22 5.888e+06 3
50 23 3.584e+06 4
50 30 2.048e+06 4
50 31 3.200e+01 5
50 34 1.600e+01 2
50 48 5.120e+06 1
50 49 4.260e+06 2
50 51 7.149e+06 1
50 52 5.120e+05 1
50 53 1.280e+06 2
50 54 1.057e+07 2
50 55 5.844e+05 3
50 56 2.048e+06 2
50 58 2.377e+06 1
50 114 1.600e+01 1
51 19 1.600e+01 1
51 22 2.400e+01 4
51 23 1.024e+06 3
51 28 2.048e+06 4
51 29 8.000e+00 3
51 30 4.096e+06 5
51 35 1.600e+01 2
51 48 2.560e+05 2
51 49 6.144e+06 1
51 50 6.821e+06 1
51 53 3.072e+06 1
51 55 2.560e+06 2
51 56 3.565e+06 3
51 57 2.212e+06 2
51 58 8.521e+06 2
51 59 1.024e+06 1
51 62 1.188e+06 4
51 115 1.600e+01 1
52 20 1.024e+06 1
52 22 1.024e+06 2
52 34 4.203e+05 3
52 35 9.128e+05 4
52 36 1.646e+05 2
52 38 1.022e+07 3
52 39 1.517e+06 4
52 42 2.560e+05 2
52 46 7.681e+05 2
52 48 1.057e+07 2
52 49 8.404e+05 3
52 50 5.120e+05 1
52 53 2.285e+06 1
52 54 8.777e+06 1
52 55 1.517e+06 2
52 60 7.681e+05 1
52 61 5.845e+05 2
52 66 1.536e+06 5
52 80 9.873e+06 4
52 81 5.844e+05 5
52 116 1.600e+02 1
53 21 1.600e+01 1
53 34 2.800e+01 4
53 37 1.120e+02 2
53 38 2.800e+01 4
53 39 2.048e+06 3
53 46 3.400e+06 3
53 48 5.121e+05 3
53 49 5.120e+06 2
53 50 1.280e+06 2
53 51 3.072e+06 1
53 52 1.956e+06 1
53 54 1.024e+06 2
53 55 5.376e+06 1
53 56 1.642e+05 4
53 57 2.376e+06 3
53 58 1.024e+06 3
53 59 2.048e+06 2
53 60 8.521e+06 2
53 61 1.024e+06 1
53 62 1.188e+06 3
53 66 2.560e+05 6
53 67 1.024e+06 5
53 80 1.280e+06 5
53 81 1.024e+06 4
53 117 1.600e+01 1
54 22 3.072e+06 1
54 38 1.600e+01 2
54 48 1.024e+06 1
54 50 1.024e+07 2
54 52 8.448e+06 1
54 53 1.024e+06 2
54 55 8.265e+06 1
54 58 2.212e+06 3
54 60 1.444e+06 2
54 62 5.121e+05 1
54 82 8.521e+06 4
54 118 6.400e+01 1
55 23 1.024e+06 1
55 39 1.600e+01 2
55 48 1.024e+06 2
55 50 2.560e+05 3
55 51 2.560e+06 2
55 52 1.024e+06 2
55 53 5.376e+06 1
55 54 8.429e+06 1
55 58 3.284e+05 4
55 59 1.024e+06 3
55 60 4.149e+06 3
55 61 1.024e+06 2
55 62 6.289e+06 2
55 63 3.040e+02 1
55 80 2.468e+06 4
55 81 2.560e+05 3
55 82 3.657e+06 5
55 83 1.773e+06 4
55 119 1.600e+02 1
56 15 1.642e+05 5
56 24 1.600e+01 1
56 28 3.072e+06 3
56 29 4.260e+06 4
56 34 2.800e+01 2
56 35 1.024e+06 3
56 39 1.024e+06 3
56 40 4.000e+01 2
56 42 5.284e+06 3
56 43 2.048e+06 4
56 48 1.643e+05 1
56 49 8.192e+06 2
56 50 2.048e+06 2
56 51 3.072e+06 3
56 53 1.200e+01 4
56 57 1.106e+07 1
56 58 4.096e+06 1
56 59 1.642e+05 2
56 60 4.096e+06 2
56 61 1.280e+06 3
56 120 1.600e+01 1
57 15 1.352e+06 4
57 25 1.600e+01 1
57 29 4.425e+06 3
57 35 1.642e+05 2
57 39 1.642e+05 2
57 41 6.400e+01 2
57 42 1.200e+01 4
57 43 5.120e+06 3
57 46 1.024e+06 4
57 48 1.600e+01 2
57 49 1.353e+06 1
57 51 2.048e+06 2
57 53 2.048e+06 3
57 56 1.073e+07 1
57 58 3.072e+06 2
57 59 6.144e+06 1
57 60 1.200e+01 3
57 61 5.449e+06 2
57 121 1.600e+01 1
58 26 1.600e+01 1
58 29 4.000e+00 3
58 30 3.072e+06 3
58 31 4.096e+06 4
58 42 1.600e+01 2
58 50 2.212e+06 1
58 51 8.192e+06 2
58 53 1.024e+06 3
58 54 2.048e+06 3
58 55 5.600e+01 4
58 56 4.096e+06 1
58 57 3.400e+06 2
58 59 1.004e+07 1
58 60 2.048e+06 1
58 61 2.560e+05 2
58 62 6.144e+06 2
58 122 1.600e+01 1
59 27 1.600e+01 1
59 29 1.188e+06 2
59 31 3.072e+06 3
59 43 1.600e+01 2
59 51 1.353e+06 1
59 53 2.212e+06 2
59 55 1.188e+06 3
59 56 1.200e+01 2
59 57 6.144e+06 1
59 58 9.709e+06 1
59 60 1.024e+06 2
59 61 1.700e+06 1
59 62 3.236e+06 3
59 63 5.449e+06 2
59 123 1.600e+01 1
6 0 4.000e+00 1
6 2 1.262e+07 2
6 4 8.357e+06 1
6 7 8.357e+06 1
6 12 2.560e+05 2
6 14 2.560e+05 1
6 16 1.024e+06 3
6 20 8.613e+06 3
6 21 1.642e+05 4
6 22 6.400e+01 2
6 32 4.202e+05 2
6 34 7.497e+06 3
6 38 1.440e+02 1
6 48 1.352e+06 4
6 70 1.600e+01 1
60 28 1.600e+01 1
60 34 2.800e+01 2
60 38 2.800e+01 2
60 44 8.800e+01 2
60 46 5.120e+06 3
60 47 3.284e+05 4
60 48 5.600e+01 3
60 52 9.323e+05 1
60 53 8.192e+06 2
60 54 1.280e+06 2
60 55 3.328e+06 3
60 56 4.096e+06 2
60 57 1.642e+05 3
60 58 2.048e+06 1
60 59 1.024e+06 2
60 61 9.617e+06 1
60 62 7.168e+06 1
60 63 3.401e+06 2
60 75 2.560e+05 6
60 81 4.424e+06 6
60 83 1.024e+06 5
60 88 1.024e+06 4
60 124 6.400e+01 1
61 15 4.000e+00 4
61 29 2.000e+01 1
61 42 2.560e+05 4
61 43 9.323e+05 3
61 45 8.800e+01 2
61 46 3.657e+06 4
61 47 2.560e+06 3
61 52 2.561e+05 2
61 53 1.188e+06 1
61 55 1.024e+06 2
61 56 1.280e+06 3
61 57 5.449e+06 2
61 58 2.560e+05 2
61 59 1.700e+06 1
61 60 9.125e+06 1
61 62 1.280e+06 2
61 63 3.328e+06 1
61 67 1.024e+06 4
61 75 1.024e+06 5
61 81 3.072e+06 5
61 88 5.449e+06 5
61 89 2.724e+06 4
61 90 4.000e+00 4
61 125 8.800e+01 1
62 30 1.600e+01 1
62 46 1.600e+01 2
62 51 1.024e+06 4
62 53 1.024e+06 3
62 54 6.763e+05 1
62 55 5.632e+06 2
62 58 6.144e+06 2
62 59 3.236e+06 3
62 60 7.168e+06 1
62 61 1.280e+06 2
62 63 1.090e+07 1
62 82 1.200e+01 5
62 83 5.284e+06 6
62 90 2.212e+06 4
62 126 6.400e+01 1
63 31 1.600e+01 1
63 47 1.600e+01 2
63 55 1.642e+05 1
63 59 5.285e+06 2
63 60 3.401e+06 2
63 61 3.328e+06 1
63 62 1.073e+07 1
63 81 8.000e+00 4
63 83 2.000e+01 5
63 89 3.492e+06 3
63 90 6.637e+06 5
63 91 1.024e+06 4
63 127 1.120e+02 1
64 0 1.600e+01 1
64 36 9.709e+06 4
64 37 1.024e+06 5
64 65 7.241e+06 1
64 66 8.613e+06 1
64 67 1.642e+05 2
64 68 9.873e+06 2
64 69 6.763e+05 3
64 70 4.202e+05 1
64 71 1.642e+05 2
64 72 3.285e+05 1
64 74 1.642e+05 2
64 76 1.642e+05 3
64 80 1.600e+01 2
64 96 1.600e+01 1
65 1 1.840e+02 1
65 36 3.285e+05 5
65 37 2.449e+06 4
65 38 1.280e+06 4
65 39 5.120e+05 3
65 44 5.961e+06 6
65 64 7.241e+06 1
65 66 4.608e+06 2
65 67 4.260e+06 1
65 68 2.560e+06 3
65 69 8.192e+06 2
65 72 7.332e+06 2
65 73 2.377e+06 1
65 74 1.642e+05 3
65 75 4.000e+00 2
65 81 1.600e+01 2
65 97 1.600e+01 1
66 2 2.080e+02 1
66 36 5.845e+05 3
66 37 1.642e+05 4
66 38 8.101e+06 4
66 39 3.284e+05 5
66 44 1.188e+06 4
66 46 1.444e+06 5
66 52 1.536e+06 5
66 53 2.560e+05 6
66 64 8.613e+06 1
66 65 4.608e+06 2
66 67 5.869e+06 1
66 68 2.560e+05 1
66 69 2.560e+05 2
66 70 1.082e+07 2
66 71 9.323e+05 3
66 72 1.188e+06 2
66 74 1.353e+06 1
66 75 1.600e+01 2
66 78 1.642e+05 3
66 80 9.709e+06 3
66 81 1.642e+05 4
66 82 1.840e+02 2
66 84 1.642e+05 3
66 88 3.284e+05 2
66 98 1.600e+01 1
67 3 1.600e+01 1
67 38 2.800e+01 5
67 39 1.024e+06 4
67 44 2.048e+06 5
67 46 2.048e+06 6
67 53 1.024e+06 5
67 61 1.024e+06 4
67 64 2.800e+01 2
67 65 4.096e+06 1
67 66 5.541e+06 1
67 68 2.560e+05 2
67 69 1.024e+06 1
67 70 5.121e+05 3
67 71 7.168e+06 2
67 72 1.642e+05 3
67 74 7.332e+06 2
67 75 3.285e+05 1
67 80 1.280e+06 4
67 81 5.449e+06 3
67 83 6.400e+01 2
67 84 1.024e+06 4
67 88 2.048e+06 3
67 89 1.642e+05 2
67 99 1.600e+01 1
68 4 1.600e+01 1
68 64 9.545e+06 2
68 65 3.217e+06 3
68 66 2.560e+05 1
68 67 5.844e+05 2
68 69 4.826e+06 1
68 70 1.220e+07 1
68 71 5.844e+05 2
68 72 8.404e+05 3
68 76 1.681e+06 1
68 78 1.642e+05 2
68 84 1.600e+01 2
68 96 8.192e+06 3
68 100 1.600e+01 1
69 5 1.600e+01 1
69 64 5.121e+05 3
69 65 8.192e+06 2
69 66 2.560e+05 2
69 67 1.024e+06 1
69 68 4.005e+06 1
69 70 1.024e+06 2
69 71 5.705e+06 1
69 72 5.120e+06 4
69 73 3.236e+06 3
69 74 2.048e+06 3
69 75 1.188e+06 2
69 76 7.057e+06 2
69 77 1.645e+05 1
69 78 4.926e+05 3
69 85 1.600e+01 2
69 96 2.048e+06 4
69 97 1.024e+06 3
69 101 1.600e+01 1
7 0 4.000e+00 2
7 1 3.072e+06 1
7 3 4.096e+06 2
7 4 2.376e+06 2
7 5 5.961e+06 1
7 6 8.521e+06 1
7 11 1.024e+06 3
7 12 2.048e+06 3
7 14 4.260e+06 2
7 15 8.800e+01 1
7 20 2.304e+06 4
7 21 2.048e+06 3
7 23 4.000e+01 2
7 25 1.024e+06 2
7 28 1.642e+05 3
7 32 4.202e+05 3
7 34 2.048e+06 4
7 35 2.048e+06 3
7 39 4.000e+01 1
7 48 1.024e+06 5
7 49 2.400e+01 4
7 71 1.600e+01 1
70 6 1.600e+01 1
70 64 2.561e+05 1
70 66 1.083e+07 2
70 67 6.762e+05 3
70 68 1.220e+07 1
70 69 1.024e+06 2
70 71 2.029e+06 1
70 74 5.844e+05 3
70 76 5.120e+05 2
70 78 1.444e+06 1
70 79 1.600e+01 2
70 80 3.284e+05 3
70 81 3.284e+05 4
70 84 1.201e+07 3
70 85 9.128e+05 4
70 86 3.280e+02 2
70 92 1.642e+05 2
70 96 7.486e+05 2
70 97 1.642e+05 3
70 98 9.965e+06 3
70 99 1.642e+05 4
70 102 2.080e+02 1
71 7 1.600e+01 1
71 64 2.800e+01 2
71 66 7.681e+05 3
71 67 7.168e+06 2
71 68 2.561e+05 2
71 69 5.540e+06 1
71 70 1.700e+06 1
71 73 1.642e+05 2
71 75 2.212e+06 3
71 76 4.096e+06 3
71 78 5.613e+06 2
71 79 1.120e+02 1
71 80 2.560e+05 4
71 84 1.024e+06 4
71 85 5.120e+06 3
71 87 1.600e+01 2
71 88 1.024e+06 3
71 89 1.188e+06 2
71 96 1.024e+06 3
71 99 1.024e+06 3
71 103 1.600e+01 1
72 8 4.000e+01 1
72 36 5.600e+01 5
72 44 2.048e+06 4
72 45 5.449e+06 5
72 46 1.024e+06 3
72 64 1.643e+05 1
72 65 7.168e+06 2
72 66 1.024e+06 2
72 67 1.200e+01 3
72 68 5.121e+05 3
72 69 5.120e+06 4
72 73 8.685e+06 1
72 74 1.040e+07 1
72 75 2.212e+06 2
72 76 6.144e+06 2
72 77 4.000e+01 3
72 78 1.642e+05 1
72 79 4.000e+00 2
72 88 1.600e+01 2
72 104 1.600e+01 1
73 9 1.600e+01 1
73 45 2.212e+06 4
73 65 2.541e+06 1
73 69 3.236e+06 3
73 71 1.200e+01 2
73 72 8.521e+06 1
73 74 2.212e+06 2
73 75 7.168e+06 1
73 76 4.000e+00 3
73 77 5.284e+06 2
73 78 1.024e+06 2
73 79 1.188e+06 1
73 89 1.600e+01 2
73 105 1.600e+01 1
74 10 1.600e+01 1
74 38 2.800e+01 5
74 44 1.200e+01 3
74 45 1.642e+05 4
74 46 2.048e+06 4
74 47 5.120e+06 5
74 64 2.800e+01 2
74 65 1.200e+01 3
74 66 1.188e+06 1
74 67 7.168e+06 2
74 69 2.048e+06 3
74 70 2.560e+05 3
74 72 1.024e+07 1
74 73 2.376e+06 2
74 75 1.004e+07 1
74 76 2.048e+06 1
74 77 1.024e+06 2
74 78 4.096e+06 2
74 79 1.642e+05 3
74 81 1.024e+06 3
74 88 5.120e+06 3
74 90 1.600e+01 2
74 106 1.600e+01 1
75 11 4.000e+01 1
75 45 1.642e+05 3
75 46 2.560e+05 5
75 47 2.724e+06 4
75 60 2.560e+05 6
75 61 1.024e+06 5
75 65 4.000e+00 2
75 66 1.600e+01 2
75 67 3.286e+05 1
75 69 1.024e+06 2
75 71 2.376e+06 3
75 72 2.048e+06 2
75 73 7.332e+06 1
75 74 9.545e+06 1
75 76 1.200e+01 2
75 77 4.096e+06 1
75 78 1.536e+06 3
75 79 5.540e+06 2
75 81 2.560e+05 2
75 88 1.700e+06 4
75 89 4.096e+06 3
75 91 4.000e+01 2
75 107 1.600e+01 1
76 12 1.600e+01 1
76 64 2.800e+01 3
76 68 1.188e+06 1
76 69 6.400e+06 2
76 70 5.120e+05 2
76 71 4.096e+06 3
76 72 6.144e+06 2
76 73 4.000e+00 3
76 74 2.212e+06 1
76 75 1.642e+05 2
76 77 7.497e+06 1
76 78 1.229e+07 1
76 79 2.541e+06 2
76 92 1.600e+01 2
76 96 2.048e+06 4
76 97 5.284e+06 5
76 99 1.024e+06 4
76 104 1.024e+06 3
76 108 4.000e+01 1
77 13 1.600e+01 1
77 69 1.643e+05 1
77 72 1.642e+05 3
77 73 5.285e+06 2
77 74 1.024e+06 2
77 75 4.260e+06 1
77 76 7.497e+06 1
77 78 2.048e+06 2
77 79 6.309e+06 1
77 93 1.600e+01 2
77 104 5.120e+06 4
77 105 3.236e+06 3
77 109 4.000e+01 1
78 14 1.600e+01 1
78 66 2.800e+01 3
78 68 2.800e+01 2
78 69 3.600e+01 3
78 70 1.444e+06 1
78 71 5.120e+06 2
78 72 1.200e+01 1
78 73 1.188e+06 2
78 74 4.096e+06 2
78 75 1.536e+06 3
78 76 1.245e+07 1
78 77 2.048e+06 2
78 79 9.690e+06 1
78 85 1.024e+06 3
78 88 1.024e+06 3
78 89 1.024e+06 4
78 92 6.144e+06 3
78 93 1.024e+06 4
78 94 1.600e+01 2
78 97 4.260e+06 4
78 99 2.048e+06 5
78 106 1.024e+06 3
78 110 4.000e+01 1
79 15 1.600e+01 1
79 70 1.600e+01 2
79 71 1.600e+01 1
79 72 4.000e+00 2
79 73 1.188e+06 1
79 74 1.200e+01 3
79 75 5.376e+06 2
79 76 2.212e+06 2
79 77 6.308e+06 1
79 78 9.197e+06 1
79 89 1.188e+06 3
79 92 2.560e+05 4
79 93 4.425e+06 3
79 95 8.800e+01 2
79 97 2.560e+05 3
79 99 2.560e+05 4
79 104 1.024e+06 3
79 105 2.468e+06 2
79 106 3.840e+06 4
79 107 1.280e+06 3
79 111 4.000e+01 1
8 0 1.188e+06 1
8 1 9.945e+06 2
8 3 7.682e+05 3
8 4 2.560e+05 3
8 5 2.304e+06 4
8 9 8.941e+06 1
8 10 9.033e+06 1
8 11 2.376e+06 2
8 12 6.308e+06 2
8 13 1.643e+05 3
8 14 1.024e+06 1
8 24 1.600e+01 2
8 40 4.000e+01 1
8 72 1.600e+01 1
80 16 1.360e+02 1
80 38 1.642e+05 5
80 52 9.381e+06 4
80 53 1.773e+06 5
80 55 2.304e+06 4
80 64 1.600e+01 2
80 66 9.216e+06 3
80 67 1.280e+06 4
80 70 2.400e+01 3
80 71 2.560e+05 4
80 81 6.217e+06 1
80 82 1.201e+07 1
80 83 1.517e+06 2
80 84 9.545e+06 2
80 85 1.096e+06 3
80 88 3.285e+05 1
80 89 1.600e+01 2
80 92 3.284e+05 3
80 112 1.600e+01 1
81 17 1.600e+01 1
81 38 2.800e+01 6
81 46 1.024e+06 5
81 52 2.561e+05 5
81 53 1.024e+06 4
81 55 2.560e+05 3
81 60 4.096e+06 6
81 61 3.236e+06 5
81 63 1.600e+01 4
81 65 4.000e+01 2
81 66 1.200e+01 4
81 67 5.284e+06 3
81 70 2.400e+01 4
81 74 1.024e+06 3
81 75 2.560e+05 2
81 80 6.053e+06 1
81 82 1.024e+06 2
81 83 6.308e+06 1
81 84 5.120e+05 3
81 85 6.144e+06 2
81 87 1.642e+05 1
81 88 9.545e+06 2
81 89 1.865e+06 1
81 90 1.188e+06 3
81 113 1.600e+01 1
82 18 8.800e+01 1
82 54 8.356e+06 4
82 55 3.492e+06 5
82 62 1.642e+05 5
82 66 1.600e+01 2
82 80 1.152e+07 1
82 81 1.024e+06 2
82 83 6.473e+06 1
82 84 2.400e+01 1
82 86 1.099e+07 2
82 87 1.188e+06 3
82 88 1.188e+06 2
82 90 3.286e+05 1
82 92 1.642e+05 2
82 94 1.642e+05 3
82 114 1.600e+01 1
83 19 4.000e+01 1
83 55 1.280e+06 4
83 60 1.024e+06 5
83 62 5.284e+06 6
83 63 2.800e+01 5
83 67 1.600e+01 2
83 80 1.024e+06 2
83 81 6.144e+06 1
83 82 6.309e+06 1
83 86 2.560e+05 3
83 87 6.144e+06 2
83 88 1.024e+06 3
83 89 1.188e+06 2
83 90 1.004e+07 2
83 91 1.024e+06 1
83 115 1.600e+01 1
84 20 1.600e+01 1
84 66 2.800e+01 3
84 67 1.024e+06 4
84 68 1.600e+01 2
84 70 1.152e+07 3
84 71 1.024e+06 4
84 80 9.217e+06 2
84 81 5.120e+05 3
84 82 3.284e+05 1
84 85 4.845e+06 1
84 86 1.176e+07 1
84 87 7.486e+05 2
84 88 1.188e+06 3
84 92 1.444e+06 1
84 93 1.642e+05 2
84 98 4.202e+05 4
84 112 9.636e+06 3
84 113 5.844e+05 4
84 116 1.120e+02 1
85 21 1.600e+01 1
85 69 4.000e+01 2
85 70 2.561e+05 4
85 71 5.284e+06 3
85 78 1.024e+06 3
85 80 7.681e+05 3
85 81 6.144e+06 2
85 84 4.516e+06 1
85 86 1.024e+06 2
85 87 5.120e+06 1
85 88 3.284e+05 4
85 89 2.212e+06 3
85 90 1.024e+06 3
85 92 1.057e+07 2
85 93 1.353e+06 1
85 94 1.024e+06 3
85 98 2.048e+06 5
85 113 1.024e+06 3
85 117 1.600e+01 1
86 22 1.600e+01 1
86 70 1.600e+01 2
86 82 1.050e+07 2
86 83 2.560e+05 3
86 84 1.126e+07 1
86 85 1.024e+06 2
86 87 4.497e+06 1
86 92 1.188e+06 2
86 93 1.642e+05 3
86 94 1.444e+06 1
86 112 4.202e+05 2
86 114 8.100e+06 3
86 115 5.844e+05 4
86 118 1.024e+06 1
86 119 1.024e+06 2
87 23 1.600e+01 1
87 71 1.600e+01 2
87 81 1.200e+01 1
87 82 1.024e+06 3
87 83 6.144e+06 2
87 84 2.561e+05 2
87 85 5.120e+06 1
87 86 4.004e+06 1
87 89 4.000e+00 2
87 91 4.096e+06 3
87 92 3.284e+05 3
87 93 2.212e+06 2
87 94 7.661e+06 2
87 95 1.600e+02 1
87 112 2.048e+06 3
87 114 1.024e+06 4
87 115 1.024e+06 3
87 119 1.600e+01 1
88 24 1.600e+01 1
88 47 1.024e+06 6
88 60 1.024e+06 4
88 61 5.449e+06 5
88 66 5.600e+01 2
88 67 2.048e+06 3
88 71 1.024e+06 3
88 72 4.000e+01 2
88 74 5.120e+06 3
88 75 1.700e+06 4
88 78 1.024e+06 3
88 80 1.643e+05 1
88 81 9.216e+06 2
88 82 1.024e+06 2
88 83 1.024e+06 3
88 84 1.024e+06 3
88 85 2.400e+01 4
88 89 9.525e+06 1
88 90 5.120e+06 1
88 91 3.284e+05 2
88 92 6.144e+06 2
88 120 1.600e+01 1
89 25 4.000e+01 1
89 61 2.724e+06 4
89 63 3.657e+06 3
89 67 1.200e+01 2
89 71 1.024e+06 2
89 73 4.000e+01 2
89 75 4.096e+06 3
89 78 1.188e+06 4
89 79 1.024e+06 3
89 80 1.600e+01 2
89 81 1.865e+06 1
89 83 1.024e+06 2
89 85 2.376e+06 3
89 87 4.000e+00 2
89 88 9.033e+06 1
89 90 5.284e+06 2
89 91 5.796e+06 1
89 92 1.536e+06 3
89 93 7.424e+06 2
89 95 2.560e+05 1
89 121 1.600e+01 1
9 1 1.024e+06 1
9 3 2.800e+01 2
9 5 2.304e+06 3
9 8 8.941e+06 1
9 10 3.072e+06 2
9 11 7.168e+06 1
9 12 4.260e+06 3
9 13 6.473e+06 2
9 25 1.600e+01 2
9 41 1.600e+01 1
9 73 1.600e+01 1
90 26 1.600e+01 1
90 61 4.000e+00 4
90 62 2.048e+06 4
90 63 6.637e+06 5
90 74 1.600e+01 2
90 81 1.024e+06 3
90 82 1.643e+05 1
90 83 9.216e+06 2
90 85 1.024e+06 3
90 88 5.120e+06 1
90 89 5.284e+06 2
90 91 1.123e+07 1
90 94 4.096e+06 2
90 122 1.600e+01 1
91 27 1.600e+01 1
91 63 1.352e+06 4
91 75 1.600e+01 2
91 83 1.353e+06 1
91 87 4.425e+06 3
91 88 2.800e+01 2
91 89 5.632e+06 1
91 90 1.057e+07 1
91 92 1.600e+01 2
91 93 1.200e+01 1
91 94 2.400e+01 3
91 95 7.497e+06 2
91 123 1.600e+01 1
92 28 1.600e+01 1
92 70 2.800e+01 2
92 76 1.600e+01 2
92 78 6.144e+06 3
92 79 2.560e+05 4
92 80 5.600e+01 3
92 82 2.800e+01 2
92 84 1.444e+06 1
92 85 1.057e+07 2
92 86 1.024e+06 2
92 87 2.400e+01 3
92 88 6.144e+06 2
92 89 1.700e+06 3
92 91 1.642e+05 2
92 93 1.132e+07 1
92 94 5.284e+06 1
92 99 3.072e+06 4
92 113 4.096e+06 5
92 120 2.048e+06 3
92 124 1.600e+01 1
93 29 1.600e+01 1
93 77 4.000e+01 2
93 78 1.024e+06 4
93 79 4.260e+06 3
93 84 4.400e+01 2
93 85 1.024e+06 1
93 86 2.800e+01 3
93 87 2.048e+06 2
93 89 7.424e+06 2
93 91 1.642e+05 1
93 92 1.115e+07 1
93 94 5.705e+06 2
93 95 3.328e+06 1
93 99 4.000e+00 3
93 106 1.024e+06 5
93 113 1.700e+06 4
93 115 1.024e+06 3
93 120 6.217e+06 4
93 121 1.536e+06 3
93 122 2.560e+05 3
93 125 8.800e+01 1
94 30 1.600e+01 1
94 78 1.600e+01 2
94 82 2.800e+01 3
94 85 1.024e+06 3
94 86 1.444e+06 1
94 87 7.168e+06 2
94 90 4.096e+06 2
94 91 1.642e+05 3
94 92 5.120e+06 1
94 93 5.540e+06 2
94 95 9.709e+06 1
94 113 1.024e+06 4
94 114 2.048e+06 4
94 115 3.072e+06 5
94 120 3.236e+06 2
94 122 2.048e+06 3
94 126 4.000e+01 1
95 31 1.600e+01 1
95 79 1.600e+01 2
95 87 1.600e+01 1
95 89 2.560e+05 1
95 91 7.497e+06 2
95 93 3.328e+06 1
95 94 9.545e+06 1
95 114 3.284e+05 5
95 115 8.000e+00 4
95 120 1.024e+06 3
95 122 4.425e+06 4
95 123 2.048e+06 3
95 127 1.120e+02 1
96 32 1.600e+01 1
96 64 1.600e+01 1
96 68 8.192e+06 3
96 69 2.048e+06 4
96 70 2.561e+05 2
96 71 1.024e+06 3
96 76 2.048e+06 4
96 97 9.690e+06 1
96 98 1.040e+07 1
96 100 1.132e+07 2
96 101 1.096e+06 3
96 104 2.800e+01 1
96 112 1.600e+01 2
97 33 1.600e+01 1
97 65 1.600e+01 1
97 69 1.024e+06 3
97 70 2.800e+01 3
97 76 5.120e+06 5
97 78 4.096e+06 4
97 79 2.560e+05 3
97 96 8.869e+06 1
97 98 1.536e+06 2
97 99 7.661e+06 1
97 100 2.048e+06 3
97 101 9.637e+06 2
97 103 1.024e+06 1
97 104 7.989e+06 2
97 105 1.024e+06 1
97 106 1.024e+06 3
97 107 2.400e+01 2
97 113 1.600e+01 2
98 34 1.600e+01 1
98 66 1.600e+01 1
98 70 9.472e+06 3
98 84 2.561e+05 4
98 85 2.048e+06 5
98 96 1.024e+07 1
98 97 1.700e+06 2
98 99 6.545e+06 1
98 100 4.202e+05 1
98 101 2.560e+05 2
98 102 1.066e+07 2
98 103 1.096e+06 3
98 106 2.800e+01 1
98 112 1.040e+07 3
98 113 1.024e+06 4
98 114 4.000e+01 2
99 35 1.600e+01 1
99 67 1.600e+01 1
99 70 2.800e+01 4
99 71 1.024e+06 3
99 76 1.024e+06 4
99 78 2.048e+06 5
99 79 2.560e+05 4
99 92 3.072e+06 4
99 93 4.000e+00 3
99 97 7.168e+06 1
99 98 6.053e+06 1
99 101 1.024e+06 1
99 102 1.024e+06 3
99 103 6.144e+06 2
99 106 7.825e+06 2
99 107 1.760e+02 1
99 112 1.956e+06 4
99 113 6.144e+06 3
99 115 6.400e+01 2
99 120 2.212e+06 3
99 121 4.000e+01 2
