0 1 7.982e+07 0
0 7 7.985e+07 1
0 8 7.404e+07 1
0 56 7.411e+07 2
0 64 3.537e+07 1
0 192 3.538e+07 2
1 0 7.986e+07 0
1 2 7.983e+07 0
1 9 7.401e+07 1
1 57 7.407e+07 2
1 65 3.538e+07 1
1 193 3.540e+07 2
10 2 7.406e+07 1
10 9 7.987e+07 0
10 11 7.983e+07 0
10 18 7.405e+07 2
10 74 3.538e+07 1
10 202 3.537e+07 2
100 36 3.540e+07 1
100 92 7.403e+07 2
100 99 7.983e+07 1
100 101 7.982e+07 0
100 108 7.402e+07 1
100 164 3.538e+07 2
101 37 3.539e+07 1
101 93 7.406e+07 2
101 100 7.986e+07 0
101 102 7.983e+07 0
101 109 7.403e+07 1
101 165 3.537e+07 2
102 38 3.539e+07 1
102 94 7.408e+07 2
102 101 7.987e+07 0
102 103 7.984e+07 0
102 110 7.404e+07 1
102 166 3.538e+07 2
103 39 3.540e+07 1
103 95 7.405e+07 2
103 96 7.977e+07 1
103 102 7.988e+07 0
103 111 7.400e+07 1
103 167 3.539e+07 2
104 40 3.543e+07 1
104 96 7.405e+07 1
104 105 7.983e+07 0
104 111 7.986e+07 1
104 112 7.403e+07 2
104 168 3.540e+07 2
105 41 3.541e+07 1
105 97 7.406e+07 1
105 104 7.987e+07 0
105 106 7.982e+07 0
105 113 7.400e+07 2
105 169 3.540e+07 2
106 42 3.541e+07 1
106 98 7.405e+07 1
106 105 7.986e+07 0
106 107 7.985e+07 0
106 114 7.404e+07 2
106 170 3.539e+07 2
107 43 3.539e+07 1
107 99 7.406e+07 1
107 106 7.989e+07 0
107 108 7.984e+07 1
107 115 7.405e+07 2
107 171 3.539e+07 2
108 44 3.538e+07 1
108 100 7.406e+07 1
108 107 7.988e+07 1
108 109 7.984e+07 0
108 116 7.402e+07 2
108 172 3.538e+07 2
109 45 3.539e+07 1
109 101 7.406e+07 1
109 108 7.988e+07 0
109 110 7.979e+07 0
109 117 7.403e+07 2
109 173 3.537e+07 2
11 3 7.404e+07 1
11 10 7.987e+07 0
11 12 7.985e+07 1
11 19 7.403e+07 2
11 75 3.535e+07 1
11 203 3.537e+07 2
110 46 3.539e+07 1
110 102 7.407e+07 1
110 109 7.983e+07 0
110 111 7.981e+07 0
110 118 7.402e+07 2
110 174 3.538e+07 2
111 47 3.538e+07 1
111 103 7.404e+07 1
111 104 7.982e+07 1
111 110 7.985e+07 0
111 119 7.399e+07 2
111 175 3.537e+07 2
112 48 3.541e+07 1
112 104 7.406e+07 2
112 113 7.982e+07 0
112 119 7.983e+07 1
112 120 7.405e+07 1
112 176 3.538e+07 2
113 49 3.539e+07 1
113 105 7.403e+07 2
113 112 7.986e+07 0
113 114 7.984e+07 0
113 121 7.402e+07 1
113 177 3.539e+07 2
114 50 3.539e+07 1
114 106 7.408e+07 2
114 113 7.988e+07 0
114 115 7.981e+07 0
114 122 7.404e+07 1
114 178 3.538e+07 2
115 51 3.539e+07 1
115 107 7.409e+07 2
115 114 7.985e+07 0
115 116 7.983e+07 1
115 123 7.404e+07 1
115 179 3.539e+07 2
116 52 3.541e+07 1
116 108 7.405e+07 2
116 115 7.987e+07 1
116 117 7.985e+07 0
116 124 7.402e+07 1
116 180 3.539e+07 2
117 53 3.541e+07 1
117 109 7.406e+07 2
117 116 7.989e+07 0
117 118 7.986e+07 0
117 125 7.399e+07 1
117 181 3.539e+07 2
118 54 3.541e+07 1
118 110 7.406e+07 2
118 117 7.990e+07 0
118 119 7.984e+07 0
118 126 7.402e+07 1
118 182 3.540e+07 2
119 55 3.539e+07 1
119 111 7.403e+07 2
119 112 7.979e+07 1
119 118 7.988e+07 0
119 127 7.402e+07 1
119 183 3.538e+07 2
12 4 7.405e+07 1
12 11 7.989e+07 1
12 13 7.983e+07 0
12 20 7.404e+07 2
12 76 3.536e+07 1
12 204 3.539e+07 2
120 56 3.541e+07 1
120 64 7.407e+07 2
120 112 7.409e+07 1
120 121 7.982e+07 0
120 127 7.980e+07 1
120 184 3.539e+07 2
121 57 3.539e+07 1
121 65 7.405e+07 2
121 113 7.406e+07 1
121 120 7.986e+07 0
121 122 7.985e+07 0
121 185 3.537e+07 2
122 58 3.540e+07 1
122 66 7.402e+07 2
122 114 7.408e+07 1
122 121 7.989e+07 0
122 123 7.982e+07 0
122 186 3.537e+07 2
123 59 3.541e+07 1
123 67 7.405e+07 2
123 115 7.408e+07 1
123 122 7.986e+07 0
123 124 7.984e+07 1
123 187 3.539e+07 2
124 60 3.541e+07 1
124 68 7.401e+07 2
124 116 7.406e+07 1
124 123 7.987e+07 1
124 125 7.982e+07 0
124 188 3.539e+07 2
125 61 3.540e+07 1
125 69 7.403e+07 2
125 117 7.403e+07 1
125 124 7.986e+07 0
125 126 7.983e+07 0
125 189 3.539e+07 2
126 62 3.539e+07 1
126 70 7.405e+07 2
126 118 7.406e+07 1
126 125 7.986e+07 0
126 127 7.984e+07 0
126 190 3.536e+07 2
127 63 3.539e+07 1
127 71 7.402e+07 2
127 119 7.406e+07 1
127 120 7.977e+07 1
127 126 7.988e+07 0
127 191 3.536e+07 2
128 64 3.541e+07 2
128 129 7.985e+07 0
128 135 7.987e+07 1
128 136 7.403e+07 1
128 184 7.408e+07 2
128 192 3.539e+07 1
129 65 3.539e+07 2
129 128 7.989e+07 0
129 130 7.984e+07 0
129 137 7.402e+07 1
129 185 7.408e+07 2
129 193 3.537e+07 1
13 5 7.408e+07 1
13 12 7.987e+07 0
13 14 7.983e+07 0
13 21 7.402e+07 2
13 77 3.538e+07 1
13 205 3.537e+07 2
130 66 3.542e+07 2
130 129 7.987e+07 0
130 131 7.984e+07 0
130 138 7.403e+07 1
130 186 7.408e+07 2
130 194 3.539e+07 1
131 67 3.541e+07 2
131 130 7.988e+07 0
131 132 7.985e+07 1
131 139 7.403e+07 1
131 187 7.405e+07 2
131 195 3.541e+07 1
132 68 3.542e+07 2
132 131 7.989e+07 1
132 133 7.983e+07 0
132 140 7.403e+07 1
132 188 7.408e+07 2
132 196 3.539e+07 1
133 69 3.539e+07 2
133 132 7.987e+07 0
133 134 7.985e+07 0
133 141 7.404e+07 1
133 189 7.406e+07 2
133 197 3.538e+07 1
134 70 3.541e+07 2
134 133 7.989e+07 0
134 135 7.985e+07 0
134 142 7.405e+07 1
134 190 7.411e+07 2
134 198 3.538e+07 1
135 71 3.540e+07 2
135 128 7.983e+07 1
135 134 7.989e+07 0
135 143 7.403e+07 1
135 191 7.406e+07 2
135 199 3.538e+07 1
136 72 3.540e+07 2
136 128 7.406e+07 1
136 137 7.987e+07 0
136 143 7.985e+07 1
136 144 7.404e+07 2
136 200 3.540e+07 1
137 73 3.543e+07 2
137 129 7.405e+07 1
137 136 7.991e+07 0
137 138 7.981e+07 0
137 145 7.400e+07 2
137 201 3.540e+07 1
138 74 3.540e+07 2
138 130 7.407e+07 1
138 137 7.985e+07 0
138 139 7.984e+07 0
138 146 7.403e+07 2
138 202 3.539e+07 1
139 75 3.540e+07 2
139 131 7.406e+07 1
139 138 7.987e+07 0
139 140 7.982e+07 1
139 147 7.404e+07 2
139 203 3.537e+07 1
14 6 7.406e+07 1
14 13 7.987e+07 0
14 15 7.981e+07 0
14 22 7.401e+07 2
14 78 3.537e+07 1
14 206 3.541e+07 2
140 76 3.539e+07 2
140 132 7.406e+07 1
140 139 7.986e+07 1
140 141 7.982e+07 0
140 148 7.403e+07 2
140 204 3.536e+07 1
141 77 3.540e+07 2
141 133 7.407e+07 1
141 140 7.986e+07 0
141 142 7.985e+07 0
141 149 7.401e+07 2
141 205 3.538e+07 1
142 78 3.539e+07 2
142 134 7.408e+07 1
142 141 7.989e+07 0
142 143 7.981e+07 0
142 150 7.400e+07 2
142 206 3.537e+07 1
143 79 3.539e+07 2
143 135 7.406e+07 1
143 136 7.981e+07 1
143 142 7.985e+07 0
143 151 7.400e+07 2
143 207 3.537e+07 1
144 80 3.541e+07 2
144 136 7.407e+07 2
144 145 7.983e+07 0
144 151 7.982e+07 1
144 152 7.405e+07 1
144 208 3.540e+07 1
145 81 3.539e+07 2
145 137 7.404e+07 2
145 144 7.987e+07 0
145 146 7.982e+07 0
145 153 7.403e+07 1
145 209 3.536e+07 1
146 82 3.539e+07 2
146 138 7.407e+07 2
146 145 7.986e+07 0
146 147 7.984e+07 0
146 154 7.401e+07 1
146 210 3.538e+07 1
147 83 3.540e+07 2
147 139 7.408e+07 2
147 146 7.988e+07 0
147 148 7.982e+07 1
147 155 7.403e+07 1
147 211 3.538e+07 1
148 84 3.540e+07 2
148 140 7.407e+07 2
148 147 7.986e+07 1
148 149 7.982e+07 0
148 156 7.403e+07 1
148 212 3.538e+07 1
149 85 3.540e+07 2
149 141 7.405e+07 2
149 148 7.986e+07 0
149 150 7.988e+07 0
149 157 7.401e+07 1
149 213 3.539e+07 1
15 7 7.405e+07 1
15 8 7.978e+07 1
15 14 7.985e+07 0
15 23 7.401e+07 2
15 79 3.536e+07 1
15 207 3.538e+07 2
150 86 3.541e+07 2
150 142 7.404e+07 2
150 149 7.992e+07 0
150 151 7.983e+07 0
150 158 7.401e+07 1
150 214 3.540e+07 1
151 87 3.541e+07 2
151 143 7.404e+07 2
151 144 7.978e+07 1
151 150 7.987e+07 0
151 159 7.403e+07 1
151 215 3.538e+07 1
152 88 3.540e+07 2
152 144 7.409e+07 1
152 153 7.983e+07 0
152 159 7.983e+07 1
152 160 7.402e+07 2
152 216 3.538e+07 1
153 89 3.540e+07 2
153 145 7.407e+07 1
153 152 7.987e+07 0
153 154 7.983e+07 0
153 161 7.404e+07 2
153 217 3.537e+07 1
154 90 3.538e+07 2
154 146 7.404e+07 1
154 153 7.987e+07 0
154 155 7.985e+07 0
154 162 7.400e+07 2
154 218 3.538e+07 1
155 91 3.539e+07 2
155 147 7.406e+07 1
155 154 7.989e+07 0
155 156 7.983e+07 1
155 163 7.400e+07 2
155 219 3.539e+07 1
156 92 3.542e+07 2
156 148 7.407e+07 1
156 155 7.987e+07 1
156 157 7.985e+07 0
156 164 7.401e+07 2
156 220 3.540e+07 1
157 93 3.542e+07 2
157 149 7.404e+07 1
157 156 7.989e+07 0
157 158 7.983e+07 0
157 165 7.403e+07 2
157 221 3.539e+07 1
158 94 3.541e+07 2
158 150 7.405e+07 1
158 157 7.987e+07 0
158 159 7.986e+07 0
158 166 7.404e+07 2
158 222 3.538e+07 1
159 95 3.537e+07 2
159 151 7.407e+07 1
159 152 7.979e+07 1
159 158 7.989e+07 0
159 167 7.403e+07 2
159 223 3.536e+07 1
16 8 7.405e+07 2
16 17 7.983e+07 0
16 23 7.982e+07 1
16 24 7.404e+07 1
16 80 3.539e+07 1
16 208 3.538e+07 2
160 96 3.541e+07 2
160 152 7.406e+07 2
160 161 7.986e+07 0
160 167 7.982e+07 1
160 168 7.403e+07 1
160 224 3.537e+07 1
161 97 3.540e+07 2
161 153 7.407e+07 2
161 160 7.990e+07 0
161 162 7.982e+07 0
161 169 7.400e+07 1
161 225 3.539e+07 1
162 98 3.542e+07 2
162 154 7.403e+07 2
162 161 7.986e+07 0
162 163 7.984e+07 0
162 170 7.403e+07 1
162 226 3.539e+07 1
163 99 3.541e+07 2
163 155 7.403e+07 2
163 162 7.987e+07 0
163 164 7.981e+07 1
163 171 7.401e+07 1
163 227 3.539e+07 1
164 100 3.540e+07 2
164 156 7.405e+07 2
164 163 7.985e+07 1
164 165 7.984e+07 0
164 172 7.403e+07 1
164 228 3.538e+07 1
165 101 3.539e+07 2
165 157 7.407e+07 2
165 164 7.988e+07 0
165 166 7.985e+07 0
165 173 7.403e+07 1
165 229 3.537e+07 1
166 102 3.540e+07 2
166 158 7.408e+07 2
166 165 7.988e+07 0
166 167 7.981e+07 0
166 174 7.405e+07 1
166 230 3.537e+07 1
167 103 3.540e+07 2
167 159 7.406e+07 2
167 160 7.978e+07 1
167 166 7.985e+07 0
167 175 7.400e+07 1
167 231 3.539e+07 1
168 104 3.542e+07 2
168 160 7.406e+07 1
168 169 7.984e+07 0
168 175 7.984e+07 1
168 176 7.401e+07 2
168 232 3.541e+07 1
169 105 3.542e+07 2
169 161 7.403e+07 1
169 168 7.988e+07 0
169 170 7.984e+07 0
169 177 7.404e+07 2
169 233 3.540e+07 1
17 9 7.404e+07 2
17 16 7.987e+07 0
17 18 7.985e+07 0
17 25 7.401e+07 1
17 81 3.536e+07 1
17 209 3.539e+07 2
170 106 3.540e+07 2
170 162 7.407e+07 1
170 169 7.988e+07 0
170 171 7.986e+07 0
170 178 7.402e+07 2
170 234 3.539e+07 1
171 107 3.540e+07 2
171 163 7.405e+07 1
171 170 7.990e+07 0
171 172 7.982e+07 1
171 179 7.403e+07 2
171 235 3.538e+07 1
172 108 3.540e+07 2
172 164 7.407e+07 1
172 171 7.986e+07 1
172 173 7.981e+07 0
172 180 7.406e+07 2
172 236 3.537e+07 1
173 109 3.539e+07 2
173 165 7.406e+07 1
173 172 7.985e+07 0
173 174 7.986e+07 0
173 181 7.402e+07 2
173 237 3.538e+07 1
174 110 3.540e+07 2
174 166 7.408e+07 1
174 173 7.990e+07 0
174 175 7.982e+07 0
174 182 7.400e+07 2
174 238 3.538e+07 1
175 111 3.538e+07 2
175 167 7.404e+07 1
175 168 7.980e+07 1
175 174 7.986e+07 0
175 183 7.401e+07 2
175 239 3.536e+07 1
176 112 3.540e+07 2
176 168 7.405e+07 2
176 177 7.982e+07 0
176 183 7.984e+07 1
176 184 7.404e+07 1
176 240 3.537e+07 1
177 113 3.540e+07 2
177 169 7.408e+07 2
177 176 7.986e+07 0
177 178 7.982e+07 0
177 185 7.405e+07 1
177 241 3.537e+07 1
178 114 3.540e+07 2
178 170 7.406e+07 2
178 177 7.986e+07 0
178 179 7.983e+07 0
178 186 7.406e+07 1
178 242 3.538e+07 1
179 115 3.540e+07 2
179 171 7.406e+07 2
179 178 7.987e+07 0
179 180 7.984e+07 1
179 187 7.402e+07 1
179 243 3.537e+07 1
18 10 7.408e+07 2
18 17 7.989e+07 0
18 19 7.983e+07 0
18 26 7.405e+07 1
18 82 3.534e+07 1
18 210 3.539e+07 2
180 116 3.541e+07 2
180 172 7.409e+07 2
180 179 7.988e+07 1
180 181 7.982e+07 0
180 188 7.401e+07 1
180 244 3.539e+07 1
181 117 3.541e+07 2
181 173 7.405e+07 2
181 180 7.986e+07 0
181 182 7.984e+07 0
181 189 7.402e+07 1
181 245 3.540e+07 1
182 118 3.542e+07 2
182 174 7.404e+07 2
182 181 7.988e+07 0
182 183 7.984e+07 0
182 190 7.403e+07 1
182 246 3.540e+07 1
183 119 3.540e+07 2
183 175 7.404e+07 2
183 176 7.980e+07 1
183 182 7.988e+07 0
183 191 7.400e+07 1
183 247 3.540e+07 1
184 120 3.541e+07 2
184 128 7.405e+07 2
184 176 7.408e+07 1
184 185 7.984e+07 0
184 191 7.982e+07 1
184 248 3.538e+07 1
185 121 3.538e+07 2
185 129 7.404e+07 2
185 177 7.409e+07 1
185 184 7.988e+07 0
185 186 7.980e+07 0
185 249 3.538e+07 1
186 122 3.538e+07 2
186 130 7.405e+07 2
186 178 7.409e+07 1
186 185 7.983e+07 0
186 187 7.984e+07 0
186 250 3.538e+07 1
187 123 3.541e+07 2
187 131 7.401e+07 2
187 179 7.406e+07 1
187 186 7.987e+07 0
187 188 7.985e+07 1
187 251 3.539e+07 1
188 124 3.540e+07 2
188 132 7.404e+07 2
188 180 7.404e+07 1
188 187 7.988e+07 1
188 189 7.985e+07 0
188 252 3.539e+07 1
189 125 3.540e+07 2
189 133 7.402e+07 2
189 181 7.406e+07 1
189 188 7.989e+07 0
189 190 7.985e+07 0
189 253 3.540e+07 1
19 11 7.407e+07 2
19 18 7.987e+07 0
19 20 7.984e+07 1
19 27 7.402e+07 1
19 83 3.539e+07 1
19 211 3.538e+07 2
190 126 3.538e+07 2
190 134 7.407e+07 2
190 182 7.406e+07 1
190 189 7.989e+07 0
190 191 7.982e+07 0
190 254 3.537e+07 1
191 127 3.538e+07 2
191 135 7.403e+07 2
191 183 7.404e+07 1
191 184 7.978e+07 1
191 190 7.986e+07 0
191 255 3.536e+07 1
192 0 3.537e+07 2
192 128 3.540e+07 1
192 193 7.984e+07 0
192 199 7.981e+07 1
192 200 7.402e+07 1
192 248 7.409e+07 2
193 1 3.539e+07 2
193 129 3.538e+07 1
193 192 7.988e+07 0
193 194 7.983e+07 0
193 201 7.402e+07 1
193 249 7.408e+07 2
194 2 3.539e+07 2
194 130 3.540e+07 1
194 193 7.987e+07 0
194 195 7.986e+07 0
194 202 7.403e+07 1
194 250 7.407e+07 2
195 3 3.539e+07 2
195 131 3.542e+07 1
195 194 7.990e+07 0
195 196 7.982e+07 1
195 203 7.403e+07 1
195 251 7.405e+07 2
196 4 3.537e+07 2
196 132 3.540e+07 1
196 195 7.986e+07 1
196 197 7.985e+07 0
196 204 7.403e+07 1
196 252 7.406e+07 2
197 5 3.538e+07 2
197 133 3.539e+07 1
197 196 7.989e+07 0
197 198 7.988e+07 0
197 205 7.405e+07 1
197 253 7.408e+07 2
198 6 3.537e+07 2
198 134 3.539e+07 1
198 197 7.992e+07 0
198 199 7.982e+07 0
198 206 7.404e+07 1
198 254 7.408e+07 2
199 7 3.536e+07 2
199 135 3.538e+07 1
199 192 7.977e+07 1
199 198 7.986e+07 0
199 207 7.403e+07 1
199 255 7.406e+07 2
2 1 7.987e+07 0
2 3 7.983e+07 0
2 10 7.403e+07 1
2 58 7.407e+07 2
2 66 3.537e+07 1
2 194 3.541e+07 2
20 12 7.407e+07 2
20 19 7.987e+07 1
20 21 7.983e+07 0
20 28 7.403e+07 1
20 84 3.536e+07 1
20 212 3.538e+07 2
200 8 3.540e+07 2
200 136 3.541e+07 1
200 192 7.405e+07 1
200 201 7.983e+07 0
200 207 7.979e+07 1
200 208 7.402e+07 2
201 9 3.539e+07 2
201 137 3.541e+07 1
201 193 7.405e+07 1
201 200 7.987e+07 0
201 202 7.983e+07 0
201 209 7.401e+07 2
202 10 3.535e+07 2
202 138 3.540e+07 1
202 194 7.406e+07 1
202 201 7.987e+07 0
202 203 7.986e+07 0
202 210 7.405e+07 2
203 11 3.536e+07 2
203 139 3.538e+07 1
203 195 7.406e+07 1
203 202 7.989e+07 0
203 204 7.985e+07 1
203 211 7.402e+07 2
204 12 3.538e+07 2
204 140 3.536e+07 1
204 196 7.406e+07 1
204 203 7.989e+07 1
204 205 7.981e+07 0
204 212 7.403e+07 2
205 13 3.535e+07 2
205 141 3.538e+07 1
205 197 7.408e+07 1
205 204 7.985e+07 0
205 206 7.986e+07 0
205 213 7.404e+07 2
206 14 3.539e+07 2
206 142 3.538e+07 1
206 198 7.407e+07 1
206 205 7.989e+07 0
206 207 7.985e+07 0
206 214 7.401e+07 2
207 15 3.536e+07 2
207 143 3.537e+07 1
207 199 7.407e+07 1
207 200 7.975e+07 1
207 206 7.989e+07 0
207 215 7.400e+07 2
208 16 3.537e+07 2
208 144 3.540e+07 1
208 200 7.406e+07 2
208 209 7.985e+07 0
208 215 7.985e+07 1
208 216 7.403e+07 1
209 17 3.538e+07 2
209 145 3.537e+07 1
209 201 7.404e+07 2
209 208 7.989e+07 0
209 210 7.983e+07 0
209 217 7.405e+07 1
21 13 7.406e+07 2
21 20 7.987e+07 0
21 22 7.985e+07 0
21 29 7.403e+07 1
21 85 3.538e+07 1
21 213 3.541e+07 2
210 18 3.538e+07 2
210 146 3.539e+07 1
210 202 7.409e+07 2
210 209 7.987e+07 0
210 211 7.983e+07 0
210 218 7.405e+07 1
211 19 3.537e+07 2
211 147 3.539e+07 1
211 203 7.406e+07 2
211 210 7.987e+07 0
211 212 7.985e+07 1
211 219 7.402e+07 1
212 20 3.537e+07 2
212 148 3.538e+07 1
212 204 7.407e+07 2
212 211 7.989e+07 1
212 213 7.982e+07 0
212 220 7.403e+07 1
213 21 3.539e+07 2
213 149 3.540e+07 1
213 205 7.407e+07 2
213 212 7.986e+07 0
213 214 7.983e+07 0
213 221 7.402e+07 1
214 22 3.538e+07 2
214 150 3.541e+07 1
214 206 7.405e+07 2
214 213 7.987e+07 0
214 215 7.984e+07 0
214 222 7.402e+07 1
215 23 3.537e+07 2
215 151 3.539e+07 1
215 207 7.404e+07 2
215 208 7.981e+07 1
215 214 7.988e+07 0
215 223 7.402e+07 1
216 24 3.537e+07 2
216 152 3.539e+07 1
216 208 7.407e+07 1
216 217 7.985e+07 0
216 223 7.981e+07 1
216 224 7.405e+07 2
217 25 3.536e+07 2
217 153 3.538e+07 1
217 209 7.408e+07 1
217 216 7.989e+07 0
217 218 7.984e+07 0
217 225 7.402e+07 2
218 26 3.537e+07 2
218 154 3.539e+07 1
218 210 7.408e+07 1
218 217 7.988e+07 0
218 219 7.981e+07 0
218 226 7.403e+07 2
219 27 3.537e+07 2
219 155 3.539e+07 1
219 211 7.405e+07 1
219 218 7.985e+07 0
219 220 7.983e+07 1
219 227 7.400e+07 2
22 14 7.404e+07 2
22 21 7.988e+07 0
22 23 7.982e+07 0
22 30 7.400e+07 1
22 86 3.538e+07 1
22 214 3.540e+07 2
220 28 3.540e+07 2
220 156 3.540e+07 1
220 212 7.406e+07 1
220 219 7.987e+07 1
220 221 7.984e+07 0
220 228 7.403e+07 2
221 29 3.535e+07 2
221 157 3.540e+07 1
221 213 7.405e+07 1
221 220 7.987e+07 0
221 222 7.986e+07 0
221 229 7.401e+07 2
222 30 3.536e+07 2
222 158 3.538e+07 1
222 214 7.405e+07 1
222 221 7.989e+07 0
222 223 7.982e+07 0
222 230 7.404e+07 2
223 31 3.538e+07 2
223 159 3.537e+07 1
223 215 7.406e+07 1
223 216 7.977e+07 1
223 222 7.986e+07 0
223 231 7.403e+07 2
224 32 3.538e+07 2
224 160 3.538e+07 1
224 216 7.408e+07 2
224 225 7.983e+07 0
224 231 7.981e+07 1
224 232 7.405e+07 1
225 33 3.537e+07 2
225 161 3.540e+07 1
225 217 7.406e+07 2
225 224 7.987e+07 0
225 226 7.984e+07 0
225 233 7.402e+07 1
226 34 3.539e+07 2
226 162 3.540e+07 1
226 218 7.407e+07 2
226 225 7.988e+07 0
226 227 7.985e+07 0
226 234 7.402e+07 1
227 35 3.539e+07 2
227 163 3.540e+07 1
227 219 7.403e+07 2
227 226 7.989e+07 0
227 228 7.981e+07 1
227 235 7.402e+07 1
228 36 3.537e+07 2
228 164 3.539e+07 1
228 220 7.406e+07 2
228 227 7.985e+07 1
228 229 7.981e+07 0
228 236 7.405e+07 1
229 37 3.536e+07 2
229 165 3.537e+07 1
229 221 7.404e+07 2
229 228 7.985e+07 0
229 230 7.986e+07 0
229 237 7.403e+07 1
23 15 7.404e+07 2
23 16 7.978e+07 1
23 22 7.986e+07 0
23 31 7.403e+07 1
23 87 3.538e+07 1
23 215 3.539e+07 2
230 38 3.538e+07 2
230 166 3.537e+07 1
230 222 7.408e+07 2
230 229 7.990e+07 0
230 231 7.983e+07 0
230 238 7.401e+07 1
231 39 3.533e+07 2
231 167 3.539e+07 1
231 223 7.406e+07 2
231 224 7.978e+07 1
231 230 7.987e+07 0
231 239 7.401e+07 1
232 40 3.539e+07 2
232 168 3.542e+07 1
232 224 7.408e+07 1
232 233 7.987e+07 0
232 239 7.983e+07 1
232 240 7.404e+07 2
233 41 3.539e+07 2
233 169 3.540e+07 1
233 225 7.405e+07 1
233 232 7.991e+07 0
233 234 7.983e+07 0
233 241 7.401e+07 2
234 42 3.536e+07 2
234 170 3.539e+07 1
234 226 7.406e+07 1
234 233 7.987e+07 0
234 235 7.987e+07 0
234 242 7.405e+07 2
235 43 3.535e+07 2
235 171 3.539e+07 1
235 227 7.406e+07 1
235 234 7.991e+07 0
235 236 7.984e+07 1
235 243 7.403e+07 2
236 44 3.538e+07 2
236 172 3.538e+07 1
236 228 7.408e+07 1
236 235 7.988e+07 1
236 237 7.981e+07 0
236 244 7.403e+07 2
237 45 3.537e+07 2
237 173 3.539e+07 1
237 229 7.407e+07 1
237 236 7.985e+07 0
237 238 7.984e+07 0
237 245 7.402e+07 2
238 46 3.535e+07 2
238 174 3.538e+07 1
238 230 7.405e+07 1
238 237 7.988e+07 0
238 239 7.985e+07 0
238 246 7.400e+07 2
239 47 3.538e+07 2
239 175 3.537e+07 1
239 231 7.405e+07 1
239 232 7.979e+07 1
239 238 7.989e+07 0
239 247 7.401e+07 2
24 16 7.407e+07 1
24 25 7.986e+07 0
24 31 7.983e+07 1
24 32 7.405e+07 2
24 88 3.536e+07 1
24 216 3.538e+07 2
240 48 3.540e+07 2
240 176 3.538e+07 1
240 232 7.407e+07 2
240 241 7.982e+07 0
240 247 7.983e+07 1
240 248 7.405e+07 1
241 49 3.537e+07 2
241 177 3.538e+07 1
241 233 7.404e+07 2
241 240 7.986e+07 0
241 242 7.982e+07 0
241 249 7.403e+07 1
242 50 3.538e+07 2
242 178 3.538e+07 1
242 234 7.408e+07 2
242 241 7.986e+07 0
242 243 7.985e+07 0
242 250 7.403e+07 1
243 51 3.536e+07 2
243 179 3.537e+07 1
243 235 7.407e+07 2
243 242 7.989e+07 0
243 244 7.982e+07 1
243 251 7.401e+07 1
244 52 3.538e+07 2
244 180 3.540e+07 1
244 236 7.406e+07 2
244 243 7.986e+07 1
244 245 7.984e+07 0
244 252 7.405e+07 1
245 53 3.537e+07 2
245 181 3.540e+07 1
245 237 7.406e+07 2
245 244 7.988e+07 0
245 246 7.985e+07 0
245 253 7.403e+07 1
246 54 3.539e+07 2
246 182 3.540e+07 1
246 238 7.404e+07 2
246 245 7.989e+07 0
246 247 7.984e+07 0
246 254 7.401e+07 1
247 55 3.536e+07 2
247 183 3.540e+07 1
247 239 7.404e+07 2
247 240 7.979e+07 1
247 246 7.988e+07 0
247 255 7.402e+07 1
248 56 3.535e+07 2
248 184 3.538e+07 1
248 192 7.406e+07 2
248 240 7.409e+07 1
248 249 7.984e+07 0
248 255 7.983e+07 1
249 57 3.535e+07 2
249 185 3.539e+07 1
249 193 7.404e+07 2
249 241 7.407e+07 1
249 248 7.989e+07 0
249 250 7.982e+07 0
25 17 7.404e+07 1
25 24 7.990e+07 0
25 26 7.985e+07 0
25 33 7.402e+07 2
25 89 3.537e+07 1
25 217 3.537e+07 2
250 58 3.536e+07 2
250 186 3.538e+07 1
250 194 7.404e+07 2
250 242 7.407e+07 1
250 249 7.986e+07 0
250 251 7.984e+07 0
251 59 3.537e+07 2
251 187 3.539e+07 1
251 195 7.402e+07 2
251 243 7.404e+07 1
251 250 7.988e+07 0
251 252 7.982e+07 1
252 60 3.538e+07 2
252 188 3.539e+07 1
252 196 7.402e+07 2
252 244 7.408e+07 1
252 251 7.985e+07 1
252 253 7.983e+07 0
253 61 3.538e+07 2
253 189 3.540e+07 1
253 197 7.405e+07 2
253 245 7.406e+07 1
253 252 7.987e+07 0
253 254 7.988e+07 0
254 62 3.536e+07 2
254 190 3.538e+07 1
254 198 7.404e+07 2
254 246 7.405e+07 1
254 253 7.992e+07 0
254 255 7.982e+07 0
255 63 3.535e+07 2
255 191 3.537e+07 1
255 199 7.403e+07 2
255 247 7.406e+07 1
255 248 7.979e+07 1
255 254 7.985e+07 0
26 18 7.409e+07 1
26 25 7.989e+07 0
26 27 7.982e+07 0
26 34 7.402e+07 2
26 90 3.537e+07 1
26 218 3.538e+07 2
27 19 7.406e+07 1
27 26 7.985e+07 0
27 28 7.987e+07 1
27 35 7.403e+07 2
27 91 3.536e+07 1
27 219 3.538e+07 2
28 20 7.406e+07 1
28 27 7.990e+07 1
28 29 7.985e+07 0
28 36 7.401e+07 2
28 92 3.539e+07 1
28 220 3.542e+07 2
29 21 7.406e+07 1
29 28 7.988e+07 0
29 30 7.984e+07 0
29 37 7.401e+07 2
29 93 3.539e+07 1
29 221 3.536e+07 2
3 2 7.987e+07 0
3 4 7.985e+07 1
3 11 7.401e+07 1
3 59 7.405e+07 2
3 67 3.540e+07 1
3 195 3.540e+07 2
30 22 7.404e+07 1
30 29 7.988e+07 0
30 31 7.987e+07 0
30 38 7.405e+07 2
30 94 3.537e+07 1
30 222 3.538e+07 2
31 23 7.407e+07 1
31 24 7.979e+07 1
31 30 7.991e+07 0
31 39 7.402e+07 2
31 95 3.535e+07 1
31 223 3.540e+07 2
32 24 7.408e+07 2
32 33 7.985e+07 0
32 39 7.981e+07 1
32 40 7.405e+07 1
32 96 3.536e+07 1
32 224 3.539e+07 2
33 25 7.406e+07 2
33 32 7.989e+07 0
33 34 7.984e+07 0
33 41 7.399e+07 1
33 97 3.537e+07 1
33 225 3.539e+07 2
34 26 7.406e+07 2
34 33 7.988e+07 0
34 35 7.980e+07 0
34 42 7.404e+07 1
34 98 3.539e+07 1
34 226 3.540e+07 2
35 27 7.406e+07 2
35 34 7.984e+07 0
35 36 7.982e+07 1
35 43 7.402e+07 1
35 99 3.538e+07 1
35 227 3.540e+07 2
36 28 7.405e+07 2
36 35 7.985e+07 1
36 37 7.984e+07 0
36 44 7.402e+07 1
36 100 3.537e+07 1
36 228 3.538e+07 2
37 29 7.404e+07 2
37 36 7.988e+07 0
37 38 7.983e+07 0
37 45 7.404e+07 1
37 101 3.536e+07 1
37 229 3.538e+07 2
38 30 7.408e+07 2
38 37 7.987e+07 0
38 39 7.983e+07 0
38 46 7.401e+07 1
38 102 3.536e+07 1
38 230 3.539e+07 2
39 31 7.405e+07 2
39 32 7.977e+07 1
39 38 7.987e+07 0
39 47 7.403e+07 1
39 103 3.537e+07 1
39 231 3.535e+07 2
4 3 7.989e+07 1
4 5 7.983e+07 0
4 12 7.402e+07 1
4 60 7.406e+07 2
4 68 3.536e+07 1
4 196 3.538e+07 2
40 32 7.408e+07 1
40 41 7.983e+07 0
40 47 7.980e+07 1
40 48 7.404e+07 2
40 104 3.540e+07 1
40 232 3.541e+07 2
41 33 7.403e+07 1
41 40 7.987e+07 0
41 42 7.987e+07 0
41 49 7.401e+07 2
41 105 3.537e+07 1
41 233 3.540e+07 2
42 34 7.407e+07 1
42 41 7.991e+07 0
42 43 7.983e+07 0
42 50 7.403e+07 2
42 106 3.538e+07 1
42 234 3.538e+07 2
43 35 7.406e+07 1
43 42 7.987e+07 0
43 44 7.983e+07 1
43 51 7.403e+07 2
43 107 3.536e+07 1
43 235 3.537e+07 2
44 36 7.405e+07 1
44 43 7.987e+07 1
44 45 7.986e+07 0
44 52 7.403e+07 2
44 108 3.535e+07 1
44 236 3.539e+07 2
45 37 7.407e+07 1
45 44 7.990e+07 0
45 46 7.987e+07 0
45 53 7.404e+07 2
45 109 3.537e+07 1
45 237 3.538e+07 2
46 38 7.405e+07 1
46 45 7.991e+07 0
46 47 7.984e+07 0
46 54 7.400e+07 2
46 110 3.536e+07 1
46 238 3.537e+07 2
47 39 7.407e+07 1
47 40 7.976e+07 1
47 46 7.988e+07 0
47 55 7.402e+07 2
47 111 3.536e+07 1
47 239 3.539e+07 2
48 40 7.407e+07 2
48 49 7.983e+07 0
48 55 7.982e+07 1
48 56 7.406e+07 1
48 112 3.538e+07 1
48 240 3.541e+07 2
49 41 7.404e+07 2
49 48 7.987e+07 0
49 50 7.983e+07 0
49 57 7.402e+07 1
49 113 3.537e+07 1
49 241 3.538e+07 2
5 4 7.987e+07 0
5 6 7.986e+07 0
5 13 7.404e+07 1
5 61 7.410e+07 2
5 69 3.536e+07 1
5 197 3.540e+07 2
50 42 7.407e+07 2
50 49 7.987e+07 0
50 51 7.983e+07 0
50 58 7.404e+07 1
50 114 3.536e+07 1
50 242 3.539e+07 2
51 43 7.407e+07 2
51 50 7.987e+07 0
51 52 7.983e+07 1
51 59 7.403e+07 1
51 115 3.536e+07 1
51 243 3.538e+07 2
52 44 7.407e+07 2
52 51 7.987e+07 1
52 53 7.982e+07 0
52 60 7.401e+07 1
52 116 3.538e+07 1
52 244 3.539e+07 2
53 45 7.407e+07 2
53 52 7.986e+07 0
53 54 7.982e+07 0
53 61 7.404e+07 1
53 117 3.538e+07 1
53 245 3.539e+07 2
54 46 7.404e+07 2
54 53 7.986e+07 0
54 55 7.987e+07 0
54 62 7.401e+07 1
54 118 3.539e+07 1
54 246 3.541e+07 2
55 47 7.406e+07 2
55 48 7.978e+07 1
55 54 7.990e+07 0
55 63 7.402e+07 1
55 119 3.536e+07 1
55 247 3.538e+07 2
56 0 7.407e+07 2
56 48 7.409e+07 1
56 57 7.986e+07 0
56 63 7.983e+07 1
56 120 3.538e+07 1
56 248 3.537e+07 2
57 1 7.404e+07 2
57 49 7.405e+07 1
57 56 7.990e+07 0
57 58 7.982e+07 0
57 121 3.536e+07 1
57 249 3.536e+07 2
58 2 7.403e+07 2
58 50 7.408e+07 1
58 57 7.986e+07 0
58 59 7.978e+07 0
58 122 3.537e+07 1
58 250 3.538e+07 2
59 3 7.402e+07 2
59 51 7.407e+07 1
59 58 7.982e+07 0
59 60 7.987e+07 1
59 123 3.538e+07 1
59 251 3.538e+07 2
6 5 7.990e+07 0
6 7 7.985e+07 0
6 14 7.403e+07 1
6 62 7.406e+07 2
6 70 3.538e+07 1
6 198 3.539e+07 2
60 4 7.402e+07 2
60 52 7.405e+07 1
60 59 7.990e+07 1
60 61 7.983e+07 0
60 124 3.538e+07 1
60 252 3.540e+07 2
61 5 7.407e+07 2
61 53 7.407e+07 1
61 60 7.987e+07 0
61 62 7.983e+07 0
61 125 3.538e+07 1
61 253 3.540e+07 2
62 6 7.402e+07 2
62 54 7.404e+07 1
62 61 7.987e+07 0
62 63 7.986e+07 0
62 126 3.536e+07 1
62 254 3.538e+07 2
63 7 7.402e+07 2
63 55 7.406e+07 1
63 56 7.979e+07 1
63 62 7.990e+07 0
63 127 3.536e+07 1
63 255 3.536e+07 2
64 0 3.539e+07 1
64 65 7.983e+07 0
64 71 7.985e+07 1
64 72 7.404e+07 1
64 120 7.410e+07 2
64 128 3.539e+07 2
65 1 3.540e+07 1
65 64 7.987e+07 0
65 66 7.986e+07 0
65 73 7.403e+07 1
65 121 7.408e+07 2
65 129 3.537e+07 2
66 2 3.540e+07 1
66 65 7.990e+07 0
66 67 7.984e+07 0
66 74 7.399e+07 1
66 122 7.405e+07 2
66 130 3.541e+07 2
67 3 3.543e+07 1
67 66 7.987e+07 0
67 68 7.983e+07 1
67 75 7.404e+07 1
67 123 7.409e+07 2
67 131 3.539e+07 2
68 4 3.539e+07 1
68 67 7.987e+07 1
68 69 7.987e+07 0
68 76 7.402e+07 1
68 124 7.405e+07 2
68 132 3.540e+07 2
69 5 3.538e+07 1
69 68 7.991e+07 0
69 70 7.982e+07 0
69 77 7.405e+07 1
69 125 7.407e+07 2
69 133 3.537e+07 2
7 0 7.981e+07 1
7 6 7.989e+07 0
7 15 7.402e+07 1
7 63 7.406e+07 2
7 71 3.537e+07 1
7 199 3.538e+07 2
70 6 3.541e+07 1
70 69 7.986e+07 0
70 71 7.986e+07 0
70 78 7.403e+07 1
70 126 7.409e+07 2
70 134 3.540e+07 2
71 7 3.539e+07 1
71 64 7.981e+07 1
71 70 7.990e+07 0
71 79 7.402e+07 1
71 127 7.406e+07 2
71 135 3.538e+07 2
72 8 3.540e+07 1
72 64 7.408e+07 1
72 73 7.981e+07 0
72 79 7.982e+07 1
72 80 7.403e+07 2
72 136 3.539e+07 2
73 9 3.542e+07 1
73 65 7.406e+07 1
73 72 7.985e+07 0
73 74 7.982e+07 0
73 81 7.401e+07 2
73 137 3.541e+07 2
74 10 3.541e+07 1
74 66 7.403e+07 1
74 73 7.985e+07 0
74 75 7.983e+07 0
74 82 7.403e+07 2
74 138 3.538e+07 2
75 11 3.538e+07 1
75 67 7.408e+07 1
75 74 7.987e+07 0
75 76 7.982e+07 1
75 83 7.405e+07 2
75 139 3.538e+07 2
76 12 3.539e+07 1
76 68 7.406e+07 1
76 75 7.986e+07 1
76 77 7.984e+07 0
76 84 7.403e+07 2
76 140 3.538e+07 2
77 13 3.541e+07 1
77 69 7.408e+07 1
77 76 7.988e+07 0
77 78 7.983e+07 0
77 85 7.405e+07 2
77 141 3.538e+07 2
78 14 3.540e+07 1
78 70 7.406e+07 1
78 77 7.986e+07 0
78 79 7.982e+07 0
78 86 7.402e+07 2
78 142 3.537e+07 2
79 15 3.540e+07 1
79 71 7.406e+07 1
79 72 7.978e+07 1
79 78 7.986e+07 0
79 87 7.400e+07 2
79 143 3.538e+07 2
8 0 7.407e+07 1
8 9 7.983e+07 0
8 15 7.982e+07 1
8 16 7.402e+07 2
8 72 3.538e+07 1
8 200 3.542e+07 2
80 16 3.542e+07 1
80 72 7.407e+07 2
80 81 7.982e+07 0
80 87 7.985e+07 1
80 88 7.404e+07 1
80 144 3.539e+07 2
81 17 3.538e+07 1
81 73 7.404e+07 2
81 80 7.986e+07 0
81 82 7.980e+07 0
81 89 7.406e+07 1
81 145 3.537e+07 2
82 18 3.538e+07 1
82 74 7.406e+07 2
82 81 7.984e+07 0
82 83 7.983e+07 0
82 90 7.402e+07 1
82 146 3.537e+07 2
83 19 3.541e+07 1
83 75 7.409e+07 2
83 82 7.987e+07 0
83 84 7.985e+07 1
83 91 7.405e+07 1
83 147 3.539e+07 2
84 20 3.539e+07 1
84 76 7.406e+07 2
84 83 7.989e+07 1
84 85 7.984e+07 0
84 92 7.401e+07 1
84 148 3.538e+07 2
85 21 3.541e+07 1
85 77 7.409e+07 2
85 84 7.988e+07 0
85 86 7.984e+07 0
85 93 7.402e+07 1
85 149 3.539e+07 2
86 22 3.541e+07 1
86 78 7.405e+07 2
86 85 7.988e+07 0
86 87 7.984e+07 0
86 94 7.401e+07 1
86 150 3.539e+07 2
87 23 3.541e+07 1
87 79 7.403e+07 2
87 80 7.981e+07 1
87 86 7.987e+07 0
87 95 7.401e+07 1
87 151 3.539e+07 2
88 24 3.539e+07 1
88 80 7.408e+07 1
88 89 7.983e+07 0
88 95 7.984e+07 1
88 96 7.407e+07 2
88 152 3.538e+07 2
89 25 3.539e+07 1
89 81 7.409e+07 1
89 88 7.987e+07 0
89 90 7.986e+07 0
89 97 7.403e+07 2
89 153 3.538e+07 2
9 1 7.404e+07 1
9 8 7.987e+07 0
9 10 7.983e+07 0
9 17 7.401e+07 2
9 73 3.539e+07 1
9 201 3.540e+07 2
90 26 3.539e+07 1
90 82 7.406e+07 1
90 89 7.990e+07 0
90 91 7.984e+07 0
90 98 7.400e+07 2
90 154 3.537e+07 2
91 27 3.539e+07 1
91 83 7.408e+07 1
91 90 7.988e+07 0
91 92 7.985e+07 1
91 99 7.401e+07 2
91 155 3.537e+07 2
92 28 3.541e+07 1
92 84 7.404e+07 1
92 91 7.988e+07 1
92 93 7.986e+07 0
92 100 7.400e+07 2
92 156 3.540e+07 2
93 29 3.542e+07 1
93 85 7.406e+07 1
93 92 7.990e+07 0
93 94 7.981e+07 0
93 101 7.403e+07 2
93 157 3.540e+07 2
94 30 3.539e+07 1
94 86 7.405e+07 1
94 93 7.985e+07 0
94 95 7.981e+07 0
94 102 7.405e+07 2
94 158 3.539e+07 2
95 31 3.538e+07 1
95 87 7.404e+07 1
95 88 7.980e+07 1
95 94 7.984e+07 0
95 103 7.401e+07 2
95 159 3.535e+07 2
96 32 3.538e+07 1
96 88 7.410e+07 2
96 97 7.980e+07 0
96 103 7.981e+07 1
96 104 7.402e+07 1
96 160 3.539e+07 2
97 33 3.540e+07 1
97 89 7.406e+07 2
97 96 7.984e+07 0
97 98 7.983e+07 0
97 105 7.402e+07 1
97 161 3.538e+07 2
98 34 3.542e+07 1
98 90 7.404e+07 2
98 97 7.987e+07 0
98 99 7.985e+07 0
98 106 7.401e+07 1
98 162 3.540e+07 2
99 35 3.541e+07 1
99 91 7.405e+07 2
99 98 7.989e+07 0
99 100 7.980e+07 1
99 107 7.403e+07 1
99 163 3.539e+07 2
