0 1 5.591e+05 0
0 2 6.335e+05 0
0 3 1.369e+05 0
0 4 3.843e+05 1
0 5 6.402e+04 1
0 6 4.000e+00 1
0 7 4.000e+00 1
0 8 6.410e+04 1
0 16 1.600e+01 1
0 32 1.600e+01 1
0 64 1.600e+01 1
1 0 5.621e+05 0
1 2 3.204e+04 0
1 3 5.604e+05 0
1 4 8.004e+04 1
1 5 3.203e+05 1
1 7 1.921e+05 1
1 8 5.603e+05 1
1 9 7.012e+04 1
1 10 1.339e+05 1
1 11 4.800e+01 1
1 13 2.400e+01 2
1 16 6.408e+04 1
1 17 1.600e+01 1
1 33 1.840e+02 1
1 65 1.600e+01 1
10 1 1.281e+05 1
10 2 2.984e+03 1
10 3 1.950e+05 1
10 8 5.531e+05 0
10 9 1.921e+05 0
10 11 7.163e+05 0
10 12 6.402e+04 1
10 14 3.202e+05 1
10 15 2.920e+03 1
10 17 2.242e+05 2
10 21 6.402e+04 3
10 24 2.590e+05 1
10 26 4.000e+01 1
10 42 1.600e+01 1
10 74 1.600e+01 1
100 36 1.600e+01 1
100 68 2.320e+02 1
100 96 6.565e+05 1
100 97 1.280e+05 1
100 98 1.605e+04 1
100 101 3.132e+05 0
100 102 7.234e+05 0
100 103 6.694e+04 0
100 104 1.602e+04 2
100 108 1.602e+05 1
100 116 1.600e+01 1
101 37 1.600e+01 1
101 69 1.600e+01 1
101 96 4.812e+04 1
101 97 5.952e+05 1
101 98 1.602e+04 1
101 99 6.402e+04 1
101 100 3.072e+05 0
101 102 1.897e+04 0
101 103 3.261e+05 0
101 104 2.867e+05 2
101 105 2.562e+05 2
101 106 6.694e+04 2
101 107 6.404e+04 2
101 108 2.970e+05 1
101 109 1.626e+04 1
101 117 1.600e+01 1
102 38 1.600e+01 1
102 70 1.600e+02 1
102 98 6.566e+05 1
102 99 6.402e+04 1
102 100 7.234e+05 0
102 101 1.896e+04 0
102 103 3.422e+05 0
102 104 1.602e+04 2
102 106 1.602e+04 2
102 108 5.392e+04 1
102 110 1.181e+05 1
102 112 1.605e+04 2
102 113 6.402e+04 2
102 116 6.432e+05 1
102 118 4.000e+01 1
103 39 1.600e+01 1
103 71 1.600e+01 1
103 97 6.402e+04 1
103 98 4.812e+04 1
103 99 3.842e+05 1
103 100 6.404e+04 0
103 101 3.231e+05 0
103 102 3.392e+05 0
103 104 6.402e+04 2
103 106 2.008e+05 2
103 107 1.921e+05 2
103 108 1.280e+05 1
103 110 2.561e+05 1
103 111 8.800e+01 1
103 112 1.602e+04 2
103 113 1.280e+05 2
103 116 2.110e+05 1
103 117 1.921e+05 1
103 119 6.400e+01 1
103 120 2.920e+03 3
103 121 6.404e+04 3
104 40 1.600e+01 1
104 72 1.600e+01 1
104 76 6.403e+04 2
104 77 3.201e+05 2
104 79 6.402e+04 2
104 96 2.960e+03 1
104 97 4.482e+05 1
104 100 1.602e+04 2
104 101 2.722e+05 2
104 102 1.602e+04 2
104 103 6.402e+04 2
104 105 5.882e+05 0
104 106 3.901e+05 0
104 107 1.310e+05 0
104 108 4.701e+05 1
104 109 6.402e+04 1
104 111 2.400e+01 1
104 120 1.600e+01 1
105 41 1.600e+01 1
105 73 1.600e+01 1
105 77 1.921e+05 2
105 79 1.441e+05 2
105 97 7.004e+04 1
105 101 2.620e+05 2
105 104 5.825e+05 0
105 106 6.402e+04 0
105 107 4.571e+05 0
105 108 3.208e+04 1
105 109 2.591e+05 1
105 121 1.600e+01 1
106 42 1.600e+01 1
106 74 1.600e+01 1
106 78 6.403e+04 2
106 79 2.401e+05 2
106 93 6.402e+04 3
106 97 6.402e+04 1
106 98 2.984e+03 1
106 99 4.482e+05 1
106 101 6.404e+04 2
106 102 1.602e+04 2
106 103 1.950e+05 2
106 104 3.842e+05 0
106 105 6.402e+04 0
106 107 6.580e+05 0
106 108 1.310e+05 1
106 109 6.402e+04 1
106 110 2.561e+05 1
106 111 1.600e+01 1
106 112 1.602e+04 2
106 117 6.402e+04 3
106 120 3.201e+05 1
106 121 6.404e+04 1
106 122 1.600e+01 1
107 43 1.600e+01 1
107 75 1.600e+01 1
107 79 8.009e+04 2
107 97 2.928e+03 1
107 99 3.064e+03 1
107 101 6.403e+04 2
107 103 1.979e+05 2
107 104 1.281e+05 0
107 105 4.483e+05 0
107 106 6.465e+05 0
107 108 3.200e+01 1
107 109 3.230e+05 1
107 110 6.403e+04 1
107 111 2.562e+05 1
107 121 3.202e+05 1
107 123 1.600e+01 1
108 44 1.600e+01 1
108 76 6.400e+01 1
108 100 1.631e+05 1
108 101 2.912e+05 1
108 102 4.812e+04 1
108 103 1.280e+05 1
108 104 4.672e+05 1
108 105 3.498e+04 1
108 106 1.281e+05 1
108 107 2.932e+03 1
108 109 5.561e+05 0
108 110 6.550e+05 0
108 111 1.921e+05 0
108 124 1.600e+01 1
109 45 1.600e+01 1
109 77 6.400e+01 1
109 101 1.604e+04 1
109 104 6.402e+04 1
109 105 2.563e+05 1
109 106 6.402e+04 1
109 107 3.201e+05 1
109 108 5.475e+05 0
109 110 1.280e+05 0
109 111 4.572e+05 0
109 125 1.600e+01 1
11 1 5.856e+03 1
11 3 5.968e+03 1
11 7 6.402e+04 2
11 8 1.281e+05 0
11 9 4.542e+05 0
11 10 7.163e+05 0
11 13 3.231e+05 1
11 14 6.694e+04 1
11 15 3.903e+05 1
11 17 8.000e+00 2
11 21 8.000e+00 3
11 24 1.310e+05 1
11 25 2.562e+05 1
11 27 4.000e+01 1
11 43 4.000e+01 1
11 75 1.600e+01 1
110 46 1.600e+01 1
110 78 1.600e+01 1
110 102 1.151e+05 1
110 103 2.561e+05 1
110 106 2.561e+05 1
110 107 6.403e+04 1
110 108 6.404e+05 0
110 109 1.280e+05 0
110 111 4.572e+05 0
110 116 3.204e+04 2
110 117 1.950e+05 2
110 121 6.402e+04 2
110 124 4.540e+05 1
110 125 6.407e+04 1
110 126 8.800e+01 1
111 47 1.600e+01 1
111 79 4.000e+01 1
111 103 1.600e+01 1
111 104 2.928e+03 1
111 106 8.000e+00 1
111 107 2.563e+05 1
111 108 1.979e+05 0
111 109 4.542e+05 0
111 110 4.542e+05 0
111 121 2.920e+03 2
111 124 6.402e+04 1
111 125 3.231e+05 1
111 127 6.400e+01 1
112 48 1.600e+01 1
112 80 1.600e+01 1
112 84 5.923e+05 2
112 86 1.605e+04 2
112 87 1.280e+05 2
112 96 6.400e+01 1
112 98 6.403e+05 1
112 99 1.150e+05 1
112 102 1.895e+04 2
112 103 1.602e+04 2
112 106 1.602e+04 2
112 113 2.520e+05 0
112 114 6.433e+05 0
112 115 6.402e+04 0
112 116 6.593e+05 1
112 117 1.895e+04 1
112 118 6.402e+04 1
112 119 6.402e+04 1
112 120 2.800e+01 1
113 49 1.600e+01 1
113 81 4.000e+01 1
113 84 1.608e+04 2
113 85 6.403e+04 2
113 92 2.590e+05 3
113 93 9.610e+04 3
113 94 6.402e+04 3
113 97 1.600e+01 1
113 98 6.402e+04 1
113 99 3.841e+05 1
113 102 6.402e+04 2
113 103 1.280e+05 2
113 112 2.432e+05 0
113 114 8.004e+04 0
113 115 4.482e+05 0
113 117 3.871e+05 1
113 120 3.900e+05 1
113 121 1.282e+05 1
113 122 6.694e+04 1
113 123 1.600e+01 1
114 50 1.600e+01 1
114 82 4.000e+01 1
114 86 4.963e+05 2
114 87 6.402e+04 2
114 94 1.310e+05 3
114 95 4.800e+01 3
114 98 1.600e+01 1
114 112 6.404e+05 0
114 113 8.004e+04 0
114 115 4.280e+05 0
114 118 6.783e+05 1
114 119 2.189e+04 1
114 122 1.281e+05 1
115 51 1.600e+01 1
115 83 1.600e+01 1
115 86 1.608e+04 2
115 87 6.403e+04 2
115 93 6.402e+04 3
115 94 1.921e+05 3
115 95 1.600e+01 3
115 99 1.600e+01 1
115 112 6.402e+04 0
115 113 4.512e+05 0
115 114 4.164e+05 0
115 117 1.281e+05 1
115 118 2.920e+03 1
115 119 3.522e+05 1
115 120 6.402e+04 1
115 122 4.569e+05 1
115 123 1.282e+05 1
115 126 6.402e+04 2
116 52 1.600e+01 1
116 84 1.600e+02 1
116 100 6.400e+01 1
116 102 6.403e+05 1
116 103 2.110e+05 1
116 110 3.204e+04 2
116 112 6.564e+05 1
116 117 3.831e+05 0
116 118 5.924e+05 0
116 119 1.339e+05 0
116 124 6.412e+04 1
117 53 1.600e+01 1
117 85 1.600e+01 1
117 101 1.600e+01 1
117 103 1.921e+05 1
117 106 6.402e+04 3
117 110 1.921e+05 2
117 112 1.605e+04 1
117 113 3.872e+05 1
117 115 1.310e+05 1
117 116 3.713e+05 0
117 118 3.205e+04 0
117 119 4.642e+05 0
117 120 6.694e+04 2
117 121 6.405e+04 2
117 123 6.404e+04 2
117 124 4.599e+05 1
117 125 6.419e+04 1
117 126 2.081e+05 1
118 54 1.600e+01 1
118 86 6.408e+04 1
118 102 1.600e+01 1
118 112 6.402e+04 1
118 114 6.755e+05 1
118 115 1.200e+01 1
118 116 5.924e+05 0
118 117 3.205e+04 0
118 119 4.093e+05 0
118 124 3.789e+04 1
118 126 7.005e+04 1
119 55 1.600e+01 1
119 86 6.402e+04 1
119 87 1.600e+02 1
119 103 1.600e+01 1
119 112 6.402e+04 1
119 114 1.900e+04 1
119 115 3.523e+05 1
119 116 1.281e+05 0
119 117 4.643e+05 0
119 118 4.062e+05 0
119 120 2.920e+03 2
119 122 6.404e+04 2
119 123 6.404e+04 2
119 124 1.310e+05 1
119 126 3.421e+05 1
119 127 1.360e+02 1
12 4 3.008e+03 1
12 5 2.461e+05 1
12 6 1.602e+04 1
12 7 1.280e+05 1
12 8 3.842e+05 1
12 9 2.561e+05 1
12 10 6.402e+04 1
12 13 5.153e+05 0
12 14 5.152e+05 0
12 15 1.281e+05 0
12 28 1.600e+01 1
12 32 3.204e+04 3
12 33 3.260e+05 3
12 35 6.402e+04 3
12 40 1.921e+05 2
12 41 6.699e+04 2
12 42 2.920e+03 2
12 44 1.120e+02 1
12 76 1.600e+01 1
120 56 1.600e+01 1
120 88 6.400e+01 1
120 92 1.280e+05 2
120 93 3.741e+05 2
120 94 1.921e+05 2
120 95 6.406e+04 2
120 99 1.281e+05 2
120 103 1.200e+01 3
120 104 1.600e+01 1
120 106 3.201e+05 1
120 112 2.960e+03 1
120 113 3.842e+05 1
120 115 6.402e+04 1
120 117 6.403e+04 2
120 119 1.200e+01 2
120 121 6.580e+05 0
120 122 6.432e+05 0
120 124 1.921e+05 1
121 57 1.600e+01 1
121 89 1.600e+01 1
121 93 9.611e+04 2
121 99 2.936e+03 2
121 103 6.403e+04 3
121 105 6.400e+01 1
121 106 6.695e+04 1
121 107 3.202e+05 1
121 110 6.402e+04 2
121 111 1.200e+01 2
121 113 1.311e+05 1
121 117 6.696e+04 2
121 120 6.464e+05 0
121 122 6.403e+04 0
121 123 3.872e+05 0
121 124 6.405e+04 1
121 125 3.872e+05 1
122 58 1.600e+01 1
122 90 1.600e+01 1
122 93 1.602e+04 2
122 94 1.281e+05 2
122 95 2.562e+05 2
122 106 1.600e+01 1
122 113 6.404e+04 1
122 114 1.281e+05 1
122 115 4.482e+05 1
122 119 6.694e+04 2
122 120 6.462e+05 0
122 121 6.403e+04 0
122 123 7.133e+05 0
122 124 6.402e+04 1
122 126 2.561e+05 1
123 59 1.600e+01 1
123 91 1.600e+01 1
123 95 1.281e+05 2
123 107 1.600e+01 1
123 113 8.000e+00 1
123 115 1.340e+05 1
123 117 6.695e+04 2
123 119 6.403e+04 2
123 121 3.873e+05 0
123 122 7.104e+05 0
123 125 6.402e+04 1
123 126 3.289e+05 1
123 127 1.952e+05 1
124 60 1.600e+01 1
124 92 6.400e+01 1
124 108 1.600e+01 1
124 110 4.482e+05 1
124 111 6.402e+04 1
124 116 6.707e+04 1
124 117 4.511e+05 1
124 118 3.207e+04 1
124 119 1.281e+05 1
124 120 1.951e+05 1
124 121 6.987e+04 1
124 122 6.402e+04 1
124 125 6.463e+05 0
124 126 3.581e+05 0
124 127 1.921e+05 0
125 61 1.600e+01 1
125 93 8.800e+01 1
125 109 6.400e+01 1
125 110 6.988e+04 1
125 111 3.202e+05 1
125 117 6.408e+04 1
125 121 3.902e+05 1
125 123 6.402e+04 1
125 124 6.493e+05 0
125 126 8.004e+04 0
125 127 3.872e+05 0
126 62 1.600e+01 1
126 94 6.400e+01 1
126 110 1.600e+01 1
126 115 6.402e+04 2
126 117 2.110e+05 1
126 118 6.426e+04 1
126 119 3.450e+05 1
126 122 2.591e+05 1
126 123 3.260e+05 1
126 124 3.553e+05 0
126 125 8.004e+04 0
126 127 6.871e+05 0
127 63 1.600e+01 1
127 95 1.120e+02 1
127 111 1.600e+01 1
127 119 6.400e+01 1
127 123 1.952e+05 1
127 124 1.921e+05 0
127 125 3.872e+05 0
127 126 6.755e+05 0
13 1 2.928e+03 2
13 5 5.944e+03 1
13 8 5.884e+03 1
13 9 3.902e+05 1
13 11 3.260e+05 1
13 12 5.125e+05 0
13 14 6.402e+04 0
13 15 4.513e+05 0
13 29 1.600e+01 1
13 40 1.979e+05 2
13 41 1.311e+05 2
13 42 6.404e+04 2
13 43 6.403e+04 2
13 45 8.800e+01 1
13 77 1.600e+01 1
14 3 1.310e+05 2
14 4 2.920e+03 1
14 5 4.000e+00 1
14 6 1.905e+04 1
14 7 2.590e+05 1
14 8 6.402e+04 1
14 10 3.231e+05 1
14 11 6.404e+04 1
14 12 5.122e+05 0
14 13 6.402e+04 0
14 15 3.902e+05 0
14 17 6.408e+04 3
14 20 6.405e+04 2
14 21 1.602e+05 2
14 28 3.201e+05 1
14 29 6.402e+04 1
14 30 1.600e+01 1
14 33 6.402e+04 3
14 34 3.204e+04 3
14 35 3.929e+05 3
14 42 1.921e+05 2
14 43 2.972e+03 2
14 46 1.120e+02 1
14 49 1.200e+01 4
14 78 1.600e+01 1
15 7 5.920e+03 1
15 10 1.200e+01 1
15 11 3.931e+05 1
15 12 1.310e+05 0
15 13 4.483e+05 0
15 14 3.874e+05 0
15 24 6.404e+04 2
15 25 6.697e+04 2
15 28 1.310e+05 1
15 29 1.281e+05 1
15 31 6.400e+01 1
15 35 8.000e+00 3
15 40 1.280e+05 2
15 42 1.950e+05 2
15 43 1.311e+05 2
15 47 8.800e+01 1
15 49 4.000e+00 4
15 56 1.200e+01 3
15 57 6.696e+04 3
15 61 4.000e+00 2
15 79 1.600e+01 1
16 0 2.320e+02 1
16 1 6.408e+04 1
16 2 5.880e+05 1
16 3 2.038e+05 1
16 6 6.402e+04 2
16 17 3.553e+05 0
16 18 6.523e+05 0
16 19 3.204e+04 0
16 20 6.463e+05 1
16 22 5.868e+03 1
16 24 2.800e+01 1
16 48 1.360e+02 1
16 80 1.600e+01 1
17 1 2.800e+02 1
17 2 1.200e+01 1
17 3 3.289e+05 1
17 10 2.329e+05 2
17 11 1.600e+01 2
17 14 6.988e+04 3
17 16 3.552e+05 0
17 18 1.122e+05 0
17 19 4.482e+05 0
17 20 6.402e+04 1
17 21 6.622e+05 1
17 24 3.900e+05 1
17 25 1.280e+02 1
17 49 1.600e+01 1
17 81 1.600e+01 1
18 2 1.600e+01 1
18 16 6.495e+05 0
18 17 1.238e+05 0
18 19 1.750e+05 0
18 20 1.602e+04 1
18 21 4.082e+04 1
18 22 8.925e+05 1
18 23 8.596e+04 1
18 24 2.188e+04 1
18 26 6.414e+04 1
18 50 8.800e+01 1
18 82 1.600e+01 1
19 3 1.600e+01 1
19 16 3.204e+04 0
19 17 4.482e+05 0
19 18 1.632e+05 0
19 21 6.402e+04 1
19 22 3.206e+04 1
19 23 1.762e+05 1
19 24 2.809e+05 1
19 25 6.409e+04 1
19 26 5.459e+05 1
19 27 6.433e+04 1
19 28 2.920e+03 2
19 30 5.391e+04 2
19 51 4.000e+01 1
19 83 1.600e+01 1
2 0 6.332e+05 0
2 1 3.204e+04 0
2 3 3.844e+05 0
2 6 7.743e+05 1
2 10 2.800e+01 1
2 16 5.793e+05 1
2 17 2.920e+03 1
2 18 6.400e+01 1
2 20 8.000e+00 2
2 34 2.080e+02 1
2 66 1.600e+01 1
20 2 8.000e+00 2
20 4 1.360e+02 1
20 5 6.408e+04 1
20 6 5.371e+05 1
20 7 1.470e+05 1
20 14 6.695e+04 2
20 16 6.434e+05 1
20 17 6.402e+04 1
20 18 1.602e+04 1
20 21 2.244e+05 0
20 22 7.075e+05 0
20 23 6.700e+04 0
20 28 3.207e+04 1
20 34 6.993e+04 3
20 35 2.928e+03 3
20 48 4.890e+05 2
20 49 6.695e+04 2
20 50 2.920e+03 2
20 52 6.429e+04 1
20 84 1.600e+01 1
21 3 1.200e+01 2
21 5 6.420e+04 1
21 6 1.200e+01 1
21 7 1.310e+05 1
21 10 6.402e+04 3
21 11 1.600e+01 3
21 14 1.689e+05 2
21 17 6.593e+05 1
21 18 3.210e+04 1
21 19 6.402e+04 1
21 20 2.271e+05 0
21 22 1.606e+04 0
21 23 3.202e+05 0
21 24 2.590e+05 2
21 25 1.950e+05 2
21 27 6.402e+04 2
21 28 5.399e+05 1
21 29 2.080e+02 1
21 34 6.408e+04 3
21 35 1.895e+04 3
21 42 2.928e+03 4
21 49 1.979e+05 2
21 53 1.120e+02 1
21 85 1.600e+01 1
22 6 1.600e+01 1
22 16 2.976e+03 1
22 18 8.807e+05 1
22 19 3.497e+04 1
22 20 7.076e+05 0
22 21 2.478e+04 0
22 23 2.871e+05 0
22 26 3.205e+04 2
22 30 3.207e+04 1
22 48 1.894e+04 2
22 49 3.497e+04 2
22 50 3.799e+05 2
22 51 5.840e+03 2
22 52 6.408e+04 1
22 54 1.923e+05 1
22 86 1.600e+01 1
23 7 1.600e+01 1
23 18 8.015e+04 1
23 19 1.761e+05 1
23 20 6.410e+04 0
23 21 3.232e+05 0
23 22 2.753e+05 0
23 24 6.694e+04 2
23 26 3.204e+04 2
23 27 6.402e+04 2
23 28 1.078e+05 1
23 30 4.308e+05 1
23 31 3.280e+02 1
23 48 6.408e+04 2
23 49 3.498e+04 2
23 50 2.329e+05 2
23 51 7.574e+04 2
23 55 6.429e+04 1
23 87 1.600e+01 1
24 3 6.402e+04 2
24 8 6.400e+01 1
24 10 2.590e+05 1
24 11 1.281e+05 1
24 15 6.695e+04 2
24 16 2.960e+03 1
24 17 3.842e+05 1
24 18 1.608e+04 1
24 19 2.722e+05 1
24 21 2.561e+05 2
24 23 6.404e+04 2
24 25 7.832e+05 0
24 26 3.871e+05 0
24 27 6.402e+04 0
24 28 3.201e+05 1
24 56 1.600e+01 1
24 88 1.600e+01 1
25 7 6.402e+04 3
25 9 6.400e+01 1
25 11 2.591e+05 1
25 15 6.697e+04 2
25 17 5.976e+03 1
25 19 6.989e+04 1
25 21 1.921e+05 2
25 24 7.745e+05 0
25 26 1.339e+05 0
25 27 3.872e+05 0
25 28 1.280e+05 1
25 29 3.901e+05 1
25 57 4.000e+01 1
25 89 1.600e+01 1
26 10 1.600e+01 1
26 18 6.708e+04 1
26 19 5.342e+05 1
26 22 3.205e+04 2
26 23 3.204e+04 2
26 24 3.843e+05 0
26 25 1.340e+05 0
26 27 6.070e+05 0
26 29 6.694e+04 1
26 30 4.701e+05 1
26 31 6.404e+04 1
26 58 1.600e+01 1
26 90 1.600e+01 1
27 11 1.600e+01 1
27 19 6.404e+04 1
27 21 6.402e+04 2
27 23 6.402e+04 2
27 24 6.402e+04 0
27 25 3.844e+05 0
27 26 5.955e+05 0
27 29 1.950e+05 1
27 30 1.921e+05 1
27 31 3.902e+05 1
27 59 1.600e+01 1
27 91 1.600e+01 1
28 7 1.200e+01 2
28 12 4.000e+01 1
28 14 3.230e+05 1
28 15 1.310e+05 1
28 19 1.200e+01 2
28 20 3.500e+04 1
28 21 5.283e+05 1
28 23 9.615e+04 1
28 24 3.201e+05 1
28 25 1.280e+05 1
28 29 7.133e+05 0
28 30 2.561e+05 0
28 35 1.280e+05 4
28 42 6.694e+04 3
28 49 2.619e+05 3
28 51 1.280e+05 3
28 56 1.921e+05 2
28 60 8.800e+01 1
28 92 1.600e+01 1
29 13 1.600e+01 1
29 14 6.402e+04 1
29 15 1.310e+05 1
29 21 5.920e+03 1
29 25 3.872e+05 1
29 26 6.404e+04 1
29 27 1.950e+05 1
29 28 7.105e+05 0
29 30 6.405e+04 0
29 31 2.561e+05 0
29 42 6.402e+04 3
29 49 1.600e+01 3
29 51 8.000e+00 3
29 56 2.620e+05 2
29 57 2.561e+05 2
29 58 4.000e+00 2
29 59 6.404e+04 2
29 61 6.800e+01 1
29 93 1.600e+01 1
3 0 1.456e+05 0
3 1 5.605e+05 0
3 2 3.872e+05 0
3 5 6.408e+04 1
3 7 2.562e+05 1
3 8 6.271e+04 1
3 9 2.928e+03 1
3 10 1.979e+05 1
3 11 2.560e+02 1
3 14 1.281e+05 2
3 16 1.922e+05 1
3 17 3.231e+05 1
3 19 6.400e+01 1
3 21 2.920e+03 2
3 24 6.402e+04 2
3 35 1.600e+01 1
3 67 1.600e+01 1
30 14 1.600e+01 1
30 19 4.810e+04 2
30 22 3.500e+04 1
30 23 4.163e+05 1
30 26 4.643e+05 1
30 27 1.921e+05 1
30 28 2.562e+05 0
30 29 6.986e+04 0
30 31 6.493e+05 0
30 50 1.339e+05 3
30 51 2.561e+05 3
30 58 1.921e+05 2
30 62 6.400e+01 1
30 94 1.600e+01 1
31 15 1.600e+01 1
31 23 5.920e+03 1
31 26 6.406e+04 1
31 27 3.872e+05 1
31 29 2.563e+05 0
31 30 6.494e+05 0
31 50 1.600e+01 3
31 58 2.620e+05 2
31 59 1.921e+05 2
31 63 6.400e+01 1
31 95 1.600e+01 1
32 0 1.600e+01 1
32 4 5.341e+05 2
32 5 2.722e+05 2
32 6 1.604e+04 2
32 7 1.604e+04 2
32 12 3.204e+04 3
32 33 2.171e+05 0
32 34 8.357e+05 0
32 36 6.495e+05 1
32 37 2.483e+04 1
32 38 6.406e+04 1
32 39 1.173e+04 1
32 40 8.980e+03 1
32 41 2.928e+03 1
32 42 2.928e+03 1
32 44 5.856e+03 2
32 48 1.600e+01 1
32 96 1.600e+01 1
33 1 4.000e+01 1
33 5 2.620e+05 2
33 12 3.201e+05 3
33 14 6.402e+04 3
33 32 2.142e+05 0
33 34 1.602e+04 0
33 35 3.202e+05 0
33 37 5.153e+05 1
33 39 1.950e+05 1
33 40 7.072e+05 1
33 41 3.200e+03 1
33 43 2.948e+03 1
33 45 2.920e+03 2
33 49 1.600e+01 1
33 97 1.600e+01 1
34 2 4.000e+01 1
34 4 2.920e+03 2
34 5 6.697e+04 2
34 6 4.541e+05 2
34 7 1.280e+05 2
34 14 3.204e+04 3
34 20 6.412e+04 3
34 21 6.408e+04 3
34 32 8.355e+05 0
34 33 1.602e+04 0
34 35 2.404e+05 0
34 37 6.402e+04 1
34 38 6.523e+05 1
34 39 1.601e+05 1
34 42 6.028e+03 1
34 43 1.600e+01 1
34 46 5.856e+03 2
34 48 6.462e+05 1
34 49 2.928e+03 1
34 50 2.320e+02 1
34 52 2.481e+04 2
34 53 2.928e+03 2
34 56 2.928e+03 2
34 60 2.928e+03 3
34 98 1.600e+01 1
35 3 8.800e+01 1
35 5 8.820e+03 2
35 7 1.310e+05 2
35 12 6.402e+04 3
35 14 3.842e+05 3
35 15 1.600e+01 3
35 20 2.800e+01 3
35 21 1.605e+04 3
35 28 1.280e+05 4
35 33 3.203e+05 0
35 34 2.431e+05 0
35 38 1.200e+01 1
35 39 3.871e+05 1
35 40 1.280e+05 1
35 42 4.482e+05 1
35 43 6.993e+04 1
35 48 1.602e+04 1
35 49 3.871e+05 1
35 51 6.400e+01 1
35 52 1.607e+04 2
35 56 6.694e+04 2
35 57 2.400e+01 2
35 99 1.600e+01 1
36 4 1.600e+01 1
36 32 6.495e+05 1
36 37 4.513e+05 0
36 38 5.796e+05 0
36 44 7.300e+04 1
36 46 2.928e+03 1
36 52 2.800e+01 1
36 64 5.851e+05 3
36 65 8.812e+03 3
36 66 1.899e+04 3
36 72 5.856e+03 4
36 100 2.320e+02 1
37 5 1.600e+01 1
37 32 2.195e+04 1
37 33 5.153e+05 1
37 34 6.402e+04 1
37 36 4.541e+05 0
37 38 1.921e+05 0
37 39 3.842e+05 0
37 40 6.402e+04 2
37 41 3.201e+05 2
37 42 6.402e+04 2
37 43 4.000e+00 2
37 44 3.201e+05 1
37 45 3.208e+03 1
37 47 5.844e+03 1
37 53 1.600e+01 1
37 64 6.402e+04 3
37 65 1.121e+05 3
37 66 1.200e+01 3
37 101 1.600e+01 1
38 6 2.400e+01 1
38 32 6.988e+04 1
38 34 6.436e+05 1
38 35 2.920e+03 1
38 36 5.794e+05 0
38 37 1.921e+05 0
38 39 8.029e+04 0
38 42 3.204e+04 2
38 44 3.204e+04 1
38 46 5.399e+04 1
38 47 1.600e+01 1
38 48 1.280e+05 2
38 52 6.084e+05 1
38 53 2.928e+03 1
38 54 1.120e+02 1
38 60 2.928e+03 2
38 65 8.004e+04 3
38 66 5.051e+05 3
38 67 2.928e+03 3
38 74 2.928e+03 4
38 80 1.200e+01 4
38 81 2.928e+03 4
38 102 1.600e+02 1
39 5 8.000e+00 1
39 7 1.600e+01 1
39 32 3.040e+03 1
39 33 2.008e+05 1
39 34 1.601e+05 1
39 35 3.843e+05 1
39 37 3.842e+05 0
39 38 8.301e+04 0
39 40 6.402e+04 2
39 42 1.310e+05 2
39 43 1.979e+05 2
39 44 1.280e+05 1
39 46 1.921e+05 1
39 47 6.400e+01 1
39 48 1.602e+04 2
39 49 6.402e+04 2
39 52 6.413e+04 1
39 53 1.310e+05 1
39 55 4.000e+01 1
39 56 6.402e+04 3
39 57 2.400e+01 3
39 65 3.205e+04 3
39 66 2.400e+01 3
39 67 6.403e+04 3
39 103 1.600e+01 1
4 0 3.843e+05 1
4 1 8.004e+04 1
4 5 4.411e+05 0
4 6 5.183e+05 0
4 7 1.339e+05 0
4 8 1.602e+04 2
4 12 5.200e+01 1
4 14 1.200e+01 1
4 20 1.600e+01 1
4 32 5.283e+05 2
4 34 1.200e+01 2
4 36 1.600e+01 1
4 68 1.600e+01 1
40 5 5.600e+01 3
40 8 6.400e+01 1
40 12 1.979e+05 2
40 13 1.921e+05 2
40 15 1.280e+05 2
40 32 3.044e+03 1
40 33 7.043e+05 1
40 35 1.280e+05 1
40 37 6.402e+04 2
40 39 6.402e+04 2
40 41 6.463e+05 0
40 42 5.764e+05 0
40 43 6.989e+04 0
40 44 2.562e+05 1
40 45 2.920e+03 1
40 56 1.600e+01 1
40 104 1.600e+01 1
41 9 1.600e+02 1
41 12 6.989e+04 2
41 13 1.398e+05 2
41 32 2.800e+01 1
41 33 6.004e+03 1
41 37 3.201e+05 2
41 40 6.464e+05 0
41 42 6.402e+04 0
41 43 3.843e+05 0
41 44 1.280e+05 1
41 45 5.794e+05 1
41 47 5.860e+03 1
41 57 1.600e+01 1
41 105 1.600e+01 1
42 10 6.400e+01 1
42 12 1.200e+01 2
42 13 6.696e+04 2
42 14 1.950e+05 2
42 15 1.921e+05 2
42 21 2.800e+01 4
42 28 6.403e+04 3
42 29 6.402e+04 3
42 32 2.800e+01 1
42 34 3.016e+03 1
42 35 4.482e+05 1
42 37 6.402e+04 2
42 38 3.204e+04 2
42 39 1.281e+05 2
42 40 5.762e+05 0
42 41 6.402e+04 0
42 43 7.133e+05 0
42 44 1.280e+05 1
42 45 6.402e+04 1
42 46 3.872e+05 1
42 47 2.956e+03 1
42 49 1.281e+05 2
42 52 1.602e+04 3
42 56 3.201e+05 1
42 57 2.920e+03 1
42 58 4.000e+01 1
42 61 1.602e+04 2
42 106 1.600e+01 1
43 11 1.120e+02 1
43 13 6.404e+04 2
43 14 5.872e+03 2
43 15 1.369e+05 2
43 33 2.944e+03 1
43 34 1.600e+01 1
43 35 6.704e+04 1
43 37 4.000e+00 2
43 39 1.921e+05 2
43 40 6.698e+04 0
43 41 3.843e+05 0
43 42 7.104e+05 0
43 44 1.200e+01 1
43 45 6.694e+04 1
43 46 6.694e+04 1
43 47 3.203e+05 1
43 56 1.280e+05 1
43 57 3.201e+05 1
43 59 4.000e+01 1
43 61 5.100e+04 2
43 107 1.600e+01 1
44 12 1.600e+01 1
44 32 5.600e+01 2
44 36 6.718e+04 1
44 37 3.201e+05 1
44 38 3.204e+04 1
44 39 1.280e+05 1
44 40 2.592e+05 1
44 41 1.280e+05 1
44 42 1.280e+05 1
44 43 2.920e+03 1
44 45 3.873e+05 0
44 46 5.763e+05 0
44 47 1.950e+05 0
44 60 1.600e+01 1
44 65 3.522e+05 4
44 66 6.404e+04 4
44 67 1.280e+05 4
44 72 1.310e+05 3
44 74 2.920e+03 3
44 108 6.400e+01 1
45 13 1.600e+01 1
45 33 1.200e+01 2
45 37 5.948e+03 1
45 40 1.200e+01 1
45 41 5.883e+05 1
45 42 6.402e+04 1
45 43 6.403e+04 1
45 44 3.902e+05 0
45 46 6.404e+04 0
45 47 5.154e+05 0
45 61 1.600e+01 1
45 72 3.201e+05 3
45 73 1.310e+05 3
45 74 1.200e+01 3
45 75 2.936e+03 3
45 109 6.400e+01 1
46 14 1.600e+01 1
46 34 5.600e+01 2
46 36 2.800e+01 1
46 38 5.115e+04 1
46 39 1.921e+05 1
46 42 3.842e+05 1
46 43 6.403e+04 1
46 44 5.763e+05 0
46 45 6.694e+04 0
46 47 3.349e+05 0
46 52 4.806e+04 2
46 53 1.921e+05 2
46 57 6.402e+04 2
46 60 3.230e+05 1
46 61 2.111e+05 1
46 62 6.400e+01 1
46 66 8.006e+04 4
46 67 1.280e+05 4
46 72 6.402e+04 3
46 74 1.281e+05 3
46 75 1.602e+04 3
46 81 6.402e+04 5
46 110 1.600e+01 1
47 15 1.600e+01 1
47 37 2.800e+01 1
47 38 1.600e+01 1
47 39 2.968e+03 1
47 41 6.000e+01 1
47 42 2.940e+03 1
47 43 3.291e+05 1
47 44 1.950e+05 0
47 45 5.211e+05 0
47 46 3.233e+05 0
47 60 2.400e+01 1
47 61 1.601e+05 1
47 63 4.000e+01 1
47 74 3.201e+05 3
47 75 1.631e+05 3
47 88 6.402e+04 4
47 111 4.000e+01 1
48 6 7.284e+04 3
48 7 6.402e+04 3
48 16 4.000e+01 1
48 20 4.803e+05 2
48 22 1.604e+04 2
48 23 6.408e+04 2
48 32 8.800e+01 1
48 34 6.462e+05 1
48 35 1.602e+04 1
48 38 1.280e+05 2
48 39 1.602e+04 2
48 49 1.763e+05 0
48 50 3.261e+05 0
48 51 1.602e+04 0
48 52 6.464e+05 1
48 53 3.497e+04 1
48 54 6.695e+04 1
48 55 6.408e+04 1
48 56 5.980e+03 1
48 57 1.600e+01 1
48 60 5.856e+03 2
48 112 1.600e+01 1
49 7 5.840e+03 3
49 14 2.920e+03 4
49 15 4.000e+00 4
49 17 8.800e+01 1
49 20 6.405e+04 2
49 21 1.921e+05 2
49 22 3.206e+04 2
49 23 3.208e+04 2
49 28 2.561e+05 3
49 29 3.200e+01 3
49 33 4.000e+01 1
49 34 2.800e+01 1
49 35 3.842e+05 1
49 39 6.402e+04 2
49 42 1.310e+05 2
49 48 1.791e+05 0
49 50 2.561e+05 0
49 51 3.871e+05 0
49 52 3.207e+04 1
49 53 3.231e+05 1
49 56 5.151e+05 1
49 57 6.999e+04 1
49 113 1.600e+01 1
5 0 6.402e+04 1
5 1 3.202e+05 1
5 3 6.408e+04 1
5 4 4.411e+05 0
5 7 3.582e+05 0
5 8 1.441e+05 2
5 9 1.441e+05 2
5 12 2.577e+05 1
5 13 2.800e+02 1
5 14 4.000e+00 1
5 20 6.408e+04 1
5 21 6.410e+04 1
5 32 2.722e+05 2
5 33 2.620e+05 2
5 34 6.696e+04 2
5 35 5.892e+03 2
5 37 1.840e+02 1
5 39 8.000e+00 1
5 40 5.856e+03 3
5 69 1.600e+01 1
50 18 1.600e+01 1
50 20 1.200e+01 2
50 22 3.682e+05 2
50 23 2.242e+05 2
50 30 1.281e+05 3
50 31 3.200e+01 3
50 34 1.600e+01 1
50 48 3.204e+05 0
50 49 2.590e+05 0
50 51 4.251e+05 0
50 52 3.205e+04 1
50 53 8.004e+04 1
50 54 6.463e+05 1
50 55 2.186e+04 1
50 56 1.280e+05 1
50 58 1.340e+05 1
50 114 1.600e+01 1
51 19 1.600e+01 1
51 22 2.400e+01 2
51 23 6.414e+04 2
51 28 1.280e+05 3
51 29 8.000e+00 3
51 30 2.561e+05 3
51 35 1.600e+01 1
51 48 1.602e+04 0
51 49 3.842e+05 0
51 50 4.193e+05 0
51 53 1.921e+05 1
51 55 1.602e+05 1
51 56 2.008e+05 1
51 57 1.310e+05 1
51 58 5.180e+05 1
51 59 6.431e+04 1
51 62 6.694e+04 2
51 115 1.600e+01 1
52 20 6.410e+04 1
52 22 6.408e+04 1
52 34 1.901e+04 2
52 35 2.770e+04 2
52 36 3.296e+03 1
52 38 6.171e+05 1
52 39 7.286e+04 1
52 42 1.602e+04 3
52 46 4.806e+04 2
52 48 6.465e+05 1
52 49 3.789e+04 1
52 50 3.205e+04 1
52 53 1.211e+05 0
52 54 5.343e+05 0
52 55 7.285e+04 0
52 60 4.814e+04 1
52 61 2.189e+04 1
52 66 9.613e+04 4
52 80 5.881e+05 3
52 81 2.188e+04 3
52 116 1.600e+02 1
53 21 1.600e+01 1
53 34 2.800e+01 2
53 37 1.120e+02 1
53 38 2.800e+01 1
53 39 1.281e+05 1
53 46 1.979e+05 2
53 48 3.207e+04 1
53 49 3.202e+05 1
53 50 8.004e+04 1
53 51 1.921e+05 1
53 52 1.151e+05 0
53 54 6.402e+04 0
53 55 3.362e+05 0
53 56 2.920e+03 2
53 57 1.339e+05 2
53 58 6.402e+04 2
53 59 1.281e+05 2
53 60 5.180e+05 1
53 61 6.416e+04 1
53 62 6.694e+04 1
53 66 1.602e+04 4
53 67 6.402e+04 4
53 80 8.008e+04 3
53 81 6.403e+04 3
53 117 1.600e+01 1
54 22 1.921e+05 1
54 38 1.600e+01 1
54 48 6.405e+04 1
54 50 6.406e+05 1
54 52 5.285e+05 0
54 53 6.402e+04 0
54 55 5.025e+05 0
54 58 1.310e+05 2
54 60 8.296e+04 1
54 62 3.214e+04 1
54 82 5.180e+05 3
54 118 6.400e+01 1
55 23 6.410e+04 1
55 39 1.600e+01 1
55 48 6.408e+04 1
55 50 1.604e+04 1
55 51 1.603e+05 1
55 52 6.414e+04 0
55 53 3.362e+05 0
55 54 5.052e+05 0
55 58 5.856e+03 2
55 59 6.404e+04 2
55 60 2.227e+05 1
55 61 6.402e+04 1
55 62 3.639e+05 1
55 63 3.040e+02 1
55 80 1.470e+05 3
55 81 1.602e+04 3
55 82 2.140e+05 3
55 83 8.884e+04 3
55 119 1.600e+02 1
56 15 2.932e+03 3
56 24 1.600e+01 1
56 28 1.921e+05 2
56 29 2.591e+05 2
56 34 2.800e+01 2
56 35 6.403e+04 2
56 39 6.402e+04 3
56 40 4.000e+01 1
56 42 3.230e+05 1
56 43 1.280e+05 1
56 48 3.016e+03 1
56 49 5.122e+05 1
56 50 1.280e+05 1
56 51 1.921e+05 1
56 53 1.200e+01 2
56 57 6.551e+05 0
56 58 2.561e+05 0
56 59 2.920e+03 0
56 60 2.562e+05 1
56 61 8.011e+04 1
56 120 1.600e+01 1
57 15 6.990e+04 3
57 25 1.600e+01 1
57 29 2.620e+05 2
57 35 2.928e+03 2
57 39 2.928e+03 3
57 41 6.400e+01 1
57 42 1.200e+01 1
57 43 3.201e+05 1
57 46 6.402e+04 2
57 48 1.600e+01 1
57 49 6.997e+04 1
57 51 1.281e+05 1
57 53 1.281e+05 2
57 56 6.494e+05 0
57 58 1.921e+05 0
57 59 3.842e+05 0
57 60 1.200e+01 1
57 61 3.262e+05 1
57 121 1.600e+01 1
58 26 1.600e+01 1
58 29 4.000e+00 2
58 30 1.921e+05 2
58 31 2.562e+05 2
58 42 1.600e+01 1
58 50 1.310e+05 1
58 51 5.122e+05 1
58 53 6.402e+04 2
58 54 1.281e+05 2
58 55 5.600e+01 2
58 56 2.562e+05 0
58 57 1.979e+05 0
58 59 5.911e+05 0
58 60 1.280e+05 1
58 61 1.602e+04 1
58 62 3.842e+05 1
58 122 1.600e+01 1
59 27 1.600e+01 1
59 29 6.696e+04 2
59 31 1.921e+05 2
59 43 1.600e+01 1
59 51 7.001e+04 1
59 53 1.310e+05 2
59 55 6.695e+04 2
59 56 1.200e+01 0
59 57 3.843e+05 0
59 58 5.853e+05 0
59 60 6.402e+04 1
59 61 9.901e+04 1
59 62 1.950e+05 1
59 63 3.262e+05 1
59 123 1.600e+01 1
6 0 4.000e+00 1
6 2 7.742e+05 1
6 4 5.153e+05 0
6 7 5.153e+05 0
6 12 1.602e+04 1
6 14 1.605e+04 1
6 16 6.402e+04 2
6 20 5.313e+05 1
6 21 2.920e+03 1
6 22 6.400e+01 1
6 32 1.894e+04 2
6 34 4.541e+05 2
6 38 1.440e+02 1
6 48 6.991e+04 3
6 70 1.600e+01 1
60 28 1.600e+01 1
60 34 2.800e+01 3
60 38 2.800e+01 2
60 44 8.800e+01 1
60 46 3.201e+05 1
60 47 5.840e+03 1
60 48 5.600e+01 2
60 52 5.107e+04 1
60 53 5.122e+05 1
60 54 8.006e+04 1
60 55 2.082e+05 1
60 56 2.561e+05 1
60 57 2.920e+03 1
60 58 1.280e+05 1
60 59 6.402e+04 1
60 61 5.722e+05 0
60 62 4.482e+05 0
60 63 1.980e+05 0
60 75 1.602e+04 4
60 81 2.619e+05 4
60 83 6.402e+04 4
60 88 6.403e+04 3
60 124 6.400e+01 1
61 15 4.000e+00 2
61 29 2.000e+01 1
61 42 1.602e+04 2
61 43 5.100e+04 2
61 45 8.800e+01 1
61 46 2.140e+05 1
61 47 1.601e+05 1
61 52 1.609e+04 1
61 53 6.699e+04 1
61 55 6.402e+04 1
61 56 8.011e+04 1
61 57 3.262e+05 1
61 58 1.602e+04 1
61 59 9.900e+04 1
61 60 5.635e+05 0
61 62 8.005e+04 0
61 63 2.082e+05 0
61 67 6.402e+04 5
61 75 6.402e+04 4
61 81 1.921e+05 4
61 88 3.260e+05 3
61 89 1.631e+05 3
61 90 4.000e+00 3
61 125 8.800e+01 1
62 30 1.600e+01 1
62 46 1.600e+01 1
62 51 6.404e+04 2
62 53 6.404e+04 1
62 54 3.505e+04 1
62 55 3.522e+05 1
62 58 3.842e+05 1
62 59 1.951e+05 1
62 60 4.483e+05 0
62 61 8.005e+04 0
62 63 6.522e+05 0
62 82 1.200e+01 4
62 83 3.230e+05 4
62 90 1.310e+05 3
62 126 6.400e+01 1
63 31 1.600e+01 1
63 47 1.600e+01 1
63 55 2.968e+03 1
63 59 3.233e+05 1
63 60 1.980e+05 0
63 61 2.084e+05 0
63 62 6.494e+05 0
63 81 8.000e+00 4
63 83 2.000e+01 4
63 89 2.110e+05 3
63 90 3.929e+05 3
63 91 6.409e+04 3
63 127 1.120e+02 1
64 0 1.600e+01 1
64 36 5.852e+05 3
64 37 6.402e+04 3
64 65 4.384e+05 0
64 66 5.314e+05 0
64 67 2.928e+03 0
64 68 5.882e+05 1
64 69 3.497e+04 1
64 70 1.895e+04 1
64 71 2.928e+03 1
64 72 5.980e+03 1
64 74 2.928e+03 1
64 76 2.928e+03 2
64 80 1.600e+01 1
64 96 1.600e+01 1
65 1 1.840e+02 1
65 36 5.924e+03 3
65 37 1.238e+05 3
65 38 8.004e+04 3
65 39 3.205e+04 3
65 44 3.580e+05 4
65 64 4.382e+05 0
65 66 2.882e+05 0
65 67 2.591e+05 0
65 68 1.602e+05 1
65 69 5.122e+05 1
65 72 4.511e+05 1
65 73 1.341e+05 1
65 74 2.920e+03 1
65 75 4.000e+00 1
65 81 1.600e+01 1
65 97 1.600e+01 1
66 2 2.080e+02 1
66 36 2.191e+04 3
66 37 2.920e+03 3
66 38 4.993e+05 3
66 39 5.840e+03 3
66 44 6.694e+04 4
66 46 8.297e+04 4
66 52 9.613e+04 4
66 53 1.602e+04 4
66 64 5.313e+05 0
66 65 2.882e+05 0
66 67 3.452e+05 0
66 68 1.602e+04 1
66 69 1.602e+04 1
66 70 6.624e+05 1
66 71 5.099e+04 1
66 72 6.694e+04 1
66 74 7.000e+04 1
66 75 1.600e+01 1
66 78 2.928e+03 2
66 80 5.851e+05 1
66 81 2.920e+03 1
66 82 1.840e+02 1
66 84 2.928e+03 2
66 88 5.856e+03 2
66 98 1.600e+01 1
67 3 1.600e+01 1
67 38 2.800e+01 3
67 39 6.403e+04 3
67 44 1.280e+05 4
67 46 1.280e+05 4
67 53 6.402e+04 4
67 61 6.402e+04 5
67 64 2.800e+01 0
67 65 2.561e+05 0
67 66 3.392e+05 0
67 68 1.605e+04 1
67 69 6.402e+04 1
67 70 3.206e+04 1
67 71 4.482e+05 1
67 72 2.920e+03 1
67 74 4.511e+05 1
67 75 5.976e+03 1
67 80 8.004e+04 1
67 81 3.260e+05 1
67 83 6.400e+01 1
67 84 6.402e+04 2
67 88 1.280e+05 2
67 89 2.932e+03 2
67 99 1.600e+01 1
68 4 1.600e+01 1
68 64 5.826e+05 1
68 65 1.718e+05 1
68 66 1.602e+04 1
68 67 2.186e+04 1
68 69 2.580e+05 0
68 70 7.556e+05 0
68 71 2.187e+04 0
68 72 3.788e+04 2
68 76 7.604e+04 1
68 78 2.928e+03 1
68 84 1.600e+01 1
68 96 5.123e+05 2
68 100 1.600e+01 1
69 5 1.600e+01 1
69 64 3.207e+04 1
69 65 5.122e+05 1
69 66 1.602e+04 1
69 67 6.402e+04 1
69 68 2.433e+05 0
69 70 6.408e+04 0
69 71 3.421e+05 0
69 72 3.201e+05 2
69 73 1.950e+05 2
69 74 1.280e+05 2
69 75 6.696e+04 2
69 76 4.118e+05 1
69 77 3.192e+03 1
69 78 8.760e+03 1
69 85 1.600e+01 1
69 96 1.281e+05 2
69 97 6.403e+04 2
69 101 1.600e+01 1
7 0 4.000e+00 1
7 1 1.921e+05 1
7 3 2.561e+05 1
7 4 1.339e+05 0
7 5 3.582e+05 0
7 6 5.182e+05 0
7 11 6.402e+04 2
7 12 1.280e+05 1
7 14 2.590e+05 1
7 15 8.800e+01 1
7 20 1.441e+05 1
7 21 1.281e+05 1
7 23 4.000e+01 1
7 25 6.402e+04 3
7 28 2.920e+03 2
7 32 1.894e+04 2
7 34 1.280e+05 2
7 35 1.281e+05 2
7 39 4.000e+01 1
7 48 6.402e+04 3
7 49 2.400e+01 3
7 71 1.600e+01 1
70 6 1.600e+01 1
70 64 1.605e+04 1
70 66 6.625e+05 1
70 67 3.497e+04 1
70 68 7.555e+05 0
70 69 6.408e+04 0
70 71 1.050e+05 0
70 74 2.186e+04 2
70 76 3.204e+04 1
70 78 8.315e+04 1
70 79 1.600e+01 1
70 80 5.840e+03 2
70 81 5.840e+03 2
70 84 7.293e+05 1
70 85 2.771e+04 1
70 86 3.280e+02 1
70 92 2.928e+03 2
70 96 2.479e+04 2
70 97 2.928e+03 2
70 98 6.011e+05 2
70 99 2.928e+03 2
70 102 2.080e+02 1
71 7 1.600e+01 1
71 64 2.800e+01 1
71 66 4.809e+04 1
71 67 4.482e+05 1
71 68 1.606e+04 0
71 69 3.391e+05 0
71 70 9.909e+04 0
71 73 2.920e+03 2
71 75 1.310e+05 2
71 76 2.561e+05 1
71 78 3.289e+05 1
71 79 1.120e+02 1
71 80 1.602e+04 2
71 84 6.402e+04 1
71 85 3.201e+05 1
71 87 1.600e+01 1
71 88 6.402e+04 3
71 89 6.695e+04 3
71 96 6.402e+04 2
71 99 6.403e+04 2
71 103 1.600e+01 1
72 8 4.000e+01 1
72 36 5.600e+01 4
72 44 1.281e+05 3
72 45 3.260e+05 3
72 46 6.402e+04 3
72 64 3.016e+03 1
72 65 4.482e+05 1
72 66 6.404e+04 1
72 67 1.200e+01 1
72 68 3.207e+04 2
72 69 3.201e+05 2
72 73 5.212e+05 0
72 74 6.433e+05 0
72 75 1.310e+05 0
72 76 3.842e+05 1
72 77 4.000e+01 1
72 78 2.920e+03 1
72 79 4.000e+00 1
72 88 1.600e+01 1
72 104 1.600e+01 1
73 9 1.600e+01 1
73 45 1.310e+05 3
73 65 1.370e+05 1
73 69 1.950e+05 2
73 71 1.200e+01 2
73 72 5.183e+05 0
73 74 1.310e+05 0
73 75 4.483e+05 0
73 76 4.000e+00 1
73 77 3.232e+05 1
73 78 6.404e+04 1
73 79 6.696e+04 1
73 89 1.600e+01 1
73 105 1.600e+01 1
74 10 1.600e+01 1
74 38 2.800e+01 4
74 44 1.200e+01 3
74 45 2.932e+03 3
74 46 1.281e+05 3
74 47 3.201e+05 3
74 64 2.800e+01 1
74 65 1.200e+01 1
74 66 6.702e+04 1
74 67 4.482e+05 1
74 69 1.280e+05 2
74 70 1.604e+04 2
74 72 6.403e+05 0
74 73 1.339e+05 0
74 75 5.911e+05 0
74 76 1.281e+05 1
74 77 6.402e+04 1
74 78 2.561e+05 1
74 79 2.932e+03 1
74 81 6.402e+04 2
74 88 3.201e+05 1
74 90 1.600e+01 1
74 106 1.600e+01 1
75 11 4.000e+01 1
75 45 2.948e+03 3
75 46 1.602e+04 3
75 47 1.631e+05 3
75 60 1.602e+04 4
75 61 6.402e+04 4
75 65 4.000e+00 1
75 66 1.600e+01 1
75 67 5.992e+03 1
75 69 6.404e+04 2
75 71 1.339e+05 2
75 72 1.281e+05 0
75 73 4.512e+05 0
75 74 5.823e+05 0
75 76 1.200e+01 1
75 77 2.561e+05 1
75 78 9.606e+04 1
75 79 3.391e+05 1
75 81 1.602e+04 2
75 88 9.901e+04 1
75 89 2.561e+05 1
75 91 4.000e+01 1
75 107 1.600e+01 1
76 12 1.600e+01 1
76 64 2.800e+01 2
76 68 6.716e+04 1
76 69 4.002e+05 1
76 70 3.204e+04 1
76 71 2.561e+05 1
76 72 3.843e+05 1
76 73 4.000e+00 1
76 74 1.310e+05 1
76 75 2.920e+03 1
76 77 4.542e+05 0
76 78 7.684e+05 0
76 79 1.368e+05 0
76 92 1.600e+01 1
76 96 1.280e+05 3
76 97 3.230e+05 3
76 99 6.402e+04 3
76 104 6.403e+04 2
76 108 4.000e+01 1
77 13 1.600e+01 1
77 69 2.988e+03 1
77 72 2.936e+03 1
77 73 3.233e+05 1
77 74 6.402e+04 1
77 75 2.590e+05 1
77 76 4.543e+05 0
77 78 1.281e+05 0
77 79 3.873e+05 0
77 93 1.600e+01 1
77 104 3.201e+05 2
77 105 1.950e+05 2
77 109 4.000e+01 1
78 14 1.600e+01 1
78 66 2.800e+01 2
78 68 2.800e+01 1
78 69 3.600e+01 1
78 70 8.309e+04 1
78 71 3.202e+05 1
78 72 1.200e+01 1
78 73 6.696e+04 1
78 74 2.562e+05 1
78 75 9.606e+04 1
78 76 7.712e+05 0
78 77 1.281e+05 0
78 79 5.620e+05 0
78 85 6.402e+04 2
78 88 6.402e+04 2
78 89 6.403e+04 2
78 92 3.841e+05 1
78 93 6.402e+04 1
78 94 1.600e+01 1
78 97 2.590e+05 3
78 99 1.280e+05 3
78 106 6.403e+04 2
78 110 4.000e+01 1
79 15 1.600e+01 1
79 70 1.600e+01 1
79 71 1.600e+01 1
79 72 4.000e+00 1
79 73 6.697e+04 1
79 74 1.200e+01 1
79 75 3.363e+05 1
79 76 1.310e+05 0
79 77 3.872e+05 0
79 78 5.534e+05 0
79 89 6.695e+04 2
79 92 1.602e+04 1
79 93 2.620e+05 1
79 95 8.800e+01 1
79 97 1.602e+04 3
79 99 1.603e+04 3
79 104 6.402e+04 2
79 105 1.470e+05 2
79 106 2.401e+05 2
79 107 8.009e+04 2
79 111 4.000e+01 1
8 0 6.717e+04 1
8 1 5.778e+05 1
8 3 4.821e+04 1
8 4 1.602e+04 2
8 5 1.441e+05 2
8 9 5.371e+05 0
8 10 5.503e+05 0
8 11 1.339e+05 0
8 12 3.872e+05 1
8 13 2.976e+03 1
8 14 6.402e+04 1
8 24 1.600e+01 1
8 40 4.000e+01 1
8 72 1.600e+01 1
80 16 1.360e+02 1
80 38 2.920e+03 4
80 52 5.794e+05 3
80 53 8.881e+04 3
80 55 1.441e+05 3
80 64 1.600e+01 1
80 66 5.764e+05 1
80 67 8.004e+04 1
80 70 2.400e+01 2
80 71 1.602e+04 2
80 81 3.743e+05 0
80 82 7.294e+05 0
80 83 7.278e+04 0
80 84 5.823e+05 1
80 85 5.392e+04 1
80 88 5.980e+03 1
80 89 1.600e+01 1
80 92 5.856e+03 2
80 112 1.600e+01 1
81 17 1.600e+01 1
81 38 2.800e+01 4
81 46 6.402e+04 5
81 52 1.608e+04 3
81 53 6.403e+04 3
81 55 1.602e+04 3
81 60 2.561e+05 4
81 61 1.950e+05 4
81 63 1.600e+01 4
81 65 4.000e+01 1
81 66 1.200e+01 1
81 67 3.231e+05 1
81 70 2.400e+01 2
81 74 6.402e+04 2
81 75 1.602e+04 2
81 80 3.712e+05 0
81 82 6.402e+04 0
81 83 3.871e+05 0
81 84 3.205e+04 1
81 85 3.842e+05 1
81 87 2.920e+03 1
81 88 5.820e+05 1
81 89 1.021e+05 1
81 90 6.694e+04 1
81 113 1.600e+01 1
82 18 8.800e+01 1
82 54 5.151e+05 3
82 55 2.111e+05 3
82 62 2.920e+03 4
82 66 1.600e+01 1
82 80 7.207e+05 0
82 81 6.402e+04 0
82 83 3.902e+05 0
82 84 2.400e+01 1
82 86 6.652e+05 1
82 87 6.702e+04 1
82 88 6.695e+04 1
82 90 6.068e+03 1
82 92 2.928e+03 2
82 94 2.928e+03 2
82 114 1.600e+01 1
83 19 4.000e+01 1
83 55 8.014e+04 3
83 60 6.402e+04 4
83 62 3.230e+05 4
83 63 2.800e+01 4
83 67 1.600e+01 1
83 80 6.406e+04 0
83 81 3.842e+05 0
83 82 3.873e+05 0
83 86 1.602e+04 1
83 87 3.842e+05 1
83 88 6.402e+04 1
83 89 6.694e+04 1
83 90 5.908e+05 1
83 91 6.426e+04 1
83 115 1.600e+01 1
84 20 1.600e+01 1
84 66 2.800e+01 2
84 67 6.402e+04 2
84 68 1.600e+01 1
84 70 7.206e+05 1
84 71 6.402e+04 1
84 80 5.766e+05 1
84 81 3.205e+04 1
84 82 5.840e+03 1
84 85 2.812e+05 0
84 86 7.133e+05 0
84 87 2.479e+04 0
84 88 6.694e+04 2
84 92 8.313e+04 1
84 93 2.944e+03 1
84 98 1.895e+04 3
84 112 5.952e+05 2
84 113 2.188e+04 2
84 116 1.120e+02 1
85 21 1.600e+01 1
85 69 4.000e+01 1
85 70 1.609e+04 1
85 71 3.230e+05 1
85 78 6.402e+04 2
85 80 4.812e+04 1
85 81 3.842e+05 1
85 84 2.752e+05 0
85 86 6.402e+04 0
85 87 3.202e+05 0
85 88 5.840e+03 2
85 89 1.310e+05 2
85 90 6.402e+04 2
85 92 6.461e+05 1
85 93 7.000e+04 1
85 94 6.402e+04 1
85 98 1.280e+05 3
85 113 6.403e+04 2
85 117 1.600e+01 1
86 22 1.600e+01 1
86 70 1.600e+01 1
86 82 6.566e+05 1
86 83 1.602e+04 1
86 84 7.046e+05 0
86 85 6.402e+04 0
86 87 2.521e+05 0
86 92 6.694e+04 1
86 93 2.928e+03 1
86 94 8.316e+04 1
86 112 1.895e+04 2
86 114 4.992e+05 2
86 115 2.188e+04 2
86 118 6.413e+04 1
86 119 6.402e+04 1
87 23 1.600e+01 1
87 71 1.600e+01 1
87 81 1.200e+01 1
87 82 6.412e+04 1
87 83 3.843e+05 1
87 84 1.608e+04 0
87 85 3.201e+05 0
87 86 2.432e+05 0
87 89 4.000e+00 2
87 91 2.562e+05 2
87 92 5.840e+03 1
87 93 1.310e+05 1
87 94 4.569e+05 1
87 95 1.600e+02 1
87 112 1.280e+05 2
87 114 6.402e+04 2
87 115 6.403e+04 2
87 119 1.600e+01 1
88 24 1.600e+01 1
88 47 6.402e+04 4
88 60 6.403e+04 3
88 61 3.260e+05 3
88 66 5.600e+01 2
88 67 1.280e+05 2
88 71 6.402e+04 3
88 72 4.000e+01 1
88 74 3.201e+05 1
88 75 9.901e+04 1
88 78 6.402e+04 2
88 80 3.016e+03 1
88 81 5.762e+05 1
88 82 6.405e+04 1
88 83 6.402e+04 1
88 84 6.404e+04 2
88 85 2.400e+01 2
88 89 5.591e+05 0
88 90 3.202e+05 0
88 91 5.844e+03 0
88 92 3.843e+05 1
88 120 1.600e+01 1
89 25 4.000e+01 1
89 61 1.631e+05 3
89 63 2.140e+05 3
89 67 1.200e+01 2
89 71 6.403e+04 3
89 73 4.000e+01 1
89 75 2.561e+05 1
89 78 6.694e+04 2
89 79 6.404e+04 2
89 80 1.600e+01 1
89 81 1.021e+05 1
89 83 6.404e+04 1
89 85 1.339e+05 2
89 87 4.000e+00 2
89 88 5.504e+05 0
89 90 3.230e+05 0
89 91 3.552e+05 0
89 92 9.608e+04 1
89 93 4.643e+05 1
89 95 1.602e+04 1
89 121 1.600e+01 1
9 1 6.406e+04 1
9 3 2.800e+01 1
9 5 1.441e+05 2
9 8 5.374e+05 0
9 10 1.921e+05 0
9 11 4.484e+05 0
9 12 2.590e+05 1
9 13 3.904e+05 1
9 25 1.600e+01 1
9 41 1.600e+01 1
9 73 1.600e+01 1
90 26 1.600e+01 1
90 61 4.000e+00 3
90 62 1.281e+05 3
90 63 3.930e+05 3
90 74 1.600e+01 1
90 81 6.404e+04 1
90 82 3.000e+03 1
90 83 5.763e+05 1
90 85 6.402e+04 2
90 88 3.202e+05 0
90 89 3.230e+05 0
90 91 6.581e+05 0
90 94 2.562e+05 1
90 122 1.600e+01 1
91 27 1.600e+01 1
91 63 6.993e+04 3
91 75 1.600e+01 1
91 83 7.001e+04 1
91 87 2.620e+05 2
91 88 2.800e+01 0
91 89 3.523e+05 0
91 90 6.465e+05 0
91 92 1.600e+01 1
91 93 1.200e+01 1
91 94 2.400e+01 1
91 95 4.541e+05 1
91 123 1.600e+01 1
92 28 1.600e+01 1
92 70 2.800e+01 2
92 76 1.600e+01 1
92 78 3.841e+05 1
92 79 1.602e+04 1
92 80 5.600e+01 2
92 82 2.800e+01 2
92 84 8.318e+04 1
92 85 6.461e+05 1
92 86 6.404e+04 1
92 87 2.400e+01 1
92 88 3.842e+05 1
92 89 9.899e+04 1
92 91 2.924e+03 1
92 93 6.712e+05 0
92 94 3.231e+05 0
92 99 1.921e+05 4
92 113 2.561e+05 3
92 120 1.280e+05 2
92 124 1.600e+01 1
93 29 1.600e+01 1
93 77 4.000e+01 1
93 78 6.402e+04 1
93 79 2.591e+05 1
93 84 4.400e+01 1
93 85 6.406e+04 1
93 86 2.800e+01 1
93 87 1.281e+05 1
93 89 4.643e+05 1
93 91 2.932e+03 1
93 92 6.683e+05 0
93 94 3.420e+05 0
93 95 2.082e+05 0
93 99 4.000e+00 4
93 106 6.402e+04 3
93 113 9.900e+04 3
93 115 6.402e+04 3
93 120 3.741e+05 2
93 121 9.611e+04 2
93 122 1.602e+04 2
93 125 8.800e+01 1
94 30 1.600e+01 1
94 78 1.600e+01 1
94 82 2.800e+01 2
94 85 6.402e+04 1
94 86 8.312e+04 1
94 87 4.482e+05 1
94 90 2.561e+05 1
94 91 2.944e+03 1
94 92 3.203e+05 0
94 93 3.391e+05 0
94 95 5.852e+05 0
94 113 6.402e+04 3
94 114 1.281e+05 3
94 115 1.921e+05 3
94 120 1.950e+05 2
94 122 1.281e+05 2
94 126 4.000e+01 1
95 31 1.600e+01 1
95 79 1.600e+01 1
95 87 1.600e+01 1
95 89 1.602e+04 1
95 91 4.542e+05 1
95 93 2.083e+05 0
95 94 5.824e+05 0
95 114 5.856e+03 3
95 115 8.000e+00 3
95 120 6.404e+04 2
95 122 2.620e+05 2
95 123 1.281e+05 2
95 127 1.120e+02 1
96 32 1.600e+01 1
96 64 1.600e+01 1
96 68 5.123e+05 2
96 69 1.281e+05 2
96 70 1.608e+04 2
96 71 6.402e+04 2
96 76 1.280e+05 3
96 97 5.621e+05 0
96 98 6.434e+05 0
96 100 6.712e+05 1
96 101 5.392e+04 1
96 104 2.800e+01 1
96 112 1.600e+01 1
97 33 1.600e+01 1
97 65 1.600e+01 1
97 69 6.403e+04 2
97 70 2.800e+01 2
97 76 3.201e+05 3
97 78 2.561e+05 3
97 79 1.602e+04 3
97 96 5.474e+05 0
97 98 9.610e+04 0
97 99 4.570e+05 0
97 100 1.280e+05 1
97 101 5.953e+05 1
97 103 6.402e+04 1
97 104 4.628e+05 1
97 105 6.426e+04 1
97 106 6.402e+04 1
97 107 2.400e+01 1
97 113 1.600e+01 1
98 34 1.600e+01 1
98 66 1.600e+01 1
98 70 5.924e+05 2
98 84 1.605e+04 3
98 85 1.280e+05 3
98 96 6.405e+05 0
98 97 9.900e+04 0
98 99 3.801e+05 0
98 100 1.895e+04 1
98 101 1.602e+04 1
98 102 6.594e+05 1
98 103 5.392e+04 1
98 106 2.800e+01 1
98 112 6.432e+05 1
98 113 6.402e+04 1
98 114 4.000e+01 1
99 35 1.600e+01 1
99 67 1.600e+01 1
99 70 2.800e+01 2
99 71 6.403e+04 2
99 76 6.402e+04 3
99 78 1.280e+05 3
99 79 1.603e+04 3
99 92 1.921e+05 4
99 93 4.000e+00 4
99 97 4.482e+05 0
99 98 3.712e+05 0
99 101 6.402e+04 1
99 102 6.402e+04 1
99 103 3.842e+05 1
99 106 4.598e+05 1
99 107 1.760e+02 1
99 112 1.150e+05 1
99 113 3.841e+05 1
99 115 6.400e+01 1
99 120 1.310e+05 2
99 121 4.000e+01 2
