1281 1285 8520828
1281 1283 12708628
1281 1282 5.4488e+06
1281 1321 16
1281 1305 16
1281 1289 28
1281 1286 1.44426e+06
1281 1287 164220
1281 1284 12
1281 1288 12
1282 1286 8.44839e+06
1282 1284 7057256
1282 1281 5.61295e+06
1282 1289 8.6655e+06
1282 1322 16
1282 1306 16
1282 1290 1352848
1282 1283 3.49236e+06
1282 1288 1.0241e+06
1282 1287 256028
1282 1291 328416
1282 1285 1.02402e+06
1282 1301 12
1291 1303 8356484
1291 1289 7660868
1291 1313 3.2363e+06
1291 1284 7332376
1291 1300 1.15929e+07
1291 1331 16
1291 1315 64
1291 1283 164264
1291 1304 164232
1291 1288 1.53615e+06
1291 1301 1.02402e+06
1291 1286 1.02402e+06
1291 1287 256020
1291 1302 1.02402e+06
1291 1290 3.0721e+06
1291 1306 3.07208e+06
1291 1282 56
1291 1314 164200
1300 1304 8356608
1300 1290 6.63694e+06
1300 1314 2.04814e+06
1300 1291 11757256
1300 1332 16
1300 1316 40
1300 1284 1.35258e+06
1300 1288 2376456
1300 1302 2.04804e+06
1300 1303 1.02402e+06
1300 1313 4.26032e+06
1300 1289 1.02404e+06
1301 1289 5.12014e+06
1301 1329 1.02403e+06
1301 1303 6308436
1301 1286 7.24076e+06
1301 1302 9.38062e+06
1301 1333 40
1301 1317 16
1301 1285 676352
1301 1304 1.18825e+06
1301 1291 1.02402e+06
1301 1322 7680232
1301 1324 1.02402e+06
1301 1287 256020
1301 1330 164200
1301 1288 2.30407e+06
1301 1290 1.02402e+06
1301 1282 164200
1302 1290 8.52078e+06
1302 1330 4096156
1302 1304 7.49681e+06
1302 1301 9709204
1302 1334 40
1302 1318 16
1302 1286 328508
1302 1300 2.04804e+06
1302 1329 5.12011e+06
1302 1303 1.02402e+06
1302 1291 1.02402e+06
1302 1289 20
1302 1332 1.18823e+06
1302 1322 1.02402e+06
1303 1291 8356436
1303 1331 1.02403e+06
1303 1301 6308388
1303 1317 4.2603e+06
1303 1288 5120264
1303 1304 10733048
1303 1335 16
1303 1319 64
1303 1287 676328
1303 1300 1.02402e+06
1303 1324 2.04805e+06
1303 1302 1.02402e+06
1303 1310 4096100
1303 1314 2212240
1303 1286 164256
1303 1289 2.04805e+06
1303 1322 2.04805e+06
1303 1323 1.02404e+06
1303 1313 1.02402e+06
1303 1284 164200
1304 1300 8520860
1304 1332 2.0481e+06
1304 1302 7.49675e+06
1304 1318 4.68065e+06
1304 1303 1.08974e+07
1304 1336 16
1304 1320 64
1304 1288 60
1304 1291 164228
1304 1301 1.18825e+06
1304 1331 3072060
1304 1314 3.07208e+06
1304 1317 1.02404e+06
1304 1313 4
1304 1324 1.02405e+06
1304 1330 1.02402e+06
1305 1309 12616972
1305 1283 10037448
1305 1307 11153392
1305 1306 5632448
1305 1337 16
1305 1281 40
1305 1313 328564
1305 1310 420228
1305 1288 1.02408e+06
1305 1308 584440
1305 1317 164208
1305 1315 164208
1305 1311 492636
1305 1284 1.02402e+06
1305 1287 1.02402e+06
1306 1310 7.1682e+06
1306 1284 4424496
1306 1308 6.1442e+06
1306 1305 5796468
1306 1313 8356384
1306 1338 16
1306 1282 136
1306 1314 1.18846e+06
1306 1288 2.56015e+06
1306 1291 3.23627e+06
1306 1315 1.18822e+06
1306 1283 328488
1306 1318 4
1306 1287 1.02402e+06
1306 1307 768120
1306 1309 12
1307 1311 11921468
1307 1305 1.09895e+07
1307 1308 5.42954e+06
1307 1339 16
1307 1283 20
1307 1315 328540
1307 1312 1.26068e+06
1307 1310 1536132
1307 1319 164208
1307 1317 164208
1307 1309 1280048
1307 1306 1.42487e+06
1308 1312 6.65625e+06
1308 1306 6308432
1308 1307 4.77266e+06
1308 1315 8520588
1308 1340 16
1308 1284 16
1308 1316 1188440
1308 1310 4.0961e+06
1308 1305 256080
1308 1314 16
1308 1318 164204
1308 1311 2.04805e+06
1308 1313 1.02402e+06
1283 1287 11848988
1283 1281 12872836
1283 1305 10037392
1283 1284 6.98472e+06
1283 1323 16
1283 1307 212
1283 1291 52
1283 1288 1.86454e+06
1283 1282 3.49237e+06
1283 1285 256024
1283 1306 492652
1283 1286 1.02402e+06
1283 1309 16
1309 1305 1.24527e+07
1309 1337 8520720
1309 1287 8520700
1309 1311 10752512
1309 1310 3.72915e+06
1309 1341 112
1309 1285 64
1309 1317 1.35257e+06
1309 1288 1.28011e+06
1309 1318 16
1309 1338 328416
1309 1312 164208
1309 1307 1280048
1309 1323 2560096
1309 1283 16
1309 1306 164200
1310 1306 7.1682e+06
1310 1338 1.02403e+06
1310 1288 2304192
1310 1312 6892888
1310 1309 3.2365e+06
1310 1317 7332356
1310 1342 16
1310 1286 64
1310 1318 1.35258e+06
1310 1314 4.0961e+06
1310 1303 4260288
1310 1315 1.02402e+06
1310 1305 256048
1310 1308 4.26029e+06
1310 1307 1536132
1310 1316 1.02404e+06
1310 1319 164200
1310 1324 1.02402e+06
1310 1337 2.56016e+06
1310 1311 2212308
1310 1313 2212248
1310 1284 164200
1311 1307 1.14288e+07
1311 1339 1.00567e+07
1311 1309 10752464
1311 1312 4.33298e+06
1311 1343 112
1311 1287 16
1311 1319 1188396
1311 1315 256020
1311 1317 1.28004e+06
1311 1340 584440
1311 1305 164284
1311 1318 164208
1311 1308 2.04805e+06
1311 1310 2048120
1311 1313 164200
1312 1308 6.65625e+06
1312 1340 1.02403e+06
1312 1310 6.56449e+06
1312 1311 4.00448e+06
1312 1319 8848992
1312 1344 16
1312 1288 16
1312 1320 248
1312 1316 3.07213e+06
1312 1315 1.18823e+06
1312 1307 768132
1312 1309 28
1312 1318 1.02403e+06
1312 1337 1.02402e+06
1312 1339 2.04805e+06
1312 1317 2376448
1313 1317 4.09618e+06
1313 1291 3400484
1313 1315 5.2844e+06
1313 1306 8192196
1313 1314 14133648
1313 1345 16
1313 1289 64
1313 1305 164296
1313 1300 4.09615e+06
1313 1284 1.02404e+06
1313 1288 28
1313 1304 4
1313 1303 1.02402e+06
1313 1308 1.02402e+06
1313 1310 2.04806e+06
1313 1311 12
1314 1318 9.28882e+06
1314 1300 2376536
1314 1316 7496776
1314 1313 1.38052e+07
1314 1346 16
1314 1290 64
1314 1306 1.5168e+06
1314 1310 4260288
1314 1303 2.04805e+06
1314 1304 3.23628e+06
1314 1308 8
1314 1315 28
1314 1291 12
1315 1319 4096160
1315 1313 5.28449e+06
1315 1308 8.19221e+06
1315 1316 10733068
1315 1347 16
1315 1291 16
1315 1307 164320
1315 1320 24
1315 1312 1.18823e+06
1315 1317 3.07207e+06
1315 1310 1.02402e+06
1315 1311 256020
1315 1318 2.04804e+06
1315 1306 1.02404e+06
1315 1314 164232
1315 1305 28
1316 1320 4.42466e+06
1316 1314 7.33259e+06
1316 1315 10733156
1316 1348 16
1316 1300 16
1316 1308 1.35258e+06
1316 1312 3400488
1316 1318 4.51634e+06
1316 1319 3.07208e+06
1316 1310 1.02403e+06
1317 1313 4260340
1317 1345 1.02403e+06
1317 1303 4.2603e+06
1317 1319 5284356
1317 1310 7.16817e+06
1317 1318 9453048
1317 1349 16
1317 1301 40
1317 1309 1188376
1317 1320 2.04806e+06
1317 1315 3.07207e+06
1317 1338 5120108
1317 1340 1.02402e+06
1317 1311 1.28004e+06
1317 1324 3.07206e+06
1317 1288 256048
1317 1304 1.18824e+06
1317 1305 28
1317 1307 28
1317 1312 2.04807e+06
1317 1337 12
1318 1314 9288892
1318 1346 2.04809e+06
1318 1304 4.68066e+06
1318 1320 6564516
1318 1317 9.28892e+06
1318 1350 16
1318 1302 40
1318 1310 1.35252e+06
1318 1316 4.68053e+06
1318 1345 3.32809e+06
1318 1319 5.54036e+06
1318 1315 2.04804e+06
1318 1331 1.02402e+06
1318 1308 16
1318 1311 28
1318 1306 4
1318 1312 1.02403e+06
1318 1309 16
1318 1332 1280048
1318 1340 1.02402e+06
1318 1330 256024
1318 1347 256024
1318 1324 512048
1318 1338 512060
1284 1288 7.68026e+06
1284 1282 6.89291e+06
1284 1306 4.09612e+06
1284 1283 6984788
1284 1291 7332376
1284 1324 16
1284 1308 40
1284 1300 1188440
1284 1289 3.07206e+06
1284 1313 1.18822e+06
1284 1290 16
1284 1287 2.04804e+06
1284 1305 1.02402e+06
1284 1303 12
1284 1310 12
1284 1281 164200
1319 1315 4.09616e+06
1319 1347 1.02403e+06
1319 1317 5120240
1319 1312 8.19224e+06
1319 1320 11757120
1319 1351 64
1319 1303 16
1319 1311 1188356
1319 1316 3.0721e+06
1319 1340 4.26029e+06
1319 1318 5.54036e+06
1319 1338 1.02402e+06
1319 1345 3236272
1319 1307 28
1319 1310 12
1320 1316 4.09628e+06
1320 1348 2048096
1320 1318 6.72886e+06
1320 1319 11757220
1320 1352 64
1320 1304 16
1320 1312 24
1320 1315 164208
1320 1317 2212248
1320 1347 5.28434e+06
1320 1345 2.21226e+06
1320 1340 8
1321 1285 8520656
1321 1325 1.19214e+07
1321 1323 1.02404e+07
1321 1322 3.56492e+06
1321 1281 64
1321 1337 16
1321 1329 656956
1321 1326 840460
1321 1286 3072188
1321 1287 4.09614e+06
1321 1288 256024
1322 1286 1.28011e+06
1322 1326 10916652
1322 1324 5.4486e+06
1322 1321 3.23652e+06
1322 1329 9216208
1322 1282 64
1322 1338 16
1322 1330 2376656
1322 1301 8008608
1322 1332 4
1322 1331 164200
1322 1288 256024
1322 1303 2.04805e+06
1322 1302 1.02402e+06
1322 1323 2.04811e+06
1322 1325 512048
1322 1328 164200
1323 1287 6472652
1323 1327 1.08781e+07
1323 1321 10240488
1323 1337 9216388
1323 1324 6.28917e+06
1323 1283 88
1323 1339 16
1323 1331 656956
1323 1328 1.26066e+06
1323 1288 2.56024e+06
1323 1326 256020
1323 1332 16
1323 1303 1.18822e+06
1323 1309 2560096
1323 1322 2.04811e+06
1323 1325 512048
1324 1288 1.28014e+06
1324 1328 5.12017e+06
1324 1322 5.12016e+06
1324 1338 4.0961e+06
1324 1323 5.79657e+06
1324 1331 9380404
1324 1284 88
1324 1340 16
1324 1332 328512
1324 1301 1.02402e+06
1324 1303 2212240
1324 1317 3.07206e+06
1324 1326 1.02402e+06
1324 1337 2304068
1324 1345 1.02402e+06
1324 1346 164212
1324 1304 1.35242e+06
1324 1310 1.02402e+06
1324 1327 2.04805e+06
1324 1318 512048
1325 1321 11592952
1325 1327 8.35658e+06
1325 1326 3965836
1325 1285 16
1325 1341 16
1325 1333 1516836
1325 1329 420232
1325 1328 164208
1325 1323 512048
1325 1322 512048
1326 1322 1.07524e+07
1326 1328 4352192
1326 1325 2980532
1326 1333 5.44852e+06
1326 1286 16
1326 1342 16
1326 1334 248
1326 1330 5120148
1326 1331 2.04804e+06
1326 1321 512100
1326 1329 5776920
1326 1324 1.02402e+06
1326 1323 256020
1326 1332 1.35244e+06
1326 1327 4352120
1327 1323 9.72866e+06
1327 1325 8192348
1327 1341 10240292
1327 1328 6965496
1327 1287 16
1327 1343 16
1327 1335 1681116
1327 1331 2.88849e+06
1327 1333 1.70027e+06
1327 1324 2.04805e+06
1327 1326 4352120
1328 1324 5.12022e+06
1328 1326 4.51636e+06
1328 1342 3236272
1328 1327 6.30858e+06
1328 1335 7660764
1328 1288 16
1328 1344 40
1328 1336 112
1328 1332 3.23632e+06
1328 1331 1.02402e+06
1328 1338 2.04805e+06
1328 1323 768096
1328 1337 256020
1328 1346 1.18823e+06
1328 1325 28
1328 1341 1.02402e+06
1328 1333 1.18822e+06
1328 1322 12
1285 1281 8520772
1285 1321 8.19228e+06
1285 1287 8612616
1285 1286 9.61735e+06
1285 1325 16
1285 1309 16
1285 1301 512068
1285 1283 256024
1285 1282 1.02402e+06
1285 1288 20
1329 1301 1.02403e+06
1329 1333 6.30839e+06
1329 1331 7332428
1329 1322 9216208
1329 1330 8685060
1329 1289 16
1329 1345 16
1329 1321 164352
1329 1302 5.12011e+06
1329 1326 5120168
1329 1325 256052
1329 1332 2.21225e+06
1329 1334 16
1330 1302 4260352
1330 1334 6.30848e+06
1330 1332 9544812
1330 1329 8.68508e+06
1330 1290 40
1330 1346 16
1330 1322 2540832
1330 1326 5284324
1330 1301 12
1330 1304 1.02402e+06
1330 1331 2.04806e+06
1330 1333 1.02404e+06
1330 1318 256024
1331 1303 1.02403e+06
1331 1335 5.28436e+06
1331 1329 7168192
1331 1345 3.07207e+06
1331 1324 9216216
1331 1332 8.94105e+06
1331 1291 16
1331 1347 64
1331 1323 164352
1331 1336 40
1331 1304 3072060
1331 1328 1.02402e+06
1331 1333 2.04804e+06
1331 1326 2.04804e+06
1331 1327 2560116
1331 1334 2.04804e+06
1331 1318 1.02402e+06
1331 1322 12
1331 1330 2.04806e+06
1331 1338 1.35242e+06
1331 1342 1.02402e+06
1332 1304 2.21229e+06
1332 1336 1.53615e+06
1332 1330 9216340
1332 1346 3.32814e+06
1332 1331 8776904
1332 1300 40
1332 1348 16
1332 1324 328552
1332 1328 3400488
1332 1334 5.28433e+06
1332 1335 2.30407e+06
1332 1345 1.02402e+06
1332 1326 1024048
1332 1329 2.04806e+06
1332 1302 1.02405e+06
1332 1322 4
1332 1323 16
1332 1318 1280048
1332 1333 1.02402e+06
1333 1329 6.14425e+06
1333 1335 6144184
1333 1326 5.12014e+06
1333 1334 11757096
1333 1301 16
1333 1349 16
1333 1325 1188412
1333 1336 2.21228e+06
1333 1331 2.04804e+06
1333 1327 1536080
1333 1330 1.18822e+06
1333 1332 1.02402e+06
1333 1328 1.02404e+06
1334 1330 6.47282e+06
1334 1336 1.0733e+07
1334 1333 11592940
1334 1302 16
1334 1350 16
1334 1326 328488
1334 1332 5.12014e+06
1334 1335 2.04804e+06
1334 1331 2.04804e+06
1334 1329 8
1335 1331 5120196
1335 1333 6144184
1335 1349 5.44852e+06
1335 1328 7.1682e+06
1335 1336 10404672
1335 1303 16
1335 1351 112
1335 1327 1188440
1335 1332 2.30407e+06
1335 1334 2.04804e+06
1335 1342 2.04804e+06
1335 1346 2.21224e+06
1335 1345 1.18822e+06
1336 1332 1.53615e+06
1336 1334 1.04047e+07
1336 1350 4.26034e+06
1336 1335 1.07331e+07
1336 1304 16
1336 1352 64
1336 1328 16
1336 1331 164216
1336 1333 2212272
1336 1349 2.04806e+06
1336 1345 1.02402e+06
1336 1346 2.21226e+06
1337 1309 8.19236e+06
1337 1341 11737824
1337 1323 9216388
1337 1339 10240368
1337 1338 8.33732e+06
1337 1305 40
1337 1321 16
1337 1345 28
1337 1342 584436
1337 1324 2304068
1337 1328 256020
1337 1346 16
1337 1310 2.56016e+06
1337 1312 1.02402e+06
1337 1317 164200
1338 1310 1.02403e+06
1338 1342 7.16821e+06
1338 1324 4.26029e+06
1338 1340 7.33242e+06
1338 1337 7844608
1338 1345 5.28431e+06
1338 1306 40
1338 1322 64
1338 1346 1864608
1338 1317 5120108
1338 1328 2212240
1338 1319 1.02402e+06
1338 1339 1280048
1338 1347 1.02402e+06
1338 1348 16
1338 1309 56
1338 1341 1.02402e+06
1338 1331 1.02405e+06
1338 1318 676248
1286 1282 8.77684e+06
1286 1322 1.60847e+06
1286 1288 7.66096e+06
1286 1285 9453044
1286 1301 7.89748e+06
1286 1326 64
1286 1310 16
1286 1302 164560
1286 1290 3072084
1286 1291 1.02402e+06
1286 1281 1.44427e+06
1286 1289 584424
1286 1321 3072188
1286 1287 5.12017e+06
1286 1303 328428
1286 1283 1.02402e+06
1339 1311 9728372
1339 1343 1.10809e+07
1339 1337 10240416
1339 1340 7.91707e+06
1339 1307 16
1339 1323 16
1339 1347 28
1339 1344 1096480
1339 1338 1280048
1339 1312 2.04805e+06
1340 1312 1.02403e+06
1340 1344 7.16824e+06
1340 1338 7.33242e+06
1340 1339 7.75281e+06
1340 1347 7.66076e+06
1340 1308 16
1340 1324 16
1340 1348 1.02419e+06
1340 1317 1.02402e+06
1340 1319 4.0961e+06
1340 1342 1.02402e+06
1340 1311 256080
1340 1320 16
1340 1346 4
1340 1318 1.02402e+06
1340 1343 1.02402e+06
1340 1345 2.04805e+06
1341 1337 10752616
1341 1327 10240292
1341 1343 10240308
1341 1342 8921776
1341 1309 16
1341 1325 16
1341 1349 1352628
1341 1345 1.35244e+06
1341 1338 1.02402e+06
1341 1328 1.02402e+06
1342 1338 7.3324e+06
1342 1328 3.07208e+06
1342 1344 5448608
1342 1341 8.10067e+06
1342 1349 8.19219e+06
1342 1310 16
1342 1326 16
1342 1350 1.02419e+06
1342 1346 4772364
1342 1335 2.04804e+06
1342 1347 1.02403e+06
1342 1337 256076
1342 1340 1.02402e+06
1342 1343 1.44425e+06
1342 1351 1.18822e+06
1342 1352 16
1342 1345 3.23627e+06
1342 1331 1.02402e+06
1343 1339 1.07525e+07
1343 1341 10240332
1343 1344 7661040
1343 1311 16
1343 1327 16
1343 1351 1096604
1343 1347 256020
1343 1349 1.86448e+06
1343 1342 1280060
1343 1340 1.02402e+06
1344 1340 7.3324e+06
1344 1342 5.12018e+06
1344 1343 7332592
1344 1351 7332380
1344 1312 16
1344 1328 16
1344 1352 128
1344 1348 3.07213e+06
1344 1347 3400468
1344 1339 768120
1344 1349 2.04805e+06
1344 1345 164200
1345 1317 1.02403e+06
1345 1349 4.09612e+06
1345 1331 3.07207e+06
1345 1347 9380452
1345 1338 5.12012e+06
1345 1346 10385268
1345 1313 16
1345 1329 16
1345 1337 164240
1345 1318 3.32809e+06
1345 1332 1.02402e+06
1345 1320 2.04808e+06
1345 1319 3.07208e+06
1345 1324 1.02402e+06
1345 1341 1.02408e+06
1345 1342 3.07208e+06
1345 1350 1.02404e+06
1345 1335 1.02404e+06
1345 1336 1.02402e+06
1345 1340 2.04805e+06
1345 1348 1.02404e+06
1345 1344 12
1346 1318 2.04809e+06
1346 1350 11592880
1346 1332 3.32814e+06
1346 1348 3.58417e+06
1346 1345 10221140
1346 1314 16
1346 1330 16
1346 1338 2028832
1346 1342 4.77236e+06
1346 1335 2.04806e+06
1346 1328 1.02403e+06
1346 1324 12
1346 1340 4
1346 1347 256028
1346 1337 16
1346 1336 2048076
1346 1351 1.02402e+06
1346 1352 1.02402e+06
1347 1319 1.02403e+06
1347 1351 4096112
1347 1345 9216312
1347 1340 7.1682e+06
1347 1348 11757112
1347 1315 16
1347 1331 16
1347 1339 164312
1347 1352 24
1347 1320 5.12017e+06
1347 1344 3072092
1347 1349 1.02402e+06
1347 1342 1.18822e+06
1347 1343 256020
1347 1350 1.02402e+06
1347 1338 1.02402e+06
1347 1346 256028
1347 1318 256024
1348 1320 2.0481e+06
1348 1352 3.07213e+06
1348 1346 3.58424e+06
1348 1347 1.1593e+07
1348 1316 16
1348 1332 16
1348 1340 1.35257e+06
1348 1344 3400488
1348 1350 1.02402e+06
1348 1351 3.07207e+06
1348 1338 8
1348 1345 1.02403e+06
1287 1283 1.18489e+07
1287 1323 6.47264e+06
1287 1285 8.94098e+06
1287 1309 8520684
1287 1288 4.93675e+06
1287 1327 112
1287 1311 64
1287 1303 512068
1287 1291 256020
1287 1301 256020
1287 1281 164228
1287 1286 5.12017e+06
1287 1282 256028
1287 1321 4424504
1287 1284 2.04804e+06
1287 1305 1.02402e+06
1287 1306 1.02402e+06
1349 1345 4.09616e+06
1349 1335 5.12014e+06
1349 1351 7.49663e+06
1349 1342 8.19219e+06
1349 1350 9.5448e+06
1349 1317 16
1349 1333 16
1349 1341 1188384
1349 1352 2.04808e+06
1349 1347 1.02402e+06
1349 1343 1536124
1349 1336 2.04806e+06
1349 1344 2.04805e+06
1350 1346 1.17571e+07
1350 1336 4.09616e+06
1350 1352 5120240
1350 1349 9.70902e+06
1350 1318 16
1350 1334 16
1350 1342 1352520
1350 1348 1.02402e+06
1350 1351 3236268
1350 1347 1.02402e+06
1350 1345 1.02403e+06
1351 1347 4.09618e+06
1351 1349 7.1683e+06
1351 1344 7332380
1351 1352 1.27812e+07
1351 1319 16
1351 1335 16
1351 1343 932408
1351 1348 3.07207e+06
1351 1350 3.07208e+06
1351 1342 1.02404e+06
1351 1346 1.02402e+06
1352 1348 3072296
1352 1350 5.28445e+06
1352 1351 1.27812e+07
1352 1320 16
1352 1336 16
1352 1344 24
1352 1347 164208
1352 1349 2.21226e+06
1352 1342 8
1352 1346 1.02402e+06
1288 1284 7.68026e+06
1288 1324 1.77268e+06
1288 1286 7496796
1288 1310 2632552
1288 1287 5.10092e+06
1288 1303 5612804
1288 1328 112
1288 1312 160
1288 1304 164432
1288 1300 2.04809e+06
1288 1291 2192884
1288 1306 2.88851e+06
1288 1283 1700364
1288 1323 2724424
1288 1282 1.0241e+06
1288 1305 1.02408e+06
1288 1309 1.28011e+06
1288 1317 420228
1288 1313 164208
1288 1301 2.30407e+06
1288 1322 256024
1288 1321 256024
1288 1285 164208
1288 1281 164200
1289 1301 5120164
1289 1291 7332516
1289 1282 8.33717e+06
1289 1290 9709060
1289 1329 16
1289 1313 16
1289 1281 164336
1289 1286 256048
1289 1284 3.07206e+06
1289 1300 1.18822e+06
1289 1302 164216
1289 1303 2.04805e+06
1290 1302 8.52082e+06
1290 1300 6.30861e+06
1290 1289 10037648
1290 1330 16
1290 1314 16
1290 1282 1.51681e+06
1290 1286 3.23627e+06
1290 1291 3072088
1290 1284 8
1290 1301 1.02402e+06
