0 1 9.162e+06 0
0 7 9.115e+06 1
0 8 4.949e+06 1
0 56 4.859e+06 2
0 64 2.659e+06 1
0 192 2.733e+06 2
1 0 9.164e+06 0
1 2 9.223e+06 0
1 9 4.958e+06 1
1 57 5.073e+06 2
1 65 2.740e+06 1
1 193 2.672e+06 2
10 2 4.926e+06 1
10 9 9.260e+06 0
10 11 9.006e+06 0
10 18 4.954e+06 2
10 74 2.605e+06 1
10 202 2.688e+06 2
100 36 2.717e+06 1
100 92 5.032e+06 2
100 99 9.128e+06 1
100 101 9.032e+06 0
100 108 4.966e+06 1
100 164 2.705e+06 2
101 37 2.573e+06 1
101 93 4.897e+06 2
101 100 9.031e+06 0
101 102 9.165e+06 0
101 109 4.811e+06 1
101 165 2.714e+06 2
102 38 2.815e+06 1
102 94 4.945e+06 2
102 101 9.168e+06 0
102 103 8.982e+06 0
102 110 4.996e+06 1
102 166 2.640e+06 2
103 39 2.595e+06 1
103 95 4.896e+06 2
103 96 9.095e+06 1
103 102 8.981e+06 0
103 111 4.832e+06 1
103 167 2.703e+06 2
104 40 2.740e+06 1
104 96 4.955e+06 1
104 105 9.070e+06 0
104 111 9.038e+06 1
104 112 5.009e+06 2
104 168 2.671e+06 2
105 41 2.616e+06 1
105 97 4.834e+06 1
105 104 9.068e+06 0
105 106 9.127e+06 0
105 113 4.775e+06 2
105 169 2.629e+06 2
106 42 2.694e+06 1
106 98 4.973e+06 1
106 105 9.130e+06 0
106 107 9.078e+06 0
106 114 5.012e+06 2
106 170 2.722e+06 2
107 43 2.660e+06 1
107 99 4.858e+06 1
107 106 9.079e+06 0
107 108 9.115e+06 1
107 115 4.871e+06 2
107 171 2.603e+06 2
108 44 2.732e+06 1
108 100 4.966e+06 1
108 107 9.117e+06 1
108 109 9.093e+06 0
108 116 5.055e+06 2
108 172 2.677e+06 2
109 45 2.579e+06 1
109 101 4.810e+06 1
109 108 9.090e+06 0
109 110 9.090e+06 0
109 117 4.817e+06 2
109 173 2.649e+06 2
11 3 4.986e+06 1
11 10 9.007e+06 0
11 12 9.244e+06 1
11 19 4.920e+06 2
11 75 2.697e+06 1
11 203 2.577e+06 2
110 46 2.706e+06 1
110 102 4.996e+06 1
110 109 9.092e+06 0
110 111 9.041e+06 0
110 118 5.026e+06 2
110 174 2.651e+06 2
111 47 2.615e+06 1
111 103 4.831e+06 1
111 104 9.035e+06 1
111 110 9.039e+06 0
111 119 4.802e+06 2
111 175 2.636e+06 2
112 48 2.688e+06 1
112 104 5.011e+06 2
112 113 9.179e+06 0
112 119 9.013e+06 1
112 120 4.967e+06 1
112 176 2.767e+06 2
113 49 2.699e+06 1
113 105 4.776e+06 2
113 112 9.179e+06 0
113 114 9.090e+06 0
113 121 4.875e+06 1
113 177 2.615e+06 2
114 50 2.682e+06 1
114 106 5.012e+06 2
114 113 9.092e+06 0
114 115 9.159e+06 0
114 122 4.980e+06 1
114 178 2.716e+06 2
115 51 2.680e+06 1
115 107 4.872e+06 2
115 114 9.159e+06 0
115 116 9.058e+06 1
115 123 4.876e+06 1
115 179 2.583e+06 2
116 52 2.679e+06 1
116 108 5.055e+06 2
116 115 9.061e+06 1
116 117 9.143e+06 0
116 124 4.960e+06 1
116 180 2.735e+06 2
117 53 2.705e+06 1
117 109 4.816e+06 2
117 116 9.143e+06 0
117 118 9.089e+06 0
117 125 4.878e+06 1
117 181 2.576e+06 2
118 54 2.728e+06 1
118 110 5.026e+06 2
118 117 9.092e+06 0
118 119 9.098e+06 0
118 126 4.954e+06 1
118 182 2.774e+06 2
119 55 2.641e+06 1
119 111 4.803e+06 2
119 112 9.009e+06 1
119 118 9.097e+06 0
119 127 4.835e+06 1
119 183 2.531e+06 2
12 4 4.921e+06 1
12 11 9.247e+06 1
12 13 9.023e+06 0
12 20 5.024e+06 2
12 76 2.627e+06 1
12 204 2.837e+06 2
120 56 2.591e+06 1
120 64 4.909e+06 2
120 112 4.969e+06 1
120 121 9.223e+06 0
120 127 9.044e+06 1
120 184 2.746e+06 2
121 57 2.696e+06 1
121 65 4.978e+06 2
121 113 4.875e+06 1
121 120 9.224e+06 0
121 122 9.065e+06 0
121 185 2.569e+06 2
122 58 2.599e+06 1
122 66 4.865e+06 2
122 114 4.980e+06 1
122 121 9.066e+06 0
122 123 9.194e+06 0
122 186 2.766e+06 2
123 59 2.716e+06 1
123 67 4.968e+06 2
123 115 4.878e+06 1
123 122 9.196e+06 0
123 124 9.090e+06 1
123 187 2.621e+06 2
124 60 2.626e+06 1
124 68 4.951e+06 2
124 116 4.961e+06 1
124 123 9.090e+06 1
124 125 9.183e+06 0
124 188 2.683e+06 2
125 61 2.669e+06 1
125 69 4.869e+06 2
125 117 4.880e+06 1
125 124 9.184e+06 0
125 126 9.042e+06 0
125 189 2.575e+06 2
126 62 2.602e+06 1
126 70 4.962e+06 2
126 118 4.954e+06 1
126 125 9.045e+06 0
126 127 9.143e+06 0
126 190 2.713e+06 2
127 63 2.691e+06 1
127 71 4.897e+06 2
127 119 4.837e+06 1
127 120 9.042e+06 1
127 126 9.142e+06 0
127 191 2.640e+06 2
128 64 2.700e+06 2
128 129 9.172e+06 0
128 135 9.075e+06 1
128 136 4.899e+06 1
128 184 5.044e+06 2
128 192 2.734e+06 1
129 65 2.675e+06 2
129 128 9.172e+06 0
129 130 9.051e+06 0
129 137 4.884e+06 1
129 185 4.818e+06 2
129 193 2.629e+06 1
13 5 4.929e+06 1
13 12 9.023e+06 0
13 14 9.231e+06 0
13 21 4.889e+06 2
13 77 2.700e+06 1
13 205 2.605e+06 2
130 66 2.644e+06 2
130 129 9.054e+06 0
130 131 9.132e+06 0
130 138 4.914e+06 1
130 186 5.015e+06 2
130 194 2.710e+06 1
131 67 2.717e+06 2
131 130 9.132e+06 0
131 132 9.074e+06 1
131 139 4.955e+06 1
131 187 4.821e+06 2
131 195 2.591e+06 1
132 68 2.769e+06 2
132 131 9.079e+06 1
132 133 9.168e+06 0
132 140 4.996e+06 1
132 188 5.085e+06 2
132 196 2.753e+06 1
133 69 2.609e+06 2
133 132 9.164e+06 0
133 134 9.119e+06 0
133 141 4.835e+06 1
133 189 4.780e+06 2
133 197 2.581e+06 1
134 70 2.733e+06 2
134 133 9.122e+06 0
134 135 9.260e+06 0
134 142 5.019e+06 1
134 190 5.101e+06 2
134 198 2.718e+06 1
135 71 2.680e+06 2
135 128 9.072e+06 1
135 134 9.258e+06 0
135 143 4.849e+06 1
135 191 4.809e+06 2
135 199 2.602e+06 1
136 72 2.590e+06 2
136 128 4.898e+06 1
136 137 9.154e+06 0
136 143 8.963e+06 1
136 144 4.864e+06 2
136 200 2.688e+06 1
137 73 2.743e+06 2
137 129 4.886e+06 1
137 136 9.155e+06 0
137 138 9.042e+06 0
137 145 4.945e+06 2
137 201 2.659e+06 1
138 74 2.610e+06 2
138 130 4.914e+06 1
138 137 9.045e+06 0
138 139 9.153e+06 0
138 146 4.926e+06 2
138 202 2.776e+06 1
139 75 2.752e+06 2
139 131 4.955e+06 1
139 138 9.154e+06 0
139 140 9.079e+06 1
139 147 5.013e+06 2
139 203 2.650e+06 1
14 6 4.928e+06 1
14 13 9.232e+06 0
14 15 9.013e+06 0
14 22 4.971e+06 2
14 78 2.651e+06 1
14 206 2.677e+06 2
140 76 2.568e+06 2
140 132 4.995e+06 1
140 139 9.078e+06 1
140 141 9.167e+06 0
140 148 4.868e+06 2
140 204 2.711e+06 1
141 77 2.754e+06 2
141 133 4.835e+06 1
141 140 9.166e+06 0
141 142 9.041e+06 0
141 149 4.958e+06 2
141 205 2.663e+06 1
142 78 2.627e+06 2
142 134 5.020e+06 1
142 141 9.042e+06 0
142 143 9.171e+06 0
142 150 4.900e+06 2
142 206 2.746e+06 1
143 79 2.661e+06 2
143 135 4.848e+06 1
143 136 8.961e+06 1
143 142 9.170e+06 0
143 151 4.923e+06 2
143 207 2.639e+06 1
144 80 2.613e+06 2
144 136 4.864e+06 2
144 145 9.164e+06 0
144 151 9.029e+06 1
144 152 4.816e+06 1
144 208 2.660e+06 1
145 81 2.692e+06 2
145 137 4.947e+06 2
145 144 9.166e+06 0
145 146 9.049e+06 0
145 153 5.044e+06 1
145 209 2.673e+06 1
146 82 2.602e+06 2
146 138 4.924e+06 2
146 145 9.048e+06 0
146 147 9.154e+06 0
146 154 4.774e+06 1
146 210 2.609e+06 1
147 83 2.720e+06 2
147 139 5.013e+06 2
147 146 9.157e+06 0
147 148 9.057e+06 1
147 155 5.029e+06 1
147 211 2.663e+06 1
148 84 2.551e+06 2
148 140 4.869e+06 2
148 147 9.055e+06 1
148 149 9.138e+06 0
148 156 4.837e+06 1
148 212 2.742e+06 1
149 85 2.713e+06 2
149 141 4.958e+06 2
149 148 9.140e+06 0
149 150 9.028e+06 0
149 157 5.015e+06 1
149 213 2.637e+06 1
15 7 4.922e+06 1
15 8 9.153e+06 1
15 14 9.013e+06 0
15 23 4.885e+06 2
15 79 2.692e+06 1
15 207 2.602e+06 2
150 86 2.599e+06 2
150 142 4.900e+06 2
150 149 9.027e+06 0
150 151 9.092e+06 0
150 158 4.771e+06 1
150 214 2.688e+06 1
151 87 2.678e+06 2
151 143 4.924e+06 2
151 144 9.029e+06 1
151 150 9.095e+06 0
151 159 4.995e+06 1
151 215 2.683e+06 1
152 88 2.613e+06 2
152 144 4.817e+06 1
152 153 9.127e+06 0
152 159 9.069e+06 1
152 160 4.815e+06 2
152 216 2.619e+06 1
153 89 2.732e+06 2
153 145 5.046e+06 1
153 152 9.131e+06 0
153 154 9.044e+06 0
153 161 4.973e+06 2
153 217 2.752e+06 1
154 90 2.607e+06 2
154 146 4.773e+06 1
154 153 9.044e+06 0
154 155 9.120e+06 0
154 162 4.833e+06 2
154 218 2.588e+06 1
155 91 2.753e+06 2
155 147 5.031e+06 1
155 154 9.124e+06 0
155 156 9.077e+06 1
155 163 5.017e+06 2
155 219 2.705e+06 1
156 92 2.612e+06 2
156 148 4.837e+06 1
156 155 9.076e+06 1
156 157 9.079e+06 0
156 164 4.864e+06 2
156 220 2.619e+06 1
157 93 2.732e+06 2
157 149 5.017e+06 1
157 156 9.082e+06 0
157 158 9.087e+06 0
157 165 5.025e+06 2
157 221 2.739e+06 1
158 94 2.591e+06 2
158 150 4.771e+06 1
158 157 9.085e+06 0
158 159 9.099e+06 0
158 166 4.804e+06 2
158 222 2.641e+06 1
159 95 2.733e+06 2
159 151 4.995e+06 1
159 152 9.070e+06 1
159 158 9.102e+06 0
159 167 5.025e+06 2
159 223 2.728e+06 1
16 8 4.962e+06 2
16 17 8.971e+06 0
16 23 9.161e+06 1
16 24 5.001e+06 1
16 80 2.669e+06 1
16 208 2.762e+06 2
160 96 2.685e+06 2
160 152 4.815e+06 2
160 161 9.047e+06 0
160 167 9.090e+06 1
160 168 4.851e+06 1
160 224 2.595e+06 1
161 97 2.687e+06 2
161 153 4.974e+06 2
161 160 9.050e+06 0
161 162 9.105e+06 0
161 169 5.009e+06 1
161 225 2.701e+06 1
162 98 2.635e+06 2
162 154 4.834e+06 2
162 161 9.104e+06 0
162 163 9.034e+06 0
162 170 4.811e+06 1
162 226 2.631e+06 1
163 99 2.740e+06 2
163 155 5.018e+06 2
163 162 9.038e+06 0
163 164 9.130e+06 1
163 171 5.009e+06 1
163 227 2.742e+06 1
164 100 2.704e+06 2
164 156 4.864e+06 2
164 163 9.129e+06 1
164 165 9.008e+06 0
164 172 4.840e+06 1
164 228 2.585e+06 1
165 101 2.715e+06 2
165 157 5.026e+06 2
165 164 9.010e+06 0
165 166 9.102e+06 0
165 173 4.978e+06 1
165 229 2.695e+06 1
166 102 2.639e+06 2
166 158 4.806e+06 2
166 165 9.099e+06 0
166 167 9.038e+06 0
166 174 4.766e+06 1
166 230 2.596e+06 1
167 103 2.703e+06 2
167 159 5.025e+06 2
167 160 9.090e+06 1
167 166 9.041e+06 0
167 175 4.967e+06 1
167 231 2.677e+06 1
168 104 2.671e+06 2
168 160 4.852e+06 1
168 169 9.055e+06 0
168 175 9.142e+06 1
168 176 4.922e+06 2
168 232 2.624e+06 1
169 105 2.630e+06 2
169 161 5.010e+06 1
169 168 9.056e+06 0
169 170 9.215e+06 0
169 177 4.887e+06 2
169 233 2.742e+06 1
17 9 4.864e+06 2
17 16 8.971e+06 0
17 18 9.170e+06 0
17 25 4.829e+06 1
17 81 2.681e+06 1
17 209 2.564e+06 2
170 106 2.721e+06 2
170 162 4.812e+06 1
170 169 9.216e+06 0
170 171 9.013e+06 0
170 178 4.964e+06 2
170 234 2.614e+06 1
171 107 2.605e+06 2
171 163 5.007e+06 1
171 170 9.016e+06 0
171 172 9.193e+06 1
171 179 4.892e+06 2
171 235 2.726e+06 1
172 108 2.678e+06 2
172 164 4.840e+06 1
172 171 9.193e+06 1
172 173 9.016e+06 0
172 180 4.988e+06 2
172 236 2.634e+06 1
173 109 2.649e+06 2
173 165 4.978e+06 1
173 172 9.016e+06 0
173 174 9.132e+06 0
173 181 4.895e+06 2
173 237 2.699e+06 1
174 110 2.652e+06 2
174 166 4.766e+06 1
174 173 9.130e+06 0
174 175 8.953e+06 0
174 182 4.891e+06 2
174 238 2.585e+06 1
175 111 2.636e+06 2
175 167 4.967e+06 1
175 168 9.143e+06 1
175 174 8.954e+06 0
175 183 4.904e+06 2
175 239 2.740e+06 1
176 112 2.765e+06 2
176 168 4.924e+06 2
176 177 9.059e+06 0
176 183 9.229e+06 1
176 184 5.028e+06 1
176 240 2.670e+06 1
177 113 2.616e+06 2
177 169 4.887e+06 2
177 176 9.059e+06 0
177 178 9.198e+06 0
177 185 4.810e+06 1
177 241 2.673e+06 1
178 114 2.717e+06 2
178 170 4.965e+06 2
178 177 9.202e+06 0
178 179 9.022e+06 0
178 186 5.006e+06 1
178 242 2.642e+06 1
179 115 2.583e+06 2
179 171 4.891e+06 2
179 178 9.023e+06 0
179 180 9.142e+06 1
179 187 4.854e+06 1
179 243 2.692e+06 1
18 10 4.955e+06 2
18 17 9.174e+06 0
18 19 9.006e+06 0
18 26 4.933e+06 1
18 82 2.706e+06 1
18 210 2.723e+06 2
180 116 2.735e+06 2
180 172 4.989e+06 2
180 179 9.144e+06 1
180 181 9.024e+06 0
180 188 4.985e+06 1
180 244 2.649e+06 1
181 117 2.576e+06 2
181 173 4.895e+06 2
181 180 9.024e+06 0
181 182 9.177e+06 0
181 189 4.897e+06 1
181 245 2.735e+06 1
182 118 2.773e+06 2
182 174 4.893e+06 2
182 181 9.178e+06 0
182 183 8.995e+06 0
182 190 4.909e+06 1
182 246 2.649e+06 1
183 119 2.533e+06 2
183 175 4.904e+06 2
183 176 9.228e+06 1
183 182 8.995e+06 0
183 191 4.881e+06 1
183 247 2.721e+06 1
184 120 2.747e+06 2
184 128 5.044e+06 2
184 176 5.028e+06 1
184 185 9.137e+06 0
184 191 9.275e+06 1
184 248 2.731e+06 1
185 121 2.570e+06 2
185 129 4.816e+06 2
185 177 4.810e+06 1
185 184 9.137e+06 0
185 186 9.104e+06 0
185 249 2.588e+06 1
186 122 2.767e+06 2
186 130 5.015e+06 2
186 178 5.008e+06 1
186 185 9.109e+06 0
186 187 9.097e+06 0
186 250 2.724e+06 1
187 123 2.621e+06 2
187 131 4.818e+06 2
187 179 4.856e+06 1
187 186 9.096e+06 0
187 188 9.107e+06 1
187 251 2.631e+06 1
188 124 2.684e+06 2
188 132 5.083e+06 2
188 180 4.986e+06 1
188 187 9.111e+06 1
188 189 9.089e+06 0
188 252 2.710e+06 1
189 125 2.575e+06 2
189 133 4.780e+06 2
189 181 4.898e+06 1
189 188 9.088e+06 0
189 190 9.160e+06 0
189 253 2.663e+06 1
19 11 4.922e+06 2
19 18 9.007e+06 0
19 20 9.189e+06 1
19 27 4.879e+06 1
19 83 2.692e+06 1
19 211 2.648e+06 2
190 126 2.714e+06 2
190 134 5.101e+06 2
190 182 4.910e+06 1
190 189 9.163e+06 0
190 191 9.109e+06 0
190 254 2.668e+06 1
191 127 2.639e+06 2
191 135 4.806e+06 2
191 183 4.883e+06 1
191 184 9.272e+06 1
191 190 9.107e+06 0
191 255 2.633e+06 1
192 0 2.734e+06 2
192 128 2.734e+06 1
192 193 9.158e+06 0
192 199 9.133e+06 1
192 200 5.012e+06 1
192 248 5.012e+06 2
193 1 2.672e+06 2
193 129 2.629e+06 1
193 192 9.159e+06 0
193 194 9.200e+06 0
193 201 4.833e+06 1
193 249 4.919e+06 2
194 2 2.664e+06 2
194 130 2.712e+06 1
194 193 9.203e+06 0
194 195 9.087e+06 0
194 202 5.024e+06 1
194 250 4.936e+06 2
195 3 2.703e+06 2
195 131 2.590e+06 1
195 194 9.088e+06 0
195 196 9.125e+06 1
195 203 4.899e+06 1
195 251 4.914e+06 2
196 4 2.637e+06 2
196 132 2.752e+06 1
196 195 9.128e+06 1
196 197 9.072e+06 0
196 204 5.030e+06 1
196 252 4.995e+06 2
197 5 2.679e+06 2
197 133 2.582e+06 1
197 196 9.070e+06 0
197 198 9.274e+06 0
197 205 4.797e+06 1
197 253 4.972e+06 2
198 6 2.700e+06 2
198 134 2.717e+06 1
198 197 9.276e+06 0
198 199 9.104e+06 0
198 206 5.020e+06 1
198 254 4.975e+06 2
199 7 2.666e+06 2
199 135 2.602e+06 1
199 192 9.130e+06 1
199 198 9.103e+06 0
199 207 4.870e+06 1
199 255 4.854e+06 2
2 1 9.222e+06 0
2 3 9.107e+06 0
2 10 4.926e+06 1
2 58 4.766e+06 2
2 66 2.581e+06 1
2 194 2.664e+06 2
20 12 5.024e+06 2
20 19 9.192e+06 1
20 21 9.048e+06 0
20 28 5.049e+06 1
20 84 2.669e+06 1
20 212 2.769e+06 2
200 8 2.768e+06 2
200 136 2.690e+06 1
200 192 5.011e+06 1
200 201 9.131e+06 0
200 207 9.065e+06 1
200 208 5.021e+06 2
201 9 2.624e+06 2
201 137 2.658e+06 1
201 193 4.834e+06 1
201 200 9.129e+06 0
201 202 9.189e+06 0
201 209 4.830e+06 2
202 10 2.688e+06 2
202 138 2.777e+06 1
202 194 5.025e+06 1
202 201 9.194e+06 0
202 203 9.067e+06 0
202 210 5.037e+06 2
203 11 2.576e+06 2
203 139 2.649e+06 1
203 195 4.900e+06 1
203 202 9.066e+06 0
203 204 9.126e+06 1
203 211 4.845e+06 2
204 12 2.838e+06 2
204 140 2.713e+06 1
204 196 5.031e+06 1
204 203 9.129e+06 1
204 205 9.106e+06 0
204 212 5.107e+06 2
205 13 2.605e+06 2
205 141 2.663e+06 1
205 197 4.798e+06 1
205 204 9.104e+06 0
205 206 9.205e+06 0
205 213 4.847e+06 2
206 14 2.678e+06 2
206 142 2.744e+06 1
206 198 5.021e+06 1
206 205 9.207e+06 0
206 207 9.097e+06 0
206 214 5.019e+06 2
207 15 2.601e+06 2
207 143 2.638e+06 1
207 199 4.871e+06 1
207 200 9.062e+06 1
207 206 9.094e+06 0
207 215 4.838e+06 2
208 16 2.761e+06 2
208 144 2.660e+06 1
208 200 5.019e+06 2
208 209 9.157e+06 0
208 215 9.060e+06 1
208 216 4.962e+06 1
209 17 2.564e+06 2
209 145 2.672e+06 1
209 201 4.830e+06 2
209 208 9.156e+06 0
209 210 9.099e+06 0
209 217 4.917e+06 1
21 13 4.889e+06 2
21 20 9.048e+06 0
21 22 9.230e+06 0
21 29 4.851e+06 1
21 85 2.670e+06 1
21 213 2.612e+06 2
210 18 2.722e+06 2
210 146 2.609e+06 1
210 202 5.035e+06 2
210 209 9.103e+06 0
210 211 9.096e+06 0
210 218 4.888e+06 1
211 19 2.648e+06 2
211 147 2.663e+06 1
211 203 4.845e+06 2
211 210 9.097e+06 0
211 212 9.018e+06 1
211 219 4.899e+06 1
212 20 2.768e+06 2
212 148 2.742e+06 1
212 204 5.107e+06 2
212 211 9.023e+06 1
212 213 9.174e+06 0
212 220 5.014e+06 1
213 21 2.612e+06 2
213 149 2.638e+06 1
213 205 4.849e+06 2
213 212 9.170e+06 0
213 214 9.088e+06 0
213 221 4.888e+06 1
214 22 2.708e+06 2
214 150 2.690e+06 1
214 206 5.019e+06 2
214 213 9.088e+06 0
214 215 9.129e+06 0
214 222 4.950e+06 1
215 23 2.598e+06 2
215 151 2.684e+06 1
215 207 4.839e+06 2
215 208 9.057e+06 1
215 214 9.129e+06 0
215 223 4.864e+06 1
216 24 2.732e+06 2
216 152 2.618e+06 1
216 208 4.963e+06 1
216 217 9.181e+06 0
216 223 9.007e+06 1
216 224 4.943e+06 2
217 25 2.653e+06 2
217 153 2.752e+06 1
217 209 4.918e+06 1
217 216 9.181e+06 0
217 218 9.053e+06 0
217 225 4.938e+06 2
218 26 2.682e+06 2
218 154 2.589e+06 1
218 210 4.888e+06 1
218 217 9.054e+06 0
218 219 9.215e+06 0
218 226 4.980e+06 2
219 27 2.652e+06 2
219 155 2.705e+06 1
219 211 4.899e+06 1
219 218 9.216e+06 0
219 220 8.986e+06 1
219 227 4.974e+06 2
22 14 4.973e+06 2
22 21 9.232e+06 0
22 23 9.020e+06 0
22 30 5.043e+06 1
22 86 2.694e+06 1
22 214 2.706e+06 2
220 28 2.665e+06 2
220 156 2.621e+06 1
220 212 5.014e+06 1
220 219 8.988e+06 1
220 221 9.166e+06 0
220 228 4.868e+06 2
221 29 2.696e+06 2
221 157 2.738e+06 1
221 213 4.890e+06 1
221 220 9.168e+06 0
221 222 9.015e+06 0
221 229 5.021e+06 2
222 30 2.683e+06 2
222 158 2.641e+06 1
222 214 4.950e+06 1
222 221 9.016e+06 0
222 223 9.229e+06 0
222 230 4.884e+06 2
223 31 2.625e+06 2
223 159 2.728e+06 1
223 215 4.863e+06 1
223 216 9.004e+06 1
223 222 9.231e+06 0
223 231 4.963e+06 2
224 32 2.749e+06 2
224 160 2.596e+06 1
224 216 4.945e+06 2
224 225 9.201e+06 0
224 231 9.023e+06 1
224 232 4.871e+06 1
225 33 2.635e+06 2
225 161 2.701e+06 1
225 217 4.937e+06 2
225 224 9.204e+06 0
225 226 9.031e+06 0
225 233 5.052e+06 1
226 34 2.718e+06 2
226 162 2.634e+06 1
226 218 4.983e+06 2
226 225 9.030e+06 0
226 227 9.204e+06 0
226 234 4.807e+06 1
227 35 2.626e+06 2
227 163 2.742e+06 1
227 219 4.974e+06 2
227 226 9.206e+06 0
227 228 9.095e+06 1
227 235 5.040e+06 1
228 36 2.765e+06 2
228 164 2.584e+06 1
228 220 4.869e+06 2
228 227 9.095e+06 1
228 229 9.143e+06 0
228 236 4.898e+06 1
229 37 2.710e+06 2
229 165 2.695e+06 1
229 221 5.021e+06 2
229 228 9.146e+06 0
229 230 8.999e+06 0
229 237 5.003e+06 1
23 15 4.886e+06 2
23 16 9.157e+06 1
23 22 9.020e+06 0
23 31 4.820e+06 1
23 87 2.663e+06 1
23 215 2.597e+06 2
230 38 2.669e+06 2
230 166 2.597e+06 1
230 222 4.884e+06 2
230 229 8.998e+06 0
230 231 9.209e+06 0
230 238 4.820e+06 1
231 39 2.707e+06 2
231 167 2.677e+06 1
231 223 4.964e+06 2
231 224 9.022e+06 1
231 230 9.213e+06 0
231 239 4.963e+06 1
232 40 2.582e+06 2
232 168 2.624e+06 1
232 224 4.871e+06 1
232 233 9.119e+06 0
232 239 9.067e+06 1
232 240 4.784e+06 2
233 41 2.755e+06 2
233 169 2.743e+06 1
233 225 5.053e+06 1
233 232 9.124e+06 0
233 234 9.152e+06 0
233 241 5.065e+06 2
234 42 2.640e+06 2
234 170 2.614e+06 1
234 226 4.807e+06 1
234 233 9.150e+06 0
234 235 9.171e+06 0
234 242 4.838e+06 2
235 43 2.657e+06 2
235 171 2.727e+06 1
235 227 5.039e+06 1
235 234 9.176e+06 0
235 236 9.118e+06 1
235 243 5.020e+06 2
236 44 2.676e+06 2
236 172 2.635e+06 1
236 228 4.898e+06 1
236 235 9.118e+06 1
236 237 9.154e+06 0
236 244 4.880e+06 2
237 45 2.746e+06 2
237 173 2.698e+06 1
237 229 5.004e+06 1
237 236 9.157e+06 0
237 238 9.097e+06 0
237 245 5.129e+06 2
238 46 2.652e+06 2
238 174 2.584e+06 1
238 230 4.820e+06 1
238 237 9.094e+06 0
238 239 9.091e+06 0
238 246 4.794e+06 2
239 47 2.666e+06 2
239 175 2.741e+06 1
239 231 4.964e+06 1
239 232 9.069e+06 1
239 238 9.092e+06 0
239 247 4.996e+06 2
24 16 5.002e+06 1
24 25 9.073e+06 0
24 31 9.101e+06 1
24 32 5.038e+06 2
24 88 2.716e+06 1
24 216 2.734e+06 2
240 48 2.595e+06 2
240 176 2.670e+06 1
240 232 4.785e+06 2
240 241 9.070e+06 0
240 247 9.176e+06 1
240 248 4.855e+06 1
241 49 2.773e+06 2
241 177 2.674e+06 1
241 233 5.066e+06 2
241 240 9.075e+06 0
241 242 9.236e+06 0
241 249 5.059e+06 1
242 50 2.591e+06 2
242 178 2.640e+06 1
242 234 4.839e+06 2
242 241 9.236e+06 0
242 243 9.104e+06 0
242 250 4.863e+06 1
243 51 2.695e+06 2
243 179 2.693e+06 1
243 235 5.019e+06 2
243 242 9.109e+06 0
243 244 9.108e+06 1
243 251 4.973e+06 1
244 52 2.596e+06 2
244 180 2.647e+06 1
244 236 4.880e+06 2
244 243 9.109e+06 1
244 245 9.134e+06 0
244 252 4.879e+06 1
245 53 2.780e+06 2
245 181 2.737e+06 1
245 237 5.131e+06 2
245 244 9.137e+06 0
245 246 9.201e+06 0
245 253 5.133e+06 1
246 54 2.547e+06 2
246 182 2.648e+06 1
246 238 4.795e+06 2
246 245 9.197e+06 0
246 247 9.126e+06 0
246 254 4.801e+06 1
247 55 2.731e+06 2
247 183 2.723e+06 1
247 239 4.996e+06 2
247 240 9.179e+06 1
247 246 9.128e+06 0
247 255 5.031e+06 1
248 56 2.599e+06 2
248 184 2.729e+06 1
248 192 5.011e+06 2
248 240 4.855e+06 1
248 249 9.091e+06 0
248 255 9.254e+06 1
249 57 2.792e+06 2
249 185 2.589e+06 1
249 193 4.920e+06 2
249 241 5.061e+06 1
249 248 9.093e+06 0
249 250 9.177e+06 0
25 17 4.831e+06 1
25 24 9.072e+06 0
25 26 9.155e+06 0
25 33 4.817e+06 2
25 89 2.622e+06 1
25 217 2.651e+06 2
250 58 2.606e+06 2
250 186 2.722e+06 1
250 194 4.933e+06 2
250 242 4.864e+06 1
250 249 9.176e+06 0
250 251 9.113e+06 0
251 59 2.676e+06 2
251 187 2.630e+06 1
251 195 4.914e+06 2
251 243 4.972e+06 1
251 250 9.116e+06 0
251 252 9.126e+06 1
252 60 2.613e+06 2
252 188 2.711e+06 1
252 196 4.995e+06 2
252 244 4.881e+06 1
252 251 9.127e+06 1
252 253 9.084e+06 0
253 61 2.819e+06 2
253 189 2.664e+06 1
253 197 4.972e+06 2
253 245 5.134e+06 1
253 252 9.086e+06 0
253 254 9.245e+06 0
254 62 2.639e+06 2
254 190 2.668e+06 1
254 198 4.974e+06 2
254 246 4.802e+06 1
254 253 9.242e+06 0
254 255 9.123e+06 0
255 63 2.699e+06 2
255 191 2.633e+06 1
255 199 4.854e+06 2
255 247 5.032e+06 1
255 248 9.253e+06 1
255 254 9.124e+06 0
26 18 4.933e+06 1
26 25 9.158e+06 0
26 27 9.097e+06 0
26 34 5.052e+06 2
26 90 2.634e+06 1
26 218 2.683e+06 2
27 19 4.880e+06 1
27 26 9.099e+06 0
27 28 9.120e+06 1
27 35 4.871e+06 2
27 91 2.628e+06 1
27 219 2.653e+06 2
28 20 5.049e+06 1
28 27 9.124e+06 1
28 29 9.093e+06 0
28 36 5.005e+06 2
28 92 2.752e+06 1
28 220 2.665e+06 2
29 21 4.852e+06 1
29 28 9.092e+06 0
29 30 9.191e+06 0
29 37 4.868e+06 2
29 93 2.618e+06 1
29 221 2.695e+06 2
3 2 9.110e+06 0
3 4 9.159e+06 1
3 11 4.988e+06 1
3 59 5.078e+06 2
3 67 2.741e+06 1
3 195 2.703e+06 2
30 22 5.043e+06 1
30 29 9.193e+06 0
30 31 9.094e+06 0
30 38 5.006e+06 2
30 94 2.726e+06 1
30 222 2.684e+06 2
31 23 4.821e+06 1
31 24 9.096e+06 1
31 30 9.093e+06 0
31 39 4.841e+06 2
31 95 2.629e+06 1
31 223 2.626e+06 2
32 24 5.039e+06 2
32 33 9.156e+06 0
32 39 8.999e+06 1
32 40 4.985e+06 1
32 96 2.712e+06 1
32 224 2.749e+06 2
33 25 4.817e+06 2
33 32 9.155e+06 0
33 34 9.064e+06 0
33 41 4.872e+06 1
33 97 2.595e+06 1
33 225 2.634e+06 2
34 26 5.054e+06 2
34 33 9.066e+06 0
34 35 9.215e+06 0
34 42 5.001e+06 1
34 98 2.788e+06 1
34 226 2.721e+06 2
35 27 4.871e+06 2
35 34 9.215e+06 0
35 36 9.051e+06 1
35 43 4.871e+06 1
35 99 2.618e+06 1
35 227 2.625e+06 2
36 28 5.007e+06 2
36 35 9.055e+06 1
36 37 9.131e+06 0
36 44 5.027e+06 1
36 100 2.715e+06 1
36 228 2.766e+06 2
37 29 4.869e+06 2
37 36 9.131e+06 0
37 38 9.107e+06 0
37 45 4.862e+06 1
37 101 2.573e+06 1
37 229 2.710e+06 2
38 30 5.007e+06 2
38 37 9.109e+06 0
38 39 9.174e+06 0
38 46 5.065e+06 1
38 102 2.813e+06 1
38 230 2.669e+06 2
39 31 4.843e+06 2
39 32 8.996e+06 1
39 38 9.173e+06 0
39 47 4.824e+06 1
39 103 2.597e+06 1
39 231 2.707e+06 2
4 3 9.158e+06 1
4 5 9.104e+06 0
4 12 4.920e+06 1
4 60 4.849e+06 2
4 68 2.601e+06 1
4 196 2.637e+06 2
40 32 4.985e+06 1
40 41 9.164e+06 0
40 47 8.980e+06 1
40 48 4.904e+06 2
40 104 2.740e+06 1
40 232 2.583e+06 2
41 33 4.873e+06 1
41 40 9.165e+06 0
41 42 9.048e+06 0
41 49 4.982e+06 2
41 105 2.616e+06 1
41 233 2.754e+06 2
42 34 4.999e+06 1
42 41 9.049e+06 0
42 43 9.245e+06 0
42 50 4.864e+06 2
42 106 2.693e+06 1
42 234 2.643e+06 2
43 35 4.873e+06 1
43 42 9.247e+06 0
43 44 9.008e+06 1
43 51 4.966e+06 2
43 107 2.660e+06 1
43 235 2.655e+06 2
44 36 5.027e+06 1
44 43 9.010e+06 1
44 45 9.224e+06 0
44 52 4.975e+06 2
44 108 2.731e+06 1
44 236 2.676e+06 2
45 37 4.862e+06 1
45 44 9.224e+06 0
45 46 9.050e+06 0
45 53 5.020e+06 2
45 109 2.579e+06 1
45 237 2.746e+06 2
46 38 5.064e+06 1
46 45 9.052e+06 0
46 47 9.184e+06 0
46 54 4.912e+06 2
46 110 2.706e+06 1
46 238 2.653e+06 2
47 39 4.824e+06 1
47 40 8.979e+06 1
47 46 9.183e+06 0
47 55 4.904e+06 2
47 111 2.614e+06 1
47 239 2.666e+06 2
48 40 4.906e+06 2
48 49 9.226e+06 0
48 55 9.002e+06 1
48 56 4.813e+06 1
48 112 2.688e+06 1
48 240 2.596e+06 2
49 41 4.983e+06 2
49 48 9.230e+06 0
49 50 9.097e+06 0
49 57 5.116e+06 1
49 113 2.698e+06 1
49 241 2.773e+06 2
5 4 9.105e+06 0
5 6 9.155e+06 0
5 13 4.928e+06 1
5 61 5.052e+06 2
5 69 2.735e+06 1
5 197 2.680e+06 2
50 42 4.865e+06 2
50 49 9.095e+06 0
50 51 9.224e+06 0
50 58 4.816e+06 1
50 114 2.681e+06 1
50 242 2.590e+06 2
51 43 4.967e+06 2
51 50 9.227e+06 0
51 52 9.036e+06 1
51 59 5.002e+06 1
51 115 2.682e+06 1
51 243 2.694e+06 2
52 44 4.975e+06 2
52 51 9.038e+06 1
52 53 9.280e+06 0
52 60 4.866e+06 1
52 116 2.678e+06 1
52 244 2.596e+06 2
53 45 5.021e+06 2
53 52 9.284e+06 0
53 54 9.090e+06 0
53 61 5.144e+06 1
53 117 2.706e+06 1
53 245 2.780e+06 2
54 46 4.911e+06 2
54 53 9.087e+06 0
54 55 9.244e+06 0
54 62 4.852e+06 1
54 118 2.726e+06 1
54 246 2.547e+06 2
55 47 4.905e+06 2
55 48 9.003e+06 1
55 54 9.245e+06 0
55 63 4.993e+06 1
55 119 2.641e+06 1
55 247 2.730e+06 2
56 0 4.856e+06 2
56 48 4.814e+06 1
56 57 9.173e+06 0
56 63 9.087e+06 1
56 120 2.588e+06 1
56 248 2.599e+06 2
57 1 5.073e+06 2
57 49 5.115e+06 1
57 56 9.178e+06 0
57 58 9.120e+06 0
57 121 2.697e+06 1
57 249 2.791e+06 2
58 2 4.765e+06 2
58 50 4.817e+06 1
58 57 9.118e+06 0
58 59 9.201e+06 0
58 122 2.597e+06 1
58 250 2.606e+06 2
59 3 5.078e+06 2
59 51 5.002e+06 1
59 58 9.205e+06 0
59 60 9.095e+06 1
59 123 2.715e+06 1
59 251 2.678e+06 2
6 5 9.155e+06 0
6 7 9.045e+06 0
6 14 4.927e+06 1
6 62 4.803e+06 2
6 70 2.613e+06 1
6 198 2.700e+06 2
60 4 4.847e+06 2
60 52 4.865e+06 1
60 59 9.094e+06 1
60 61 9.213e+06 0
60 124 2.627e+06 1
60 252 2.615e+06 2
61 5 5.051e+06 2
61 53 5.146e+06 1
61 60 9.217e+06 0
61 62 9.134e+06 0
61 125 2.671e+06 1
61 253 2.818e+06 2
62 6 4.802e+06 2
62 54 4.852e+06 1
62 61 9.131e+06 0
62 63 9.149e+06 0
62 126 2.601e+06 1
62 254 2.639e+06 2
63 7 4.968e+06 2
63 55 4.994e+06 1
63 56 9.087e+06 1
63 62 9.152e+06 0
63 127 2.693e+06 1
63 255 2.699e+06 2
64 0 2.661e+06 1
64 65 9.186e+06 0
64 71 9.064e+06 1
64 72 4.842e+06 1
64 120 4.910e+06 2
64 128 2.700e+06 2
65 1 2.741e+06 1
65 64 9.188e+06 0
65 66 9.097e+06 0
65 73 5.015e+06 1
65 121 4.979e+06 2
65 129 2.674e+06 2
66 2 2.580e+06 1
66 65 9.095e+06 0
66 67 9.156e+06 0
66 74 4.797e+06 1
66 122 4.866e+06 2
66 130 2.643e+06 2
67 3 2.742e+06 1
67 66 9.159e+06 0
67 68 9.131e+06 1
67 75 5.057e+06 1
67 123 4.969e+06 2
67 131 2.716e+06 2
68 4 2.603e+06 1
68 67 9.132e+06 1
68 69 9.183e+06 0
68 76 4.845e+06 1
68 124 4.953e+06 2
68 132 2.767e+06 2
69 5 2.737e+06 1
69 68 9.184e+06 0
69 70 9.029e+06 0
69 77 4.963e+06 1
69 125 4.870e+06 2
69 133 2.610e+06 2
7 0 9.114e+06 1
7 6 9.047e+06 0
7 15 4.923e+06 1
7 63 4.968e+06 2
7 71 2.678e+06 1
7 199 2.667e+06 2
70 6 2.614e+06 1
70 69 9.030e+06 0
70 71 9.221e+06 0
70 78 4.932e+06 1
70 126 4.963e+06 2
70 134 2.733e+06 2
71 7 2.679e+06 1
71 64 9.064e+06 1
71 70 9.221e+06 0
71 79 4.926e+06 1
71 127 4.898e+06 2
71 135 2.680e+06 2
72 8 2.621e+06 1
72 64 4.842e+06 1
72 73 9.053e+06 0
72 79 9.097e+06 1
72 80 4.811e+06 2
72 136 2.589e+06 2
73 9 2.709e+06 1
73 65 5.016e+06 1
73 72 9.058e+06 0
73 74 9.113e+06 0
73 81 4.980e+06 2
73 137 2.742e+06 2
74 10 2.605e+06 1
74 66 4.797e+06 1
74 73 9.113e+06 0
74 75 9.110e+06 0
74 82 4.865e+06 2
74 138 2.611e+06 2
75 11 2.698e+06 1
75 67 5.056e+06 1
75 74 9.115e+06 0
75 76 9.124e+06 1
75 83 5.062e+06 2
75 139 2.752e+06 2
76 12 2.626e+06 1
76 68 4.844e+06 1
76 75 9.121e+06 1
76 77 9.125e+06 0
76 84 4.786e+06 2
76 140 2.568e+06 2
77 13 2.702e+06 1
77 69 4.963e+06 1
77 76 9.127e+06 0
77 78 9.119e+06 0
77 85 5.041e+06 2
77 141 2.753e+06 2
78 14 2.651e+06 1
78 70 4.932e+06 1
78 77 9.120e+06 0
78 79 9.083e+06 0
78 86 4.847e+06 2
78 142 2.626e+06 2
79 15 2.692e+06 1
79 71 4.927e+06 1
79 72 9.098e+06 1
79 78 9.084e+06 0
79 87 4.960e+06 2
79 143 2.661e+06 2
8 0 4.950e+06 1
8 9 9.014e+06 0
8 15 9.155e+06 1
8 16 4.962e+06 2
8 72 2.622e+06 1
8 200 2.768e+06 2
80 16 2.669e+06 1
80 72 4.811e+06 2
80 81 8.972e+06 0
80 87 9.106e+06 1
80 88 4.862e+06 1
80 144 2.613e+06 2
81 17 2.682e+06 1
81 73 4.980e+06 2
81 80 8.976e+06 0
81 82 9.138e+06 0
81 89 4.964e+06 1
81 145 2.692e+06 2
82 18 2.706e+06 1
82 74 4.866e+06 2
82 81 9.138e+06 0
82 83 9.074e+06 0
82 90 4.826e+06 1
82 146 2.603e+06 2
83 19 2.693e+06 1
83 75 5.063e+06 2
83 82 9.078e+06 0
83 84 9.208e+06 1
83 91 5.021e+06 1
83 147 2.721e+06 2
84 20 2.669e+06 1
84 76 4.786e+06 2
84 83 9.204e+06 1
84 85 9.037e+06 0
84 92 4.883e+06 1
84 148 2.550e+06 2
85 21 2.670e+06 1
85 77 5.041e+06 2
85 84 9.041e+06 0
85 86 9.164e+06 0
85 93 4.979e+06 1
85 149 2.712e+06 2
86 22 2.693e+06 1
86 78 4.849e+06 2
86 85 9.163e+06 0
86 87 8.980e+06 0
86 94 4.838e+06 1
86 150 2.598e+06 2
87 23 2.663e+06 1
87 79 4.960e+06 2
87 80 9.106e+06 1
87 86 8.982e+06 0
87 95 4.952e+06 1
87 151 2.678e+06 2
88 24 2.717e+06 1
88 80 4.863e+06 1
88 89 9.006e+06 0
88 95 9.138e+06 1
88 96 4.925e+06 2
88 152 2.612e+06 2
89 25 2.623e+06 1
89 81 4.964e+06 1
89 88 9.008e+06 0
89 90 9.169e+06 0
89 97 4.863e+06 2
89 153 2.732e+06 2
9 1 4.959e+06 1
9 8 9.014e+06 0
9 10 9.259e+06 0
9 17 4.865e+06 2
9 73 2.710e+06 1
9 201 2.625e+06 2
90 26 2.634e+06 1
90 82 4.827e+06 1
90 89 9.170e+06 0
90 91 9.030e+06 0
90 98 4.919e+06 2
90 154 2.607e+06 2
91 27 2.628e+06 1
91 83 5.023e+06 1
91 90 9.034e+06 0
91 92 9.197e+06 1
91 99 4.915e+06 2
91 155 2.753e+06 2
92 28 2.752e+06 1
92 84 4.884e+06 1
92 91 9.199e+06 1
92 93 9.036e+06 0
92 100 5.031e+06 2
92 156 2.612e+06 2
93 29 2.619e+06 1
93 85 4.981e+06 1
93 92 9.035e+06 0
93 94 9.200e+06 0
93 101 4.897e+06 2
93 157 2.733e+06 2
94 30 2.725e+06 1
94 86 4.839e+06 1
94 93 9.200e+06 0
94 95 8.952e+06 0
94 102 4.943e+06 2
94 158 2.591e+06 2
95 31 2.630e+06 1
95 87 4.952e+06 1
95 88 9.137e+06 1
95 94 8.954e+06 0
95 103 4.897e+06 2
95 159 2.734e+06 2
96 32 2.711e+06 1
96 88 4.926e+06 2
96 97 9.018e+06 0
96 103 9.095e+06 1
96 104 4.955e+06 1
96 160 2.686e+06 2
97 33 2.596e+06 1
97 89 4.862e+06 2
97 96 9.018e+06 0
97 98 9.134e+06 0
97 105 4.833e+06 1
97 161 2.686e+06 2
98 34 2.788e+06 1
98 90 4.921e+06 2
98 97 9.136e+06 0
98 99 9.070e+06 0
98 106 4.972e+06 1
98 162 2.636e+06 2
99 35 2.617e+06 1
99 91 4.917e+06 2
99 98 9.071e+06 0
99 100 9.126e+06 1
99 107 4.857e+06 1
99 163 2.739e+06 2
