3306 3322 5.3534e+06
3306 3318 4890496
3306 3310 4887168
3306 3309 9031952
3306 3307 8836976
3307 3323 5.29163e+06
3307 3319 4930264
3307 3311 4949176
3307 3306 8836208
3307 3308 9082464
3316 3332 5295152
3316 3312 4.87917e+06
3316 3320 4841168
3316 3315 8967968
3316 3317 8894536
3317 3333 5350416
3317 3313 4909296
3317 3321 4932264
3317 3316 8897000
3317 3314 8941976
3318 3334 5.30412e+06
3318 3314 4918360
3318 3306 4892464
3318 3321 9007152
3318 3319 8821864
3319 3335 5311320
3319 3315 4.93289e+06
3319 3307 4928288
3319 3318 8820952
3319 3320 9044352
3320 3336 5225312
3320 3316 4839288
3320 3308 4918608
3320 3319 9045600
3320 3321 8902072
3321 3337 5.3215e+06
3321 3317 4934584
3321 3309 4926776
3321 3320 8904424
3321 3318 9008272
3322 3306 5.35366e+06
3322 3334 4911472
3322 3326 4877480
3322 3325 9014232
3322 3323 8833288
3323 3307 5293056
3323 3335 4908256
3323 3327 4964272
3323 3322 8832512
3323 3324 9080584
3324 3308 5347552
3324 3336 4898024
3324 3328 4838280
3324 3323 9079896
3324 3325 8918424
3325 3309 5.32299e+06
3325 3337 4.94755e+06
3325 3329 4.93318e+06
3325 3324 8920520
3325 3322 9013352
3308 3324 5.34762e+06
3308 3320 4919000
3308 3312 4.84829e+06
3308 3307 9082272
3308 3309 8940784
3326 3310 5284128
3326 3322 4.8762e+06
3326 3330 4877872
3326 3329 8950472
3326 3327 8861544
3327 3311 5.36072e+06
3327 3323 4.96688e+06
3327 3331 4953056
3327 3326 8862616
3327 3328 8971048
3328 3312 5.25416e+06
3328 3324 4837088
3328 3332 4874168
3328 3327 8969792
3328 3329 8925920
3329 3313 5.30918e+06
3329 3325 4933920
3329 3333 4.92412e+06
3329 3328 8928824
3329 3326 8949840
3330 3314 5.35166e+06
3330 3326 4877080
3330 3334 4937856
3330 3333 8.95594e+06
3330 3331 8843008
3331 3315 5.32975e+06
3331 3327 4955392
3331 3335 4921680
3331 3330 8842320
3331 3332 8936464
3332 3316 5295792
3332 3328 4872632
3332 3336 4842608
3332 3331 8936616
3332 3333 8906616
3333 3317 5350680
3333 3329 4927224
3333 3337 4912168
3333 3332 8909936
3333 3330 8955512
3334 3318 5303624
3334 3330 4936040
3334 3322 4912824
3334 3337 9026232
3334 3335 8.82721e+06
3335 3319 5.31114e+06
3335 3331 4923408
3335 3323 4906136
3335 3334 8824896
3335 3336 9.02062e+06
3309 3325 5321824
3309 3321 4928704
3309 3313 4921752
3309 3308 8941304
3309 3306 9030600
3336 3320 5.22545e+06
3336 3332 4840712
3336 3324 4897856
3336 3335 9021360
3336 3337 8912600
3337 3321 5.32137e+06
3337 3333 4914000
3337 3325 4.94567e+06
3337 3336 8916336
3337 3334 9026384
3310 3326 5283720
3310 3306 4885960
3310 3314 4884096
3310 3313 8972920
3310 3311 8876648
3311 3327 5.36186e+06
3311 3307 4951672
3311 3315 4959600
3311 3310 8877616
3311 3312 8960216
3312 3328 5254384
3312 3308 4846944
3312 3316 4880408
3312 3311 8959784
3312 3313 8907352
3313 3329 5.30972e+06
3313 3309 4922432
3313 3317 4906976
3313 3312 8909120
3313 3310 8971520
3314 3330 5.35223e+06
3314 3310 4884504
3314 3318 4.92034e+06
3314 3317 8.94398e+06
3314 3315 8.84514e+06
3315 3331 5.33077e+06
3315 3311 4961104
3315 3319 4930040
3315 3314 8845648
3315 3316 8968816
