0 1 3.262e+05 1
0 2 7.873e+05 1
0 3 1.200e+01 2
0 4 5.183e+05 1
0 5 8.298e+04 2
0 6 2.940e+03 2
0 7 1.200e+01 3
0 8 2.800e+01 2
0 16 1.600e+01 1
0 32 1.600e+01 1
1 0 3.291e+05 1
1 2 2.111e+05 2
1 3 4.121e+05 1
1 4 6.402e+04 2
1 5 5.284e+05 1
1 6 1.603e+04 3
1 7 6.410e+04 2
1 8 4.978e+05 3
1 9 7.029e+04 2
1 10 5.856e+03 4
1 12 1.200e+01 2
1 17 1.600e+01 1
1 33 1.600e+01 1
10 1 5.600e+01 4
10 2 2.984e+03 2
10 3 4.511e+05 3
10 5 6.402e+04 3
10 6 1.602e+04 1
10 7 9.615e+04 2
10 8 4.570e+05 1
10 9 1.921e+05 2
10 11 7.103e+05 1
10 12 6.402e+04 2
10 13 6.402e+04 3
10 14 5.152e+05 1
10 15 2.952e+03 2
10 17 1.921e+05 5
10 24 1.950e+05 2
10 25 2.920e+03 3
10 26 6.400e+01 1
10 42 1.600e+01 1
11 3 7.002e+04 2
11 7 1.339e+05 1
11 8 6.404e+04 2
11 9 3.931e+05 1
11 10 7.134e+05 1
11 13 1.280e+05 2
11 14 6.402e+04 2
11 15 5.153e+05 1
11 24 2.590e+05 3
11 25 1.281e+05 2
11 27 4.000e+01 1
11 43 1.600e+01 1
12 1 2.920e+03 2
12 4 3.507e+04 2
12 5 4.382e+05 3
12 6 1.602e+04 3
12 7 1.441e+05 4
12 8 3.201e+05 1
12 9 6.402e+04 2
12 10 6.402e+04 2
12 13 5.793e+05 1
12 14 3.872e+05 1
12 15 6.697e+04 2
12 28 1.600e+01 1
12 33 4.802e+05 3
12 35 6.402e+04 4
12 40 6.403e+04 2
12 41 2.920e+03 3
12 44 4.000e+01 1
13 5 5.948e+03 2
13 8 2.000e+01 2
13 9 5.182e+05 1
13 10 6.402e+04 3
13 11 1.280e+05 2
13 12 5.854e+05 1
13 14 6.402e+04 2
13 15 4.543e+05 1
13 29 1.600e+01 1
13 33 6.402e+04 2
13 40 3.201e+05 3
13 41 2.562e+05 2
13 43 6.695e+04 3
13 45 4.000e+01 1
14 3 2.920e+03 2
14 5 2.976e+03 4
14 6 3.505e+04 2
14 7 3.203e+05 3
14 8 1.280e+05 2
14 10 5.152e+05 1
14 11 6.402e+04 2
14 12 3.871e+05 1
14 13 6.402e+04 2
14 15 6.492e+05 1
14 21 2.561e+05 5
14 24 6.402e+04 3
14 25 1.310e+05 4
14 28 2.590e+05 2
14 30 6.400e+01 1
14 33 1.280e+05 4
14 34 6.404e+04 2
14 35 1.281e+05 3
14 42 6.403e+04 2
14 46 1.600e+01 1
15 7 6.000e+01 2
15 10 2.948e+03 2
15 11 5.183e+05 1
15 12 6.697e+04 2
15 13 4.542e+05 1
15 14 6.523e+05 1
15 24 4.000e+00 4
15 25 1.921e+05 3
15 28 6.404e+04 3
15 29 2.781e+05 2
15 31 6.400e+01 1
15 35 6.405e+04 2
15 41 6.402e+04 3
15 42 1.921e+05 3
15 43 1.281e+05 2
15 47 1.600e+01 1
16 0 4.000e+01 1
16 2 5.910e+05 2
16 3 6.402e+04 3
16 6 6.402e+04 3
16 7 6.408e+04 4
16 17 3.524e+05 1
16 18 6.683e+05 1
16 19 2.188e+04 2
16 20 7.744e+05 1
16 21 1.895e+04 2
16 22 8.796e+03 2
16 24 6.004e+03 2
16 26 2.928e+03 3
16 28 2.928e+03 1
16 48 1.600e+01 1
17 1 1.360e+02 1
17 2 5.928e+03 3
17 3 2.619e+05 2
17 6 6.402e+04 4
17 7 1.601e+05 3
17 10 1.950e+05 5
17 16 3.552e+05 1
17 18 4.812e+04 2
17 19 3.842e+05 1
17 20 1.200e+01 2
17 21 4.482e+05 1
17 24 5.151e+05 3
17 25 6.718e+04 2
17 26 6.694e+04 4
17 29 4.000e+00 1
17 49 1.600e+01 1
18 2 2.000e+01 1
18 16 6.656e+05 1
18 17 5.975e+04 2
18 19 3.031e+05 1
18 20 8.005e+04 2
18 21 9.613e+04 3
18 22 7.163e+05 1
18 23 5.684e+04 2
18 26 5.980e+03 2
18 28 2.928e+03 2
18 30 2.928e+03 1
18 50 1.600e+01 1
19 3 1.600e+01 1
19 16 1.608e+04 2
19 17 3.872e+05 1
19 18 2.914e+05 1
19 21 2.561e+05 2
19 22 1.280e+05 2
19 23 4.163e+05 1
19 24 6.402e+04 4
19 25 1.600e+01 3
19 26 5.180e+05 3
19 27 6.716e+04 2
19 29 2.924e+03 2
19 51 1.600e+01 1
2 0 7.903e+05 1
2 1 2.111e+05 2
2 3 4.222e+05 1
2 4 1.602e+04 2
2 5 6.402e+04 3
2 6 7.264e+05 1
2 7 1.020e+05 2
2 10 5.200e+01 2
2 16 5.910e+05 2
2 17 8.812e+03 3
2 18 2.120e+02 1
2 20 1.600e+01 3
2 34 1.600e+01 1
20 2 1.600e+01 3
20 4 6.400e+01 1
20 6 5.181e+05 2
20 7 8.011e+04 3
20 16 7.714e+05 1
20 17 2.920e+03 2
20 18 8.005e+04 2
20 21 2.040e+05 1
20 22 6.725e+05 1
20 23 2.928e+03 2
20 28 7.001e+04 2
20 29 1.600e+01 3
20 34 1.601e+05 4
20 48 5.182e+05 2
20 49 5.856e+03 3
20 52 1.120e+02 1
21 3 2.920e+03 3
21 5 6.400e+01 1
21 7 1.442e+05 2
21 14 2.590e+05 5
21 16 1.605e+04 2
21 17 4.482e+05 1
21 18 9.613e+04 3
21 19 2.590e+05 2
21 20 1.952e+05 1
21 22 1.310e+05 2
21 23 4.090e+05 1
21 24 1.310e+05 2
21 25 2.561e+05 1
21 26 6.402e+04 3
21 27 6.404e+04 2
21 28 4.511e+05 3
21 29 7.002e+04 2
21 30 2.920e+03 4
21 35 6.402e+04 4
21 48 1.602e+05 3
21 49 6.403e+04 2
21 53 1.600e+01 1
22 6 1.600e+01 1
22 16 3.004e+03 2
22 18 7.075e+05 1
22 19 1.280e+05 2
22 20 6.725e+05 1
22 21 1.281e+05 2
22 23 2.491e+05 1
22 24 2.920e+03 2
22 26 1.602e+04 1
22 28 8.004e+04 3
22 29 2.928e+03 4
22 30 6.712e+04 2
22 50 6.142e+05 2
22 51 2.188e+04 3
22 54 1.120e+02 1
23 7 1.600e+01 1
23 18 4.813e+04 2
23 19 4.163e+05 1
23 20 2.800e+01 2
23 21 4.032e+05 1
23 22 2.432e+05 1
23 26 6.695e+04 2
23 27 1.921e+05 1
23 28 1.339e+05 4
23 29 6.403e+04 3
23 30 5.239e+05 3
23 31 2.480e+02 2
23 48 6.402e+04 4
23 50 1.280e+05 3
23 51 6.403e+04 2
23 55 1.600e+01 1
24 3 6.404e+04 5
24 7 2.800e+01 4
24 8 6.400e+01 1
24 10 1.979e+05 2
24 11 2.562e+05 3
24 14 6.402e+04 3
24 15 4.000e+00 4
24 16 3.016e+03 2
24 17 5.122e+05 3
24 19 6.402e+04 4
24 21 1.281e+05 2
24 22 1.200e+01 2
24 25 8.472e+05 1
24 26 3.231e+05 1
24 28 2.562e+05 1
24 56 1.600e+01 1
25 9 6.400e+01 1
25 10 1.200e+01 3
25 11 1.340e+05 2
25 14 1.281e+05 4
25 15 1.950e+05 3
25 17 7.296e+04 2
25 19 8.000e+00 3
25 21 2.590e+05 1
25 24 8.414e+05 1
25 26 2.800e+01 2
25 27 4.542e+05 1
25 29 5.663e+05 1
25 57 1.600e+01 1
26 10 1.600e+01 1
26 16 2.800e+01 3
26 17 6.404e+04 4
26 18 3.040e+03 2
26 19 5.122e+05 3
26 21 6.402e+04 3
26 22 1.602e+04 1
26 23 6.695e+04 2
26 24 3.232e+05 1
26 25 2.952e+03 2
26 27 6.492e+05 1
26 28 1.921e+05 2
26 29 1.280e+05 3
26 30 2.562e+05 1
26 31 2.400e+01 2
26 58 1.600e+01 1
27 11 1.600e+01 1
27 19 7.002e+04 2
27 21 6.403e+04 2
27 23 1.979e+05 1
27 25 4.513e+05 1
27 26 6.493e+05 1
27 29 2.751e+05 2
27 30 1.921e+05 2
27 31 2.621e+05 1
27 59 1.600e+01 1
28 7 1.605e+04 5
28 12 4.000e+01 1
28 14 2.590e+05 2
28 15 6.696e+04 3
28 16 2.800e+01 1
28 18 2.800e+01 2
28 20 6.710e+04 2
28 21 4.482e+05 3
28 22 8.004e+04 3
28 23 1.281e+05 4
28 24 2.591e+05 1
28 26 1.921e+05 2
28 29 5.692e+05 1
28 30 3.231e+05 1
28 31 1.281e+05 2
28 35 1.921e+05 5
28 48 1.200e+01 2
28 49 3.201e+05 3
28 51 6.402e+04 4
28 56 6.403e+04 2
28 60 1.600e+01 1
29 13 4.000e+01 1
29 15 2.781e+05 2
29 17 4.000e+00 1
29 19 1.600e+01 2
29 20 1.600e+01 3
29 21 6.996e+04 2
29 22 2.800e+01 4
29 23 6.403e+04 3
29 25 5.663e+05 1
29 26 1.280e+05 3
29 27 2.780e+05 2
29 28 5.664e+05 1
29 30 3.391e+05 2
29 31 4.032e+05 1
29 35 3.205e+04 4
29 41 1.602e+04 3
29 42 6.402e+04 5
29 43 8.005e+04 4
29 49 3.206e+04 2
29 51 6.402e+04 3
29 56 2.081e+05 3
29 57 1.281e+05 2
29 58 1.602e+04 4
29 61 1.600e+01 1
3 0 2.920e+03 2
3 1 4.091e+05 1
3 2 4.222e+05 1
3 6 1.280e+05 2
3 7 4.803e+05 1
3 8 1.921e+05 4
3 9 1.600e+01 3
3 10 4.511e+05 3
3 11 6.716e+04 2
3 14 1.200e+01 2
3 16 6.402e+04 3
3 17 2.561e+05 2
3 19 4.000e+01 1
3 21 1.200e+01 3
3 24 6.694e+04 5
3 35 1.600e+01 1
30 14 1.600e+01 1
30 18 2.800e+01 1
30 21 1.200e+01 4
30 22 6.708e+04 2
30 23 5.122e+05 3
30 26 2.562e+05 1
30 27 1.921e+05 2
30 28 3.202e+05 1
30 29 3.391e+05 2
30 31 7.133e+05 1
30 49 6.402e+04 4
30 51 2.590e+05 3
30 56 1.950e+05 3
30 58 6.403e+04 2
30 62 6.400e+01 1
31 15 1.600e+01 1
31 23 2.400e+01 2
31 26 2.928e+03 2
31 27 2.563e+05 1
31 28 1.310e+05 2
31 29 4.063e+05 1
31 30 7.134e+05 1
31 51 8.000e+00 2
31 56 1.310e+05 4
31 58 3.231e+05 3
31 59 1.281e+05 2
31 63 6.400e+01 1
32 0 6.400e+01 1
32 4 5.181e+05 2
32 5 1.922e+05 3
32 6 2.561e+05 3
32 7 1.602e+04 4
32 33 2.011e+05 1
32 34 6.404e+05 1
32 36 7.163e+05 1
32 37 3.790e+04 2
32 40 1.184e+04 2
32 48 1.600e+01 1
33 1 6.400e+01 1
33 5 8.011e+04 2
33 7 1.602e+04 3
33 12 4.860e+05 3
33 13 6.402e+04 2
33 14 1.280e+05 4
33 32 1.952e+05 1
33 34 1.281e+05 2
33 35 3.260e+05 1
33 36 3.205e+04 2
33 37 6.754e+05 1
33 39 2.920e+03 2
33 40 5.762e+05 3
33 41 1.341e+05 2
33 42 2.920e+03 4
33 43 4.000e+00 3
33 49 1.600e+01 1
34 2 8.800e+01 1
34 6 3.901e+05 2
34 7 1.602e+05 3
34 14 6.694e+04 2
34 20 1.601e+05 4
34 32 6.405e+05 1
34 33 1.281e+05 2
34 35 3.640e+05 1
34 36 3.205e+04 2
34 37 1.602e+04 3
34 38 6.291e+05 1
34 39 5.682e+04 2
34 42 1.184e+04 2
34 43 1.600e+01 3
34 48 5.764e+05 2
34 50 1.600e+01 1
35 3 8.800e+01 1
35 7 8.014e+04 2
35 12 6.402e+04 4
35 14 1.310e+05 3
35 15 6.986e+04 2
35 21 6.402e+04 4
35 28 1.921e+05 5
35 29 3.205e+04 4
35 33 3.202e+05 1
35 34 3.553e+05 1
35 37 6.402e+04 2
35 38 1.280e+05 2
35 39 3.202e+05 1
35 42 5.791e+05 3
35 43 5.952e+03 2
35 48 1.441e+05 3
35 49 2.561e+05 2
35 51 1.600e+01 1
35 56 6.402e+04 5
35 57 2.932e+03 4
36 4 1.600e+01 1
36 32 7.104e+05 1
36 33 3.205e+04 2
36 34 3.205e+04 2
36 37 1.969e+05 1
36 38 5.153e+05 1
36 39 2.928e+03 2
36 40 1.895e+04 1
36 44 7.300e+04 2
36 52 1.600e+01 1
37 5 1.600e+01 1
37 32 3.210e+04 2
37 33 6.724e+05 1
37 34 1.602e+04 3
37 35 6.402e+04 2
37 36 1.793e+05 1
37 38 2.721e+05 2
37 39 2.722e+05 1
37 40 3.318e+05 2
37 41 3.201e+05 1
37 42 1.280e+05 3
37 43 6.988e+04 2
37 44 3.260e+05 3
37 45 2.480e+02 2
37 53 1.600e+01 1
38 6 1.600e+01 1
38 34 6.087e+05 1
38 35 1.280e+05 2
38 36 5.123e+05 1
38 37 2.721e+05 2
38 39 3.991e+05 1
38 42 1.659e+05 1
38 44 9.899e+04 3
38 46 7.600e+04 2
38 52 6.403e+05 2
38 54 1.600e+01 1
39 7 1.600e+01 1
39 33 1.200e+01 2
39 34 4.810e+04 2
39 35 3.202e+05 1
39 36 2.800e+01 2
39 37 2.751e+05 1
39 38 3.873e+05 1
39 42 6.402e+04 2
39 43 1.950e+05 1
39 44 6.694e+04 4
39 46 4.569e+05 3
39 47 1.120e+02 2
39 48 1.602e+04 4
39 49 1.281e+05 3
39 52 6.402e+04 3
39 53 1.950e+05 2
39 55 4.000e+01 1
39 57 6.695e+04 3
4 0 5.182e+05 1
4 1 6.402e+04 2
4 2 1.602e+04 2
4 5 5.722e+05 1
4 6 5.313e+05 1
4 7 2.000e+01 2
4 12 3.207e+04 2
4 20 1.600e+01 1
4 32 5.123e+05 2
4 36 1.600e+01 1
40 8 1.600e+01 1
40 12 6.403e+04 2
40 13 3.201e+05 3
40 32 3.072e+03 2
40 33 5.762e+05 3
40 36 1.605e+04 1
40 37 3.202e+05 2
40 41 5.212e+05 1
40 42 4.511e+05 1
40 43 1.310e+05 2
40 44 3.871e+05 1
40 45 1.600e+01 2
40 56 1.600e+01 1
41 9 4.000e+01 1
41 12 1.200e+01 3
41 13 2.591e+05 2
41 15 6.402e+04 3
41 29 1.602e+04 3
41 33 1.370e+05 2
41 37 3.230e+05 1
41 40 5.212e+05 1
41 42 1.281e+05 2
41 43 5.823e+05 1
41 44 6.404e+04 2
41 45 3.872e+05 1
41 57 1.600e+01 1
42 10 1.600e+01 1
42 14 6.403e+04 2
42 15 1.921e+05 3
42 29 6.402e+04 5
42 33 1.200e+01 4
42 34 3.072e+03 2
42 35 5.762e+05 3
42 37 1.280e+05 3
42 38 1.601e+05 1
42 39 6.402e+04 2
42 40 4.482e+05 1
42 41 1.281e+05 2
42 43 5.372e+05 1
42 44 1.280e+05 2
42 45 1.280e+05 3
42 46 3.231e+05 1
42 47 4.000e+01 2
42 49 6.986e+04 5
42 53 6.402e+04 4
42 56 1.921e+05 2
42 58 6.400e+01 1
43 11 4.000e+01 1
43 13 6.405e+04 3
43 15 1.310e+05 2
43 29 8.005e+04 4
43 33 4.000e+00 3
43 34 1.600e+01 3
43 35 5.992e+03 2
43 37 6.405e+04 2
43 39 1.979e+05 1
43 40 1.281e+05 2
43 41 5.763e+05 1
43 42 5.343e+05 1
43 44 6.402e+04 3
43 45 3.231e+05 2
43 46 1.441e+05 2
43 47 9.615e+04 1
43 56 6.402e+04 3
43 57 2.081e+05 2
43 59 1.600e+01 1
44 12 1.600e+01 1
44 36 6.713e+04 2
44 37 3.201e+05 3
44 38 9.608e+04 3
44 39 6.404e+04 4
44 40 3.842e+05 1
44 41 6.694e+04 2
44 42 1.280e+05 2
44 43 6.402e+04 3
44 45 7.133e+05 1
44 46 3.842e+05 1
44 47 1.310e+05 2
44 60 1.600e+01 1
45 13 1.600e+01 1
45 37 5.928e+03 2
45 40 8.000e+00 2
45 41 3.903e+05 1
45 42 1.280e+05 3
45 43 3.201e+05 2
45 44 7.104e+05 1
45 46 1.280e+05 2
45 47 6.492e+05 1
45 61 1.600e+01 1
46 14 1.600e+01 1
46 38 6.716e+04 2
46 39 4.482e+05 3
46 42 3.202e+05 1
46 43 1.441e+05 2
46 44 3.842e+05 1
46 45 1.280e+05 2
46 47 6.434e+05 1
46 53 1.280e+05 5
46 56 6.694e+04 3
46 57 1.310e+05 4
46 60 3.260e+05 2
46 62 1.120e+02 1
47 15 1.600e+01 1
47 39 1.600e+01 2
47 42 2.936e+03 2
47 43 9.615e+04 1
47 44 1.310e+05 2
47 45 6.434e+05 1
47 46 6.493e+05 1
47 56 6.402e+04 4
47 57 1.310e+05 3
47 60 1.281e+05 3
47 61 2.591e+05 2
47 63 6.400e+01 1
48 16 4.000e+01 1
48 20 5.124e+05 2
48 21 1.602e+05 3
48 23 6.402e+04 4
48 28 2.920e+03 2
48 32 1.600e+01 1
48 34 5.764e+05 2
48 35 1.441e+05 3
48 39 1.602e+04 4
48 49 4.922e+05 1
48 50 6.404e+05 1
48 52 6.901e+05 1
48 53 2.188e+04 2
48 56 2.800e+01 2
48 57 1.600e+01 3
49 17 4.000e+01 1
49 20 5.600e+01 3
49 21 6.403e+04 2
49 28 3.201e+05 3
49 29 3.497e+04 2
49 30 6.402e+04 4
49 33 6.400e+01 1
49 35 2.590e+05 2
49 39 1.310e+05 3
49 42 6.405e+04 5
49 48 4.833e+05 1
49 50 8.005e+04 2
49 51 4.511e+05 1
49 52 6.402e+04 2
49 53 4.482e+05 1
49 56 3.230e+05 3
49 57 1.020e+05 2
49 58 6.402e+04 4
49 59 1.600e+01 3
5 0 8.299e+04 2
5 1 5.343e+05 1
5 2 6.402e+04 3
5 4 5.692e+05 1
5 6 3.202e+05 2
5 7 4.571e+05 1
5 8 2.186e+04 2
5 9 1.921e+05 1
5 10 6.402e+04 3
5 12 4.498e+05 3
5 13 3.280e+03 2
5 14 5.868e+03 4
5 21 1.600e+01 1
5 32 1.922e+05 3
5 33 8.591e+04 2
5 37 6.400e+01 1
50 18 1.600e+01 1
50 22 6.084e+05 2
50 23 1.280e+05 3
50 34 1.600e+01 1
50 48 6.404e+05 1
50 49 8.005e+04 2
50 51 4.732e+05 1
50 54 6.783e+05 1
50 55 5.392e+04 2
50 58 2.800e+01 2
51 19 1.600e+01 1
51 22 1.608e+04 3
51 23 6.403e+04 2
51 28 6.402e+04 4
51 29 6.402e+04 3
51 30 2.561e+05 3
51 31 1.600e+01 2
51 35 1.600e+01 1
51 49 4.511e+05 1
51 50 4.702e+05 1
51 53 6.402e+04 2
51 54 6.402e+04 2
51 55 4.482e+05 1
51 56 1.280e+05 4
51 57 4.000e+00 3
51 58 4.569e+05 3
51 59 6.419e+04 2
52 20 1.600e+01 1
52 36 1.600e+01 1
52 38 6.403e+05 2
52 39 6.402e+04 3
52 48 6.726e+05 1
52 49 6.402e+04 2
52 53 5.141e+05 1
52 54 6.403e+05 1
52 56 6.988e+04 1
52 60 7.007e+04 2
53 21 1.600e+01 1
53 37 1.600e+01 1
53 39 1.921e+05 2
53 42 6.402e+04 4
53 46 1.280e+05 5
53 48 1.608e+04 2
53 49 4.511e+05 1
53 51 6.402e+04 2
53 52 4.994e+05 1
53 54 8.297e+04 2
53 55 3.260e+05 1
53 56 1.950e+05 2
53 57 2.911e+05 1
53 58 6.403e+04 3
53 60 5.122e+05 3
53 61 6.419e+04 2
53 62 6.694e+04 4
53 63 1.600e+01 3
54 22 1.600e+01 1
54 38 1.600e+01 1
54 50 6.725e+05 1
54 51 6.402e+04 2
54 52 6.403e+05 1
54 53 8.006e+04 2
54 55 4.572e+05 1
54 58 1.602e+04 1
54 60 1.019e+05 3
54 62 5.404e+04 2
55 23 1.600e+01 1
55 39 1.600e+01 1
55 50 4.812e+04 2
55 51 4.511e+05 1
55 53 3.202e+05 1
55 54 4.513e+05 1
55 56 2.920e+03 3
55 58 1.979e+05 2
55 59 1.921e+05 1
55 60 1.280e+05 4
55 62 4.511e+05 3
55 63 1.280e+02 2
56 24 1.600e+01 1
56 28 6.403e+04 2
56 29 2.081e+05 3
56 30 1.921e+05 3
56 31 1.281e+05 4
56 35 6.402e+04 5
56 40 1.600e+01 1
56 42 1.921e+05 2
56 43 6.402e+04 3
56 46 6.404e+04 3
56 47 6.402e+04 4
56 48 2.960e+03 2
56 49 3.201e+05 3
56 51 1.280e+05 4
56 52 6.408e+04 1
56 53 1.921e+05 2
56 55 1.200e+01 3
56 57 6.201e+05 1
56 58 5.792e+05 1
56 59 6.404e+04 2
56 60 2.561e+05 1
56 61 6.404e+04 2
57 25 1.600e+01 1
57 29 1.281e+05 2
57 35 1.200e+01 4
57 39 6.403e+04 3
57 41 1.600e+01 1
57 43 2.081e+05 2
57 46 1.281e+05 4
57 47 1.281e+05 3
57 48 1.600e+01 3
57 49 1.050e+05 2
57 51 4.000e+00 3
57 53 2.911e+05 1
57 56 6.173e+05 1
57 58 1.603e+04 2
57 59 2.242e+05 1
57 61 7.103e+05 1
57 62 6.402e+04 3
57 63 6.402e+04 2
58 26 1.600e+01 1
58 29 1.602e+04 4
58 30 6.403e+04 2
58 31 3.202e+05 3
58 42 1.600e+01 1
58 49 6.402e+04 4
58 50 3.032e+03 2
58 51 4.482e+05 3
58 53 6.694e+04 3
58 54 1.602e+04 1
58 55 1.921e+05 2
58 56 5.763e+05 1
58 57 1.603e+04 2
58 59 7.133e+05 1
58 60 6.402e+04 2
58 61 6.402e+04 3
58 62 2.561e+05 1
58 63 2.400e+01 2
59 27 1.600e+01 1
59 31 1.281e+05 2
59 43 1.600e+01 1
59 49 8.000e+00 3
59 51 7.001e+04 2
59 55 1.979e+05 1
59 56 6.403e+04 2
59 57 2.242e+05 1
59 58 7.105e+05 1
59 61 6.402e+04 2
59 62 1.921e+05 2
59 63 1.921e+05 1
6 0 2.948e+03 2
6 1 1.603e+04 3
6 2 7.264e+05 1
6 3 1.280e+05 2
6 4 5.371e+05 1
6 5 3.202e+05 2
6 7 2.942e+05 1
6 10 1.602e+04 1
6 12 1.602e+04 3
6 14 3.207e+04 2
6 16 6.402e+04 3
6 17 6.402e+04 4
6 20 5.181e+05 2
6 22 6.400e+01 1
6 32 2.619e+05 3
6 34 3.901e+05 2
6 38 1.120e+02 1
60 28 1.600e+01 1
60 44 1.600e+01 1
60 46 3.201e+05 2
60 47 1.281e+05 3
60 52 6.710e+04 2
60 53 5.122e+05 3
60 54 9.612e+04 3
60 55 1.280e+05 4
60 56 2.562e+05 1
60 58 6.402e+04 2
60 61 5.822e+05 1
60 62 4.541e+05 1
60 63 1.281e+05 2
61 29 1.600e+01 1
61 45 1.600e+01 1
61 47 2.562e+05 2
61 53 6.996e+04 2
61 56 6.403e+04 2
61 57 7.133e+05 1
61 58 6.402e+04 3
61 59 6.402e+04 2
61 60 5.852e+05 1
61 62 1.950e+05 2
61 63 3.202e+05 1
62 30 1.600e+01 1
62 46 1.600e+01 1
62 53 6.404e+04 4
62 54 5.113e+04 2
62 55 4.511e+05 3
62 57 6.402e+04 3
62 58 2.562e+05 1
62 59 1.921e+05 2
62 60 4.483e+05 1
62 61 1.921e+05 2
62 63 7.773e+05 1
63 31 1.600e+01 1
63 47 1.600e+01 1
63 53 8.000e+00 3
63 55 2.400e+01 2
63 57 6.402e+04 2
63 58 2.928e+03 2
63 59 1.923e+05 1
63 60 1.310e+05 2
63 61 3.232e+05 1
63 62 7.773e+05 1
7 0 2.920e+03 3
7 1 6.410e+04 2
7 2 9.908e+04 2
7 3 4.803e+05 1
7 4 2.928e+03 2
7 5 4.542e+05 1
7 6 2.971e+05 1
7 10 1.078e+05 2
7 11 1.281e+05 1
7 12 1.441e+05 4
7 14 3.290e+05 3
7 15 3.152e+03 2
7 16 6.408e+04 4
7 17 1.659e+05 3
7 20 8.011e+04 3
7 21 1.500e+05 2
7 23 1.600e+02 1
7 24 2.928e+03 4
7 28 1.895e+04 5
7 32 1.602e+04 4
7 33 1.602e+04 3
7 34 1.631e+05 3
7 35 8.884e+04 2
7 39 1.120e+02 1
8 0 3.056e+03 2
8 1 4.920e+05 3
8 3 1.921e+05 4
8 5 1.605e+04 2
8 9 5.852e+05 1
8 10 4.512e+05 1
8 11 6.694e+04 2
8 12 3.202e+05 1
8 13 2.936e+03 2
8 14 1.280e+05 2
8 24 1.600e+01 1
8 40 1.600e+01 1
9 1 7.297e+04 2
9 3 8.000e+00 3
9 5 1.950e+05 1
9 8 5.912e+05 1
9 10 1.921e+05 2
9 11 3.873e+05 1
9 12 6.402e+04 2
9 13 5.183e+05 1
9 25 1.600e+01 1
9 41 1.600e+01 1
