0 1 5.449e+06 1
0 2 1.271e+07 1
0 3 1.200e+01 2
0 4 8.521e+06 1
0 5 1.444e+06 2
0 6 1.642e+05 2
0 7 1.200e+01 3
0 8 2.800e+01 2
0 16 1.600e+01 1
0 32 1.600e+01 1
1 0 5.613e+06 1
1 2 3.492e+06 2
1 3 7.057e+06 1
1 4 1.024e+06 2
1 5 8.448e+06 1
1 6 2.560e+05 3
1 7 1.024e+06 2
1 8 8.666e+06 3
1 9 1.353e+06 2
1 10 3.284e+05 4
1 12 1.200e+01 2
1 17 1.600e+01 1
1 33 1.600e+01 1
10 1 5.600e+01 4
10 2 1.643e+05 2
10 3 7.332e+06 3
10 5 1.024e+06 3
10 6 2.560e+05 1
10 7 1.536e+06 2
10 8 7.661e+06 1
10 9 3.072e+06 2
10 11 1.159e+07 1
10 12 1.024e+06 2
10 13 1.024e+06 3
10 14 8.356e+06 1
10 15 1.642e+05 2
10 17 3.072e+06 5
10 24 3.236e+06 2
10 25 1.642e+05 3
10 26 6.400e+01 1
10 42 1.600e+01 1
11 3 1.353e+06 2
11 7 2.376e+06 1
11 8 1.024e+06 2
11 9 6.637e+06 1
11 10 1.176e+07 1
11 13 2.048e+06 2
11 14 1.024e+06 2
11 15 8.357e+06 1
11 24 4.260e+06 3
11 25 2.048e+06 2
11 27 4.000e+01 1
11 43 1.600e+01 1
12 1 1.642e+05 2
12 4 6.764e+05 2
12 5 7.241e+06 3
12 6 2.560e+05 3
12 7 2.304e+06 4
12 8 5.120e+06 1
12 9 1.024e+06 2
12 10 1.024e+06 2
12 13 9.381e+06 1
12 14 6.308e+06 1
12 15 1.188e+06 2
12 28 1.600e+01 1
12 33 7.680e+06 3
12 35 1.024e+06 4
12 40 1.024e+06 2
12 41 1.642e+05 3
12 44 4.000e+01 1
13 5 3.285e+05 2
13 8 2.000e+01 2
13 9 8.521e+06 1
13 10 1.024e+06 3
13 11 2.048e+06 2
13 12 9.709e+06 1
13 14 1.024e+06 2
13 15 7.497e+06 1
13 29 1.600e+01 1
13 33 1.024e+06 2
13 40 5.120e+06 3
13 41 4.096e+06 2
13 43 1.188e+06 3
13 45 4.000e+01 1
14 3 1.642e+05 2
14 5 1.643e+05 4
14 6 6.763e+05 2
14 7 5.120e+06 3
14 8 2.048e+06 2
14 10 8.356e+06 1
14 11 1.024e+06 2
14 12 6.308e+06 1
14 13 1.024e+06 2
14 15 1.073e+07 1
14 21 4.096e+06 5
14 24 1.024e+06 3
14 25 2.212e+06 4
14 28 4.260e+06 2
14 30 6.400e+01 1
14 33 2.048e+06 4
14 34 1.024e+06 2
14 35 2.048e+06 3
14 42 1.024e+06 2
14 46 1.600e+01 1
15 7 6.000e+01 2
15 10 1.642e+05 2
15 11 8.521e+06 1
15 12 1.188e+06 2
15 13 7.497e+06 1
15 14 1.090e+07 1
15 24 4.000e+00 4
15 25 3.072e+06 3
15 28 1.024e+06 3
15 29 4.681e+06 2
15 31 6.400e+01 1
15 35 1.024e+06 2
15 41 1.024e+06 3
15 42 3.072e+06 3
15 43 2.048e+06 2
15 47 1.600e+01 1
16 0 4.000e+01 1
16 2 1.004e+07 2
16 3 1.024e+06 3
16 6 1.024e+06 3
16 7 1.024e+06 4
16 17 5.632e+06 1
16 18 1.115e+07 1
16 19 5.844e+05 2
16 20 1.262e+07 1
16 21 4.202e+05 2
16 22 4.926e+05 2
16 24 3.286e+05 2
16 26 1.642e+05 3
16 28 1.642e+05 1
16 48 1.600e+01 1
17 1 1.360e+02 1
17 2 3.285e+05 3
17 3 4.424e+06 2
17 6 1.024e+06 4
17 7 2.560e+06 3
17 10 3.236e+06 5
17 16 5.796e+06 1
17 18 7.681e+05 2
17 19 6.144e+06 1
17 20 1.200e+01 2
17 21 7.168e+06 1
17 24 8.356e+06 3
17 25 1.188e+06 2
17 26 1.188e+06 4
17 29 4.000e+00 1
17 49 1.600e+01 1
18 2 2.000e+01 1
18 16 1.099e+07 1
18 17 1.425e+06 2
18 19 5.430e+06 1
18 20 1.280e+06 2
18 21 1.536e+06 3
18 22 1.192e+07 1
18 23 1.261e+06 2
18 26 3.285e+05 2
18 28 1.642e+05 2
18 30 1.642e+05 1
18 50 1.600e+01 1
19 3 1.600e+01 1
19 16 2.561e+05 2
19 17 6.308e+06 1
19 18 4.773e+06 1
19 21 4.096e+06 2
19 22 2.048e+06 2
19 23 6.656e+06 1
19 24 1.024e+06 4
19 25 1.600e+01 3
19 26 8.521e+06 3
19 27 1.188e+06 2
19 29 1.642e+05 2
19 51 1.600e+01 1
2 0 1.287e+07 1
2 1 3.492e+06 2
2 3 6.985e+06 1
2 4 2.560e+05 2
2 5 1.024e+06 3
2 6 1.185e+07 1
2 7 1.865e+06 2
2 10 5.200e+01 2
2 16 1.004e+07 2
2 17 4.927e+05 3
2 18 2.120e+02 1
2 20 1.600e+01 3
2 34 1.600e+01 1
20 2 1.600e+01 3
20 4 6.400e+01 1
20 6 8.521e+06 2
20 7 1.280e+06 3
20 16 1.245e+07 1
20 17 1.642e+05 2
20 18 1.280e+06 2
20 21 3.729e+06 1
20 22 1.075e+07 1
20 23 1.642e+05 2
20 28 1.353e+06 2
20 29 1.600e+01 3
20 34 2.560e+06 4
20 48 8.521e+06 2
20 49 3.284e+05 3
20 52 1.120e+02 1
21 3 1.642e+05 3
21 5 6.400e+01 1
21 7 2.304e+06 2
21 14 4.260e+06 5
21 16 2.560e+05 2
21 17 7.168e+06 1
21 18 1.536e+06 3
21 19 4.260e+06 2
21 20 3.236e+06 1
21 22 2.212e+06 2
21 23 6.893e+06 1
21 24 2.212e+06 2
21 25 4.096e+06 1
21 26 1.024e+06 3
21 27 1.024e+06 2
21 28 7.332e+06 3
21 29 1.353e+06 2
21 30 1.642e+05 4
21 35 1.024e+06 4
21 48 2.560e+06 3
21 49 1.024e+06 2
21 53 1.600e+01 1
22 6 1.600e+01 1
22 16 1.643e+05 2
22 18 1.143e+07 1
22 19 2.048e+06 2
22 20 1.075e+07 1
22 21 2.048e+06 2
22 23 4.333e+06 1
22 24 1.642e+05 2
22 26 2.560e+05 1
22 28 1.280e+06 3
22 29 1.642e+05 4
22 30 1.188e+06 2
22 50 1.006e+07 2
22 51 5.844e+05 3
22 54 1.120e+02 1
23 7 1.600e+01 1
23 18 7.681e+05 2
23 19 6.656e+06 1
23 20 2.800e+01 2
23 21 6.564e+06 1
23 22 4.004e+06 1
23 26 1.188e+06 2
23 27 3.072e+06 1
23 28 2.376e+06 4
23 29 1.024e+06 3
23 30 8.849e+06 3
23 31 2.480e+02 2
23 48 1.024e+06 4
23 50 2.048e+06 3
23 51 1.024e+06 2
23 55 1.600e+01 1
24 3 1.024e+06 5
24 7 2.800e+01 4
24 8 6.400e+01 1
24 10 3.400e+06 2
24 11 4.096e+06 3
24 14 1.024e+06 3
24 15 4.000e+00 4
24 16 1.643e+05 2
24 17 8.192e+06 3
24 19 1.024e+06 4
24 21 2.048e+06 2
24 22 1.200e+01 2
24 25 1.413e+07 1
24 26 5.284e+06 1
24 28 4.096e+06 1
24 56 1.600e+01 1
25 9 6.400e+01 1
25 10 1.200e+01 3
25 11 2.377e+06 2
25 14 2.048e+06 4
25 15 3.236e+06 3
25 17 1.517e+06 2
25 19 8.000e+00 3
25 21 4.260e+06 1
25 24 1.381e+07 1
25 26 2.800e+01 2
25 27 7.497e+06 1
25 29 9.289e+06 1
25 57 1.600e+01 1
26 10 1.600e+01 1
26 16 2.800e+01 3
26 17 1.024e+06 4
26 18 1.643e+05 2
26 19 8.192e+06 3
26 21 1.024e+06 3
26 22 2.560e+05 1
26 23 1.188e+06 2
26 24 5.284e+06 1
26 25 1.642e+05 2
26 27 1.073e+07 1
26 28 3.072e+06 2
26 29 2.048e+06 3
26 30 4.096e+06 1
26 31 2.400e+01 2
26 58 1.600e+01 1
27 11 1.600e+01 1
27 19 1.353e+06 2
27 21 1.024e+06 2
27 23 3.400e+06 1
27 25 7.333e+06 1
27 26 1.073e+07 1
27 29 4.516e+06 2
27 30 3.072e+06 2
27 31 4.425e+06 1
27 59 1.600e+01 1
28 7 2.560e+05 5
28 12 4.000e+01 1
28 14 4.260e+06 2
28 15 1.188e+06 3
28 16 2.800e+01 1
28 18 2.800e+01 2
28 20 1.188e+06 2
28 21 7.168e+06 3
28 22 1.280e+06 3
28 23 2.048e+06 4
28 24 4.260e+06 1
28 26 3.072e+06 2
28 29 9.453e+06 1
28 30 5.284e+06 1
28 31 2.048e+06 2
28 35 3.072e+06 5
28 48 1.200e+01 2
28 49 5.120e+06 3
28 51 1.024e+06 4
28 56 1.024e+06 2
28 60 1.600e+01 1
29 13 4.000e+01 1
29 15 4.681e+06 2
29 17 4.000e+00 1
29 19 1.600e+01 2
29 20 1.600e+01 3
29 21 1.353e+06 2
29 22 2.800e+01 4
29 23 1.024e+06 3
29 25 9.289e+06 1
29 26 2.048e+06 3
29 27 4.681e+06 2
29 28 9.289e+06 1
29 30 5.540e+06 2
29 31 6.565e+06 1
29 35 5.120e+05 4
29 41 2.560e+05 3
29 42 1.024e+06 5
29 43 1.280e+06 4
29 49 5.121e+05 2
29 51 1.024e+06 3
29 56 3.328e+06 3
29 57 2.048e+06 2
29 58 2.560e+05 4
29 61 1.600e+01 1
3 0 1.642e+05 2
3 1 6.893e+06 1
3 2 6.985e+06 1
3 6 2.048e+06 2
3 7 7.680e+06 1
3 8 3.072e+06 4
3 9 1.600e+01 3
3 10 7.332e+06 3
3 11 1.188e+06 2
3 14 1.200e+01 2
3 16 1.024e+06 3
3 17 4.096e+06 2
3 19 4.000e+01 1
3 21 1.200e+01 3
3 24 1.188e+06 5
3 35 1.600e+01 1
30 14 1.600e+01 1
30 18 2.800e+01 1
30 21 1.200e+01 4
30 22 1.188e+06 2
30 23 8.192e+06 3
30 26 4.096e+06 1
30 27 3.072e+06 2
30 28 5.120e+06 1
30 29 5.540e+06 2
30 31 1.176e+07 1
30 49 1.024e+06 4
30 51 4.260e+06 3
30 56 3.236e+06 3
30 58 1.024e+06 2
30 62 6.400e+01 1
31 15 1.600e+01 1
31 23 2.400e+01 2
31 26 1.642e+05 2
31 27 4.096e+06 1
31 28 2.212e+06 2
31 29 6.729e+06 1
31 30 1.176e+07 1
31 51 8.000e+00 2
31 56 2.212e+06 4
31 58 5.284e+06 3
31 59 2.048e+06 2
31 63 6.400e+01 1
32 0 6.400e+01 1
32 4 8.521e+06 2
32 5 3.072e+06 3
32 6 4.096e+06 3
32 7 2.560e+05 4
32 33 3.565e+06 1
32 34 1.024e+07 1
32 36 1.192e+07 1
32 37 8.405e+05 2
32 40 6.570e+05 2
32 48 1.600e+01 1
33 1 6.400e+01 1
33 5 1.280e+06 2
33 7 2.560e+05 3
33 12 8.009e+06 3
33 13 1.024e+06 2
33 14 2.048e+06 4
33 32 3.237e+06 1
33 34 2.048e+06 2
33 35 5.449e+06 1
33 36 5.120e+05 2
33 37 1.092e+07 1
33 39 1.642e+05 2
33 40 9.216e+06 3
33 41 2.377e+06 2
33 42 1.642e+05 4
33 43 4.000e+00 3
33 49 1.600e+01 1
34 2 8.800e+01 1
34 6 6.473e+06 2
34 7 2.560e+06 3
34 14 1.188e+06 2
34 20 2.560e+06 4
34 32 1.024e+07 1
34 33 2.048e+06 2
34 35 6.289e+06 1
34 36 5.120e+05 2
34 37 2.560e+05 3
34 38 1.088e+07 1
34 39 1.261e+06 2
34 42 6.570e+05 2
34 43 1.600e+01 3
34 48 9.216e+06 2
34 50 1.600e+01 1
35 3 8.800e+01 1
35 7 1.280e+06 2
35 12 1.024e+06 4
35 14 2.212e+06 3
35 15 1.352e+06 2
35 21 1.024e+06 4
35 28 3.072e+06 5
35 29 5.120e+05 4
35 33 5.120e+06 1
35 34 5.797e+06 1
35 37 1.024e+06 2
35 38 2.048e+06 2
35 39 5.120e+06 1
35 42 9.380e+06 3
35 43 3.285e+05 2
35 48 2.304e+06 3
35 49 4.096e+06 2
35 51 1.600e+01 1
35 56 1.024e+06 5
35 57 1.642e+05 4
36 4 1.600e+01 1
36 32 1.159e+07 1
36 33 5.120e+05 2
36 34 5.120e+05 2
36 37 3.966e+06 1
36 38 8.357e+06 1
36 39 1.642e+05 2
36 40 4.202e+05 1
36 44 1.517e+06 2
36 52 1.600e+01 1
37 5 1.600e+01 1
37 32 5.121e+05 2
37 33 1.075e+07 1
37 34 2.560e+05 3
37 35 1.024e+06 2
37 36 2.981e+06 1
37 38 4.352e+06 2
37 39 4.352e+06 1
37 40 5.777e+06 2
37 41 5.120e+06 1
37 42 2.048e+06 3
37 43 1.352e+06 2
37 44 5.449e+06 3
37 45 2.480e+02 2
37 53 1.600e+01 1
38 6 1.600e+01 1
38 34 9.729e+06 1
38 35 2.048e+06 2
38 36 8.192e+06 1
38 37 4.352e+06 2
38 39 6.965e+06 1
38 42 2.888e+06 1
38 44 1.700e+06 3
38 46 1.681e+06 2
38 52 1.024e+07 2
38 54 1.600e+01 1
39 7 1.600e+01 1
39 33 1.200e+01 2
39 34 7.681e+05 2
39 35 5.120e+06 1
39 36 2.800e+01 2
39 37 4.516e+06 1
39 38 6.309e+06 1
39 42 1.024e+06 2
39 43 3.236e+06 1
39 44 1.188e+06 4
39 46 7.661e+06 3
39 47 1.120e+02 2
39 48 2.560e+05 4
39 49 2.048e+06 3
39 52 1.024e+06 3
39 53 3.236e+06 2
39 55 4.000e+01 1
39 57 1.188e+06 3
4 0 8.521e+06 1
4 1 1.024e+06 2
4 2 2.560e+05 2
4 5 9.617e+06 1
4 6 8.613e+06 1
4 7 2.000e+01 2
4 12 5.121e+05 2
4 20 1.600e+01 1
4 32 8.192e+06 2
4 36 1.600e+01 1
40 8 1.600e+01 1
40 12 1.024e+06 2
40 13 5.120e+06 3
40 32 1.644e+05 2
40 33 9.216e+06 3
40 36 2.561e+05 1
40 37 5.120e+06 2
40 41 8.685e+06 1
40 42 7.332e+06 1
40 43 2.212e+06 2
40 44 6.308e+06 1
40 45 1.600e+01 2
40 56 1.600e+01 1
41 9 4.000e+01 1
41 12 1.200e+01 3
41 13 4.260e+06 2
41 15 1.024e+06 3
41 29 2.560e+05 3
41 33 2.541e+06 2
41 37 5.284e+06 1
41 40 8.685e+06 1
41 42 2.048e+06 2
41 43 9.545e+06 1
41 44 1.024e+06 2
41 45 6.308e+06 1
41 57 1.600e+01 1
42 10 1.600e+01 1
42 14 1.024e+06 2
42 15 3.072e+06 3
42 29 1.024e+06 5
42 33 1.200e+01 4
42 34 1.644e+05 2
42 35 9.216e+06 3
42 37 2.048e+06 3
42 38 2.560e+06 1
42 39 1.024e+06 2
42 40 7.168e+06 1
42 41 2.048e+06 2
42 43 8.941e+06 1
42 44 2.048e+06 2
42 45 2.048e+06 3
42 46 5.284e+06 1
42 47 4.000e+01 2
42 49 1.352e+06 5
42 53 1.024e+06 4
42 56 3.072e+06 2
42 58 6.400e+01 1
43 11 4.000e+01 1
43 13 1.024e+06 3
43 15 2.212e+06 2
43 29 1.280e+06 4
43 33 4.000e+00 3
43 34 1.600e+01 3
43 35 3.286e+05 2
43 37 1.024e+06 2
43 39 3.400e+06 1
43 40 2.048e+06 2
43 41 9.216e+06 1
43 42 8.777e+06 1
43 44 1.024e+06 3
43 45 5.284e+06 2
43 46 2.304e+06 2
43 47 1.536e+06 1
43 56 1.024e+06 3
43 57 3.328e+06 2
43 59 1.600e+01 1
44 12 1.600e+01 1
44 36 1.188e+06 2
44 37 5.120e+06 3
44 38 1.536e+06 3
44 39 1.024e+06 4
44 40 6.144e+06 1
44 41 1.188e+06 2
44 42 2.048e+06 2
44 43 1.024e+06 3
44 45 1.176e+07 1
44 46 6.144e+06 1
44 47 2.212e+06 2
44 60 1.600e+01 1
45 13 1.600e+01 1
45 37 3.285e+05 2
45 40 8.000e+00 2
45 41 6.473e+06 1
45 42 2.048e+06 3
45 43 5.120e+06 2
45 44 1.159e+07 1
45 46 2.048e+06 2
45 47 1.073e+07 1
45 61 1.600e+01 1
46 14 1.600e+01 1
46 38 1.188e+06 2
46 39 7.168e+06 3
46 42 5.120e+06 1
46 43 2.304e+06 2
46 44 6.144e+06 1
46 45 2.048e+06 2
46 47 1.040e+07 1
46 53 2.048e+06 5
46 56 1.188e+06 3
46 57 2.212e+06 4
46 60 5.449e+06 2
46 62 1.120e+02 1
47 15 1.600e+01 1
47 39 1.600e+01 2
47 42 1.642e+05 2
47 43 1.536e+06 1
47 44 2.212e+06 2
47 45 1.040e+07 1
47 46 1.073e+07 1
47 56 1.024e+06 4
47 57 2.212e+06 3
47 60 2.048e+06 3
47 61 4.260e+06 2
47 63 6.400e+01 1
48 16 4.000e+01 1
48 20 8.192e+06 2
48 21 2.560e+06 3
48 23 1.024e+06 4
48 28 1.642e+05 2
48 32 1.600e+01 1
48 34 9.216e+06 2
48 35 2.304e+06 3
48 39 2.560e+05 4
48 49 8.337e+06 1
48 50 1.024e+07 1
48 52 1.174e+07 1
48 53 5.844e+05 2
48 56 2.800e+01 2
48 57 1.600e+01 3
49 17 4.000e+01 1
49 20 5.600e+01 3
49 21 1.024e+06 2
49 28 5.120e+06 3
49 29 6.762e+05 2
49 30 1.024e+06 4
49 33 6.400e+01 1
49 35 4.260e+06 2
49 39 2.212e+06 3
49 42 1.024e+06 5
49 48 7.845e+06 1
49 50 1.280e+06 2
49 51 7.332e+06 1
49 52 1.024e+06 2
49 53 7.168e+06 1
49 56 5.284e+06 3
49 57 1.865e+06 2
49 58 1.024e+06 4
49 59 1.600e+01 3
5 0 1.444e+06 2
5 1 8.777e+06 1
5 2 1.024e+06 3
5 4 9.453e+06 1
5 6 5.120e+06 2
5 7 7.661e+06 1
5 8 5.844e+05 2
5 9 3.072e+06 1
5 10 1.024e+06 3
5 12 7.897e+06 3
5 13 1.646e+05 2
5 14 3.284e+05 4
5 21 1.600e+01 1
5 32 3.072e+06 3
5 33 1.608e+06 2
5 37 6.400e+01 1
50 18 1.600e+01 1
50 22 9.728e+06 2
50 23 2.048e+06 3
50 34 1.600e+01 1
50 48 1.024e+07 1
50 49 1.280e+06 2
50 51 7.917e+06 1
50 54 1.108e+07 1
50 55 1.096e+06 2
50 58 2.800e+01 2
51 19 1.600e+01 1
51 22 2.561e+05 3
51 23 1.024e+06 2
51 28 1.024e+06 4
51 29 1.024e+06 3
51 30 4.096e+06 3
51 31 1.600e+01 2
51 35 1.600e+01 1
51 49 7.332e+06 1
51 50 7.753e+06 1
51 53 1.024e+06 2
51 54 1.024e+06 2
51 55 7.168e+06 1
51 56 2.048e+06 4
51 57 4.000e+00 3
51 58 7.661e+06 3
51 59 1.024e+06 2
52 20 1.600e+01 1
52 36 1.600e+01 1
52 38 1.024e+07 2
52 39 1.024e+06 3
52 48 1.075e+07 1
52 49 1.024e+06 2
52 53 8.922e+06 1
52 54 1.024e+07 1
52 56 1.352e+06 1
52 60 1.353e+06 2
53 21 1.600e+01 1
53 37 1.600e+01 1
53 39 3.072e+06 2
53 42 1.024e+06 4
53 46 2.048e+06 5
53 48 2.561e+05 2
53 49 7.332e+06 1
53 51 1.024e+06 2
53 52 8.101e+06 1
53 54 1.444e+06 2
53 55 5.449e+06 1
53 56 3.236e+06 2
53 57 4.772e+06 1
53 58 1.024e+06 3
53 60 8.192e+06 3
53 61 1.024e+06 2
53 62 1.188e+06 4
53 63 1.600e+01 3
54 22 1.600e+01 1
54 38 1.600e+01 1
54 50 1.075e+07 1
54 51 1.024e+06 2
54 52 1.024e+07 1
54 53 1.280e+06 2
54 55 7.661e+06 1
54 58 2.560e+05 1
54 60 1.864e+06 3
54 62 1.097e+06 2
55 23 1.600e+01 1
55 39 1.600e+01 1
55 50 7.681e+05 2
55 51 7.332e+06 1
55 53 5.120e+06 1
55 54 7.333e+06 1
55 56 1.642e+05 3
55 58 3.400e+06 2
55 59 3.072e+06 1
55 60 2.048e+06 4
55 62 7.332e+06 3
55 63 1.280e+02 2
56 24 1.600e+01 1
56 28 1.024e+06 2
56 29 3.328e+06 3
56 30 3.072e+06 3
56 31 2.048e+06 4
56 35 1.024e+06 5
56 40 1.600e+01 1
56 42 3.072e+06 2
56 43 1.024e+06 3
56 46 1.024e+06 3
56 47 1.024e+06 4
56 48 1.642e+05 2
56 49 5.120e+06 3
56 51 2.048e+06 4
56 52 1.024e+06 1
56 53 3.072e+06 2
56 55 1.200e+01 3
56 57 1.039e+07 1
56 58 9.380e+06 1
56 59 1.024e+06 2
56 60 4.096e+06 1
56 61 1.024e+06 2
57 25 1.600e+01 1
57 29 2.048e+06 2
57 35 1.200e+01 4
57 39 1.024e+06 3
57 41 1.600e+01 1
57 43 3.328e+06 2
57 46 2.048e+06 4
57 47 2.048e+06 3
57 48 1.600e+01 3
57 49 2.029e+06 2
57 51 4.000e+00 3
57 53 4.772e+06 1
57 56 1.022e+07 1
57 58 2.560e+05 2
57 59 3.584e+06 1
57 61 1.159e+07 1
57 62 1.024e+06 3
57 63 1.024e+06 2
58 26 1.600e+01 1
58 29 2.560e+05 4
58 30 1.024e+06 2
58 31 5.120e+06 3
58 42 1.600e+01 1
58 49 1.024e+06 4
58 50 1.643e+05 2
58 51 7.168e+06 3
58 53 1.188e+06 3
58 54 2.560e+05 1
58 55 3.072e+06 2
58 56 9.216e+06 1
58 57 2.560e+05 2
58 59 1.176e+07 1
58 60 1.024e+06 2
58 61 1.024e+06 3
58 62 4.096e+06 1
58 63 2.400e+01 2
59 27 1.600e+01 1
59 31 2.048e+06 2
59 43 1.600e+01 1
59 49 8.000e+00 3
59 51 1.353e+06 2
59 55 3.400e+06 1
59 56 1.024e+06 2
59 57 3.584e+06 1
59 58 1.159e+07 1
59 61 1.024e+06 2
59 62 3.072e+06 2
59 63 3.072e+06 1
6 0 1.642e+05 2
6 1 2.560e+05 3
6 2 1.185e+07 1
6 3 2.048e+06 2
6 4 8.941e+06 1
6 5 5.120e+06 2
6 7 4.937e+06 1
6 10 2.560e+05 1
6 12 2.560e+05 3
6 14 5.121e+05 2
6 16 1.024e+06 3
6 17 1.024e+06 4
6 20 8.521e+06 2
6 22 6.400e+01 1
6 32 4.425e+06 3
6 34 6.473e+06 2
6 38 1.120e+02 1
60 28 1.600e+01 1
60 44 1.600e+01 1
60 46 5.120e+06 2
60 47 2.048e+06 3
60 52 1.188e+06 2
60 53 8.192e+06 3
60 54 1.536e+06 3
60 55 2.048e+06 4
60 56 4.096e+06 1
60 58 1.024e+06 2
60 61 9.545e+06 1
60 62 7.497e+06 1
60 63 2.048e+06 2
61 29 1.600e+01 1
61 45 1.600e+01 1
61 47 4.096e+06 2
61 53 1.353e+06 2
61 56 1.024e+06 2
61 57 1.176e+07 1
61 58 1.024e+06 3
61 59 1.024e+06 2
61 60 9.709e+06 1
61 62 3.236e+06 2
61 63 5.120e+06 1
62 30 1.600e+01 1
62 46 1.600e+01 1
62 53 1.024e+06 4
62 54 9.324e+05 2
62 55 7.332e+06 3
62 57 1.024e+06 3
62 58 4.096e+06 1
62 59 3.072e+06 2
62 60 7.168e+06 1
62 61 3.072e+06 2
62 63 1.278e+07 1
63 31 1.600e+01 1
63 47 1.600e+01 1
63 53 8.000e+00 3
63 55 2.400e+01 2
63 57 1.024e+06 2
63 58 1.642e+05 2
63 59 3.072e+06 1
63 60 2.212e+06 2
63 61 5.284e+06 1
63 62 1.278e+07 1
7 0 1.642e+05 3
7 1 1.024e+06 2
7 2 1.700e+06 2
7 3 7.680e+06 1
7 4 1.642e+05 2
7 5 7.497e+06 1
7 6 5.101e+06 1
7 10 2.193e+06 2
7 11 2.048e+06 1
7 12 2.304e+06 4
7 14 5.613e+06 3
7 15 1.644e+05 2
7 16 1.024e+06 4
7 17 2.889e+06 3
7 20 1.280e+06 3
7 21 2.633e+06 2
7 23 1.600e+02 1
7 24 1.642e+05 4
7 28 4.202e+05 5
7 32 2.560e+05 4
7 33 2.560e+05 3
7 34 2.724e+06 3
7 35 1.773e+06 2
7 39 1.120e+02 1
8 0 1.643e+05 2
8 1 8.337e+06 3
8 3 3.072e+06 4
8 5 2.560e+05 2
8 9 9.709e+06 1
8 10 7.333e+06 1
8 11 1.188e+06 2
8 12 5.120e+06 1
8 13 1.642e+05 2
8 14 2.048e+06 2
8 24 1.600e+01 1
8 40 1.600e+01 1
9 1 1.517e+06 2
9 3 8.000e+00 3
9 5 3.236e+06 1
9 8 1.004e+07 1
9 10 3.072e+06 2
9 11 6.309e+06 1
9 12 1.024e+06 2
9 13 8.521e+06 1
9 25 1.600e+01 1
9 41 1.600e+01 1
