3497 3593 2766440
3497 3529 2.65824e+06
3497 3521 5052528
3497 3505 5034272
3497 3504 9272056
3497 3498 9390168
3498 3594 2705984
3498 3530 2741680
3498 3522 4939056
3498 3506 5077496
3498 3497 9390400
3498 3499 9343080
3507 3603 2773000
3507 3539 2687072
3507 3499 5006488
3507 3515 5.02067e+06
3507 3506 9410344
3507 3508 9428040
3597 3565 2.65544e+06
3597 3501 2745208
3597 3621 5085120
3597 3605 5082256
3597 3596 9377928
3597 3598 9378200
3598 3566 2.71049e+06
3598 3502 2.72228e+06
3598 3622 4.9631e+06
3598 3606 5042008
3598 3597 9378408
3598 3599 9292032
3599 3567 2.72334e+06
3599 3503 2.67366e+06
3599 3623 5044192
3599 3607 5010400
3599 3598 9294256
3599 3600 9400200
3600 3568 2.69829e+06
3600 3504 2.70266e+06
3600 3624 5077248
3600 3608 5002096
3600 3599 9400576
3600 3593 9362104
3601 3569 2.64791e+06
3601 3505 2.70832e+06
3601 3593 5002520
3601 3609 5038464
3601 3608 9356320
3601 3602 9420792
3602 3570 2789352
3602 3506 2.70898e+06
3602 3594 5150944
3602 3610 5.0536e+06
3602 3601 9423440
3602 3603 9388040
3603 3571 2647024
3603 3507 2773472
3603 3595 4978704
3603 3611 5068656
3603 3602 9388000
3603 3604 9371072
3604 3572 2757640
3604 3508 2622000
3604 3596 5048040
3604 3612 5000728
3604 3603 9371856
3604 3605 9362408
3605 3573 2.6945e+06
3605 3509 2738064
3605 3597 5.08345e+06
3605 3613 5047784
3605 3604 9362568
3605 3606 9340160
3606 3574 2744408
3606 3510 2.60922e+06
3606 3598 5041488
3606 3614 4969928
3606 3605 9340320
3606 3607 9324104
3508 3604 2.62358e+06
3508 3540 2745568
3508 3500 5103360
3508 3516 5025528
3508 3507 9428408
3508 3509 9388296
3607 3575 2690176
3607 3511 2728208
3607 3599 5010320
3607 3615 5029336
3607 3606 9324768
3607 3608 9388120
3608 3576 2.74514e+06
3608 3512 2.63242e+06
3608 3600 5001344
3608 3616 5041296
3608 3607 9.38834e+06
3608 3601 9355272
3609 3577 2733088
3609 3513 2.61398e+06
3609 3601 5040160
3609 3617 4991296
3609 3616 9387792
3609 3610 9366224
3610 3578 2.70268e+06
3610 3514 2.66631e+06
3610 3602 5.05378e+06
3610 3618 5023928
3610 3609 9368192
3610 3611 9.3887e+06
3611 3579 2750400
3611 3515 2694728
3611 3603 5068640
3611 3619 5072280
3611 3610 9390808
3611 3612 9385832
3612 3580 2656856
3612 3516 2669112
3612 3604 5001968
3612 3620 4973992
3612 3611 9385528
3612 3613 9380400
3613 3581 2.67431e+06
3613 3517 2.68476e+06
3613 3605 5.04748e+06
3613 3621 5080400
3613 3612 9381832
3613 3614 9298176
3614 3582 2.70074e+06
3614 3518 2723584
3614 3606 4970240
3614 3622 5036440
3614 3613 9296880
3614 3615 9305624
3615 3583 2.62733e+06
3615 3519 2.65782e+06
3615 3607 5028152
3615 3623 5005568
3615 3614 9307552
3615 3616 9391792
3616 3584 2.66478e+06
3616 3520 2.75298e+06
3616 3608 5042264
3616 3624 5054632
3616 3615 9393016
3616 3609 9388112
3509 3605 2738216
3509 3541 2.65322e+06
3509 3501 5010184
3509 3517 5101696
3509 3508 9.38882e+06
3509 3510 9357672
3617 3585 2.7265e+06
3617 3521 2653320
3617 3609 4992160
3617 3593 5029352
3617 3624 9371240
3617 3618 9355456
3618 3586 2656448
3618 3522 2.74288e+06
3618 3610 5024128
3618 3594 5002872
3618 3617 9355408
3618 3619 9324216
3619 3587 2.65305e+06
3619 3523 2.68842e+06
3619 3611 5070936
3619 3595 4977672
3619 3618 9324744
3619 3620 9416656
3620 3588 2.67537e+06
3620 3524 2681224
3620 3612 4976864
3620 3596 5051104
3620 3619 9419728
3620 3621 9389160
3621 3589 2.83834e+06
3621 3525 2.72766e+06
3621 3613 5084272
3621 3597 5.08329e+06
3621 3620 9391808
3621 3622 9352744
3622 3590 2607480
3622 3526 2.6857e+06
3622 3614 5034480
3622 3598 4960920
3622 3621 9352416
3622 3623 9268992
3623 3591 2.81693e+06
3623 3527 2.63834e+06
3623 3615 5.0065e+06
3623 3599 5045000
3623 3622 9271264
3623 3624 9.40185e+06
3624 3592 2680304
3624 3528 2796464
3624 3616 5056440
3624 3600 5078416
3624 3623 9.40353e+06
3624 3617 9372648
3510 3606 2.61085e+06
3510 3542 2722208
3510 3502 5043152
3510 3518 4983304
3510 3509 9357088
3510 3511 9344912
3511 3607 2.72718e+06
3511 3543 2625312
3511 3503 5028288
3511 3519 4960576
3511 3510 9345944
3511 3512 9401408
3512 3608 2.63341e+06
3512 3544 2710088
3512 3504 4979496
3512 3520 5065432
3512 3511 9403072
3512 3505 9280200
3513 3609 2.61427e+06
3513 3545 2.71543e+06
3513 3505 5066696
3513 3521 4989592
3513 3520 9374336
3513 3514 9.39368e+06
3514 3610 2.66654e+06
3514 3546 2759184
3514 3506 5093520
3514 3522 5040352
3514 3513 9393712
3514 3515 9412632
3515 3611 2.69462e+06
3515 3547 2.67211e+06
3515 3507 5020280
3515 3523 5.07906e+06
3515 3514 9414136
3515 3516 9373264
3516 3612 2669288
3516 3548 2.74866e+06
3516 3508 5028112
3516 3524 5.01419e+06
3516 3515 9374704
3516 3517 9394912
3499 3595 2683328
3499 3531 2685664
3499 3523 5031816
3499 3507 5005264
3499 3498 9343752
3499 3500 9.4156e+06
3517 3613 2.68739e+06
3517 3549 2.6742e+06
3517 3509 5103472
3517 3525 5033576
3517 3516 9395320
3517 3518 9335632
3518 3614 2.72449e+06
3518 3550 2.70477e+06
3518 3510 4.98454e+06
3518 3526 5038568
3518 3517 9336232
3518 3519 9362344
3519 3615 2659280
3519 3551 2.70782e+06
3519 3511 4.95996e+06
3519 3527 5014600
3519 3518 9363936
3519 3520 9387536
3520 3616 2754624
3520 3552 2794960
3520 3512 5068576
3520 3528 5100160
3520 3519 9390832
3520 3513 9372760
3521 3617 2.65286e+06
3521 3553 2.76506e+06
3521 3513 4991224
3521 3497 5052184
3521 3528 9355696
3521 3522 9367288
3522 3618 2.74405e+06
3522 3554 2.55822e+06
3522 3514 5.03886e+06
3522 3498 4937688
3522 3521 9368608
3522 3523 9318472
3523 3619 2.68832e+06
3523 3555 2.71602e+06
3523 3515 5078600
3523 3499 5031640
3523 3522 9320896
3523 3524 9383424
3524 3620 2682128
3524 3556 2720440
3524 3516 5017456
3524 3500 5051080
3524 3523 9384032
3524 3525 9404312
3525 3621 2.72787e+06
3525 3557 2748776
3525 3517 5035640
3525 3501 5020352
3525 3524 9406440
3525 3526 9355024
3526 3622 2684152
3526 3558 2614056
3526 3518 5037392
3526 3502 5003728
3526 3525 9.35825e+06
3526 3527 9315376
3500 3596 2.75354e+06
3500 3532 2698328
3500 3524 5052592
3500 3508 5103208
3500 3499 9418816
3500 3501 9393600
3527 3623 2.63832e+06
3527 3559 2761664
3527 3519 5014840
3527 3503 4997304
3527 3526 9317296
3527 3528 9367568
3528 3624 2795664
3528 3560 2603288
3528 3520 5098808
3528 3504 5124520
3528 3527 9370128
3528 3521 9355720
3529 3497 2.65866e+06
3529 3561 2.64366e+06
3529 3553 5002832
3529 3537 5053152
3529 3536 9227408
3529 3530 9416968
3530 3498 2741152
3530 3562 2661912
3530 3554 4980024
3530 3538 4989880
3530 3529 9417720
3530 3531 9348512
3531 3499 2.68805e+06
3531 3563 2769816
3531 3555 5.04465e+06
3531 3539 5060448
3531 3530 9351032
3531 3532 9398112
3532 3500 2.69814e+06
3532 3564 2733928
3532 3556 5035272
3532 3540 5105752
3532 3531 9400616
3532 3533 9411504
3533 3501 2664336
3533 3565 2.68113e+06
3533 3557 5019736
3533 3541 4986480
3533 3532 9413152
3533 3534 9419224
3534 3502 2.75141e+06
3534 3566 2.68476e+06
3534 3558 5095536
3534 3542 5042216
3534 3533 9422760
3534 3535 9407120
3535 3503 2.69906e+06
3535 3567 2778008
3535 3559 5054448
3535 3543 5156736
3535 3534 9408432
3535 3536 9383960
3536 3504 2.73009e+06
3536 3568 2616816
3536 3560 5056864
3536 3544 4959488
3536 3535 9384296
3536 3529 9228424
3501 3597 2745888
3501 3533 2.66306e+06
3501 3525 5020680
3501 3509 5008608
3501 3500 9393952
3501 3502 9369784
3537 3505 2.70871e+06
3537 3569 2830760
3537 3529 5055240
3537 3545 5066208
3537 3544 9232592
3537 3538 9409712
3538 3506 2.70946e+06
3538 3570 2596896
3538 3530 4989968
3538 3546 5078816
3538 3537 9408872
3538 3539 9355928
3539 3507 2.68659e+06
3539 3571 2689360
3539 3531 5061176
3539 3547 4966280
3539 3538 9356824
3539 3540 9430416
3540 3508 2.74726e+06
3540 3572 2646912
3540 3532 5106144
3540 3548 5115640
3540 3539 9431968
3540 3541 9408712
3541 3509 2.65449e+06
3541 3573 2.71678e+06
3541 3533 4986528
3541 3549 5011608
3541 3540 9409264
3541 3542 9371216
3542 3510 2.72282e+06
3542 3574 2694984
3542 3534 5044632
3542 3550 5008960
3542 3541 9372392
3542 3543 9430008
3543 3511 2.62719e+06
3543 3575 2.77552e+06
3543 3535 5157920
3543 3551 5042560
3543 3542 9431008
3543 3544 9423720
3544 3512 2709248
3544 3576 2.71239e+06
3544 3536 4960272
3544 3552 5052576
3544 3543 9424992
3544 3537 9230720
3545 3513 2.71563e+06
3545 3577 2.6716e+06
3545 3537 5.06663e+06
3545 3553 5000200
3545 3552 9336000
3545 3546 9388776
3546 3514 2759568
3546 3578 2755504
3546 3538 5080336
3546 3554 5074912
3546 3545 9391000
3546 3547 9.3759e+06
3502 3598 2.72291e+06
3502 3534 2.75086e+06
3502 3526 5.00384e+06
3502 3510 5042552
3502 3501 9370832
3502 3503 9.32095e+06
3547 3515 2672232
3547 3579 2.66966e+06
3547 3539 4966504
3547 3555 5005424
3547 3546 9375240
3547 3548 9397384
3548 3516 2.74966e+06
3548 3580 2.75425e+06
3548 3540 5117232
3548 3556 5109448
3548 3547 9398632
3548 3549 9370864
3549 3517 2671808
3549 3581 2696240
3549 3541 5012896
3549 3557 4991864
3549 3548 9371224
3549 3550 9.35056e+06
3550 3518 2.70514e+06
3550 3582 2676768
3550 3542 5010128
3550 3558 5.03204e+06
3550 3549 9352728
3550 3551 9424064
3551 3519 2.70865e+06
3551 3583 2.72911e+06
3551 3543 5.04348e+06
3551 3559 5074696
3551 3550 9426888
3551 3552 9401696
3552 3520 2795912
3552 3584 2676360
3552 3544 5055048
3552 3560 5071656
3552 3551 9404360
3552 3545 9334208
3553 3521 2764256
3553 3585 2646808
3553 3545 5002744
3553 3529 5004784
3553 3560 9304528
3553 3554 9382624
3554 3522 2558472
3554 3586 2737048
3554 3546 5073552
3554 3530 4980424
3554 3553 9384376
3554 3555 9344808
3555 3523 2715280
3555 3587 2.61006e+06
3555 3547 5006704
3555 3531 5043152
3555 3554 9345776
3555 3556 9366480
3556 3524 2720312
3556 3588 2.72282e+06
3556 3548 5108600
3556 3532 5034344
3556 3555 9370344
3556 3557 9388024
3503 3599 2674512
3503 3535 2697160
3503 3527 4.99678e+06
3503 3511 5027992
3503 3502 9322640
3503 3504 9384304
3557 3525 2.74886e+06
3557 3589 2634688
3557 3549 4994384
3557 3533 5.0203e+06
3557 3556 9389520
3557 3558 9389008
3558 3526 2.61394e+06
3558 3590 2776672
3558 3550 5031056
3558 3534 5.09541e+06
3558 3557 9392552
3558 3559 9407760
3559 3527 2.76345e+06
3559 3591 2.65671e+06
3559 3551 5073472
3559 3535 5054296
3559 3558 9410464
3559 3560 9385120
3560 3528 2.6031e+06
3560 3592 2753176
3560 3552 5072104
3560 3536 5058336
3560 3559 9386584
3560 3553 9304320
3561 3529 2.64378e+06
3561 3593 2669568
3561 3585 4976192
3561 3569 5036744
3561 3568 9343008
3561 3562 9400512
3562 3530 2661888
3562 3594 2.69995e+06
3562 3586 5045528
3562 3570 5072720
3562 3561 9401936
3562 3563 9358712
3563 3531 2.77025e+06
3563 3595 2658640
3563 3587 4.97868e+06
3563 3571 5006320
3563 3562 9359392
3563 3564 9370984
3564 3532 2735280
3564 3596 2.72675e+06
3564 3588 5042576
3564 3572 5071184
3564 3563 9374768
3564 3565 9361704
3565 3533 2680464
3565 3597 2654960
3565 3589 5038760
3565 3573 5050464
3565 3564 9364576
3565 3566 9414784
3566 3534 2.68603e+06
3566 3598 2.71042e+06
3566 3590 5081448
3566 3574 5060264
3566 3565 9417096
3566 3567 9369472
3504 3600 2.70311e+06
3504 3536 2730760
3504 3528 5124952
3504 3512 4978664
3504 3503 9385800
3504 3497 9270656
3567 3535 2.77701e+06
3567 3599 2724336
3567 3591 5085968
3567 3575 5.1005e+06
3567 3566 9370600
3567 3568 9414320
3568 3536 2.61686e+06
3568 3600 2.69666e+06
3568 3592 5038648
3568 3576 4994448
3568 3567 9412728
3568 3561 9343136
3569 3537 2.83262e+06
3569 3601 2.64799e+06
3569 3561 5038936
3569 3577 5.07473e+06
3569 3576 9321344
3569 3570 9380880
3570 3538 2.59669e+06
3570 3602 2786672
3570 3562 5.07406e+06
3570 3578 5.0268e+06
3570 3569 9382128
3570 3571 9344912
3571 3539 2690112
3571 3603 2.64593e+06
3571 3563 5008032
3571 3579 5.03938e+06
3571 3570 9344912
3571 3572 9398832
3572 3540 2645968
3572 3604 2.75802e+06
3572 3564 5070672
3572 3580 5076464
3572 3571 9401272
3572 3573 9376184
3573 3541 2717472
3573 3605 2.6935e+06
3573 3565 5051856
3573 3581 5002152
3573 3572 9377320
3573 3574 9385256
3574 3542 2694672
3574 3606 2.7444e+06
3574 3566 5060304
3574 3582 5006984
3574 3573 9385816
3574 3575 9403304
3575 3543 2775592
3575 3607 2692048
3575 3567 5099984
3575 3583 5107336
3575 3574 9406176
3575 3576 9405688
3576 3544 2.71325e+06
3576 3608 2.74478e+06
3576 3568 4995296
3576 3584 4996216
3576 3575 9405952
3576 3569 9321376
3505 3601 2706928
3505 3537 2.70819e+06
3505 3497 5035840
3505 3513 5067224
3505 3512 9283336
3505 3506 9414944
3577 3545 2671816
3577 3609 2.73293e+06
3577 3569 5073280
3577 3585 5026904
3577 3584 9346472
3577 3578 9345392
3578 3546 2754680
3578 3610 2701536
3578 3570 5029744
3578 3586 5006248
3578 3577 9345960
3578 3579 9354896
3579 3547 2.6721e+06
3579 3611 2751392
3579 3571 5040608
3579 3587 5011440
3579 3578 9356432
3579 3580 9406656
3580 3548 2755008
3580 3612 2.65731e+06
3580 3572 5076200
3580 3588 5067192
3580 3579 9409008
3580 3581 9.35164e+06
3581 3549 2.69571e+06
3581 3613 2672408
3581 3573 5.00265e+06
3581 3589 5044432
3581 3580 9351896
3581 3582 9327032
3582 3550 2.67742e+06
3582 3614 2.70034e+06
3582 3574 5006768
3582 3590 5037464
3582 3581 9328776
3582 3583 9367800
3583 3551 2.72886e+06
3583 3615 2627072
3583 3575 5106272
3583 3591 5.07273e+06
3583 3582 9369752
3583 3584 9395208
3584 3552 2675928
3584 3616 2.66457e+06
3584 3576 4.99623e+06
3584 3592 5.00667e+06
3584 3583 9394952
3584 3577 9345208
3585 3553 2647296
3585 3617 2.72602e+06
3585 3577 5028176
3585 3561 4975984
3585 3592 9357448
3585 3586 9330568
3586 3554 2.73736e+06
3586 3618 2.65622e+06
3586 3578 5006912
3586 3562 5045456
3586 3585 9330808
3586 3587 9363752
3506 3602 2710432
3506 3538 2.71155e+06
3506 3498 5076944
3506 3514 5094960
3506 3505 9415152
3506 3507 9410312
3587 3555 2.61042e+06
3587 3619 2.65153e+06
3587 3579 5.0113e+06
3587 3563 4977048
3587 3586 9365424
3587 3588 9366080
3588 3556 2.72266e+06
3588 3620 2676080
3588 3580 5067952
3588 3564 5040848
3588 3587 9371568
3588 3589 9360696
3589 3557 2.634e+06
3589 3621 2.83885e+06
3589 3581 5046256
3589 3565 5037656
3589 3588 9361848
3589 3590 9378536
3590 3558 2.77808e+06
3590 3622 2.60714e+06
3590 3582 5.03814e+06
3590 3566 5079672
3590 3589 9380112
3590 3591 9368488
3591 3559 2657944
3591 3623 2.81812e+06
3591 3583 5073848
3591 3567 5084688
3591 3590 9369872
3591 3592 9420328
3592 3560 2753680
3592 3624 2679024
3592 3584 5007264
3592 3568 5040080
3592 3591 9420160
3592 3585 9358280
3593 3561 2670104
3593 3497 2767344
3593 3617 5029624
3593 3601 5002888
3593 3600 9361840
3593 3594 9416960
3594 3562 2699920
3594 3498 2.70619e+06
3594 3618 5.00282e+06
3594 3602 5149128
3594 3593 9417776
3594 3595 9346192
3595 3563 2.65774e+06
3595 3499 2.6832e+06
3595 3619 4.97955e+06
3595 3603 4977760
3595 3594 9344688
3595 3596 9387488
3596 3564 2727624
3596 3500 2.75337e+06
3596 3620 5.05425e+06
3596 3604 5047768
3596 3595 9391896
3596 3597 9376240
