760 764 6.14429e+06
760 762 10477292
760 761 9.52554e+06
760 1319 16
760 1279 16
760 843 16
760 806 1.0241e+06
760 763 2.54071e+06
760 804 4
760 805 4
760 765 1.02402e+06
761 765 5.12026e+06
761 763 8960400
761 760 9.68973e+06
761 806 8.96034e+06
761 1320 16
761 1280 184
761 852 16
761 807 1352680
761 809 48
761 811 24
761 805 3072060
761 762 512040
761 764 1.28004e+06
761 808 2.37644e+06
761 843 1.02408e+06
808 812 5.12022e+06
808 806 9.19698e+06
808 1271 4260300
808 763 3.23633e+06
808 809 1.19214e+07
808 1329 16
808 1289 16
808 1273 40
808 762 164264
808 761 2.04806e+06
808 807 3.07207e+06
808 852 3.58419e+06
808 1256 1.02402e+06
808 813 164200
808 810 1.02402e+06
1355 1351 10496516
1355 1357 11684680
1355 1356 5357028
1355 1283 16
1355 1323 232
1355 1373 16
1355 1363 2.56017e+06
1355 1359 256024
1355 1353 256052
1355 1352 2.04805e+06
1355 1358 1.18822e+06
1356 1352 9636488
1356 1358 5.44862e+06
1356 1355 5028508
1356 1363 5.10084e+06
1356 1284 16
1356 1324 16
1356 1374 16
1356 1364 256256
1356 1360 4096152
1356 1351 768120
1356 1354 1.02402e+06
1356 1359 5173120
1356 1361 1.18822e+06
1356 1353 256024
1356 1362 1.02404e+06
1356 1357 420252
1357 1353 10496576
1357 1355 1.16846e+07
1357 1373 10404492
1357 1358 5.70475e+06
1357 1285 16
1357 1325 160
1357 1375 40
1357 1365 2.12063e+06
1357 1359 256020
1357 1363 1096480
1357 1361 256024
1357 1369 256052
1357 1356 420244
1357 1354 1.02402e+06
1357 1370 1.02402e+06
1358 1354 6.14416e+06
1358 1356 5284384
1358 1374 3072076
1358 1357 5.54045e+06
1358 1365 4.0961e+06
1358 1286 16
1358 1326 16
1358 1376 64
1358 1368 88
1358 1362 3072136
1358 1352 1.02402e+06
1358 1359 1.02402e+06
1358 1363 2.04804e+06
1358 1361 3.56467e+06
1358 1353 768120
1358 1370 2.04805e+06
1358 1369 256024
1358 1378 1.02404e+06
1358 1373 3.49232e+06
1358 1377 164200
1358 1355 1.02404e+06
1359 1331 1.02403e+06
1359 1363 7752692
1359 1361 6.47265e+06
1359 1352 7.16822e+06
1359 1360 9873328
1359 1287 16
1359 1327 16
1359 1377 16
1359 1351 164240
1359 1368 24
1359 1332 5.12011e+06
1359 1358 1.02402e+06
1359 1357 256020
1359 1364 1.02402e+06
1359 1356 4352180
1359 1355 256024
1359 1362 2.21226e+06
1359 1334 1.02402e+06
1360 1332 3.07214e+06
1360 1364 4260376
1360 1362 7.66095e+06
1360 1359 9545088
1360 1288 16
1360 1328 16
1360 1378 16
1360 1352 1.3526e+06
1360 1356 4424512
1360 1363 512084
1360 1334 2.30408e+06
1360 1361 1.02402e+06
1361 1333 1.02403e+06
1361 1365 4.09613e+06
1361 1359 6144176
1361 1377 5.12011e+06
1361 1354 7.1682e+06
1361 1362 11225680
1361 1289 16
1361 1329 16
1361 1379 16
1361 1353 164264
1361 1378 1.02404e+06
1361 1334 3.84013e+06
1361 1348 1.02402e+06
1361 1358 3.2363e+06
1361 1374 1.02402e+06
1361 1352 1.02402e+06
1361 1369 256020
1361 1356 1.02404e+06
1361 1363 2.21224e+06
1361 1357 256024
1361 1364 1.02402e+06
1361 1368 16
1361 1360 1.02402e+06
1362 1334 1.28009e+06
1362 1368 4096172
1362 1360 7.16832e+06
1362 1378 5.12015e+06
1362 1361 10569036
1362 1290 16
1362 1330 16
1362 1380 16
1362 1354 164344
1362 1358 3.4005e+06
1362 1352 164208
1362 1364 5.28432e+06
1362 1363 32
1362 1365 1.02403e+06
1362 1356 1.02403e+06
1362 1359 2.04807e+06
1363 1359 7.58851e+06
1363 1365 1.10614e+07
1363 1356 4.77246e+06
1363 1364 9361204
1363 1291 16
1363 1331 64
1363 1381 16
1363 1355 2724428
1363 1368 3.07215e+06
1363 1358 2.04804e+06
1363 1360 676256
1363 1357 768120
1363 1362 164212
1363 1361 2.04806e+06
1364 1360 4.09633e+06
1364 1368 7.661e+06
1364 1363 8868736
1364 1300 16
1364 1332 64
1364 1382 16
1364 1356 256040
1364 1362 5.12013e+06
1364 1359 1.02402e+06
1364 1365 2.04805e+06
1364 1361 1.02402e+06
809 813 6.47285e+06
809 807 7.4968e+06
809 1272 4.09617e+06
809 808 1.19215e+07
809 1330 16
809 1290 40
809 1274 40
809 763 328528
809 811 5.28435e+06
809 761 328416
809 1271 2212280
809 805 1.02402e+06
809 806 2.04812e+06
809 812 1.18822e+06
809 852 8
809 1256 8
1365 1361 4.09611e+06
1365 1363 10240380
1365 1381 7496560
1365 1358 4.0961e+06
1365 1368 7.66102e+06
1365 1301 16
1365 1333 16
1365 1383 88
1365 1357 1.95641e+06
1365 1382 1024068
1365 1373 512040
1365 1374 3.23627e+06
1365 1362 1.02403e+06
1365 1364 2.04805e+06
1365 1378 1.02402e+06
1368 1362 4.09627e+06
1368 1364 7496796
1368 1382 5284356
1368 1365 7496808
1368 1302 16
1368 1334 40
1368 1384 64
1368 1358 16
1368 1363 3.4005e+06
1368 1359 164208
1368 1381 1.02402e+06
1368 1361 8
1368 1378 164200
1369 1339 9472320
1369 1373 1.06606e+07
1369 1353 10240304
1369 1371 10404540
1369 1370 4.49714e+06
1369 1303 16
1369 1335 16
1369 1351 64
1369 1377 28
1369 1375 1.02402e+06
1369 1376 1.02402e+06
1369 1354 1.95631e+06
1369 1361 256020
1369 1374 420228
1369 1358 256024
1369 1341 256052
1369 1357 420232
1369 1342 2.04805e+06
1369 1372 1.02402e+06
1370 1340 1.02403e+06
1370 1374 6.30842e+06
1370 1354 6.14414e+06
1370 1372 7168220
1370 1369 4004504
1370 1377 6472532
1370 1304 16
1370 1336 40
1370 1352 16
1370 1378 2.0482e+06
1370 1348 1.5361e+06
1370 1347 4260284
1370 1371 1.28004e+06
1370 1339 256076
1370 1349 1.02402e+06
1370 1358 2.04805e+06
1370 1379 1.18822e+06
1370 1380 16
1370 1353 1.02402e+06
1370 1357 1.02402e+06
1371 1341 7.93632e+06
1371 1375 1.10809e+07
1371 1369 10240376
1371 1372 7.31316e+06
1371 1305 16
1371 1337 40
1371 1353 16
1371 1379 2.04806e+06
1371 1350 48
1371 1349 2212240
1371 1370 1.28004e+06
1371 1376 584452
1371 1342 1.02402e+06
1372 1342 1.02403e+06
1372 1376 5632228
1372 1370 7332432
1372 1371 6.65636e+06
1372 1379 7.66077e+06
1372 1306 16
1372 1338 16
1372 1354 16
1372 1380 2048236
1372 1375 164200
1372 1374 2.04806e+06
1372 1383 1.02402e+06
1372 1349 3.07207e+06
1372 1341 256080
1372 1350 16
1372 1348 1.02402e+06
1372 1369 1.02402e+06
1372 1377 1.02402e+06
1373 1369 10496432
1373 1357 10240304
1373 1375 9472360
1373 1374 6709464
1373 1307 16
1373 1339 160
1373 1355 64
1373 1381 1024116
1373 1376 2.37646e+06
1373 1365 512040
1373 1358 3492316
1374 1370 6.30844e+06
1374 1358 3072076
1374 1376 7424208
1374 1373 6.05257e+06
1374 1381 7.82498e+06
1374 1308 16
1374 1340 16
1374 1356 16
1374 1382 1.02419e+06
1374 1378 1.02405e+06
1374 1380 1.02404e+06
1374 1372 2.21224e+06
1374 1383 3.32811e+06
1374 1361 1.02402e+06
1374 1369 256048
1374 1365 3.07208e+06
1374 1375 512048
1374 1377 1.18822e+06
1375 1371 10916736
1375 1373 9472384
1375 1376 6.89314e+06
1375 1309 16
1375 1341 1.02408e+06
1375 1357 16
1375 1383 1.35261e+06
1375 1372 12
1375 1369 1.02402e+06
1375 1374 512048
1375 1381 840448
1376 1372 5632252
1376 1374 7.42426e+06
1376 1375 6728760
1376 1383 5.70464e+06
1376 1310 16
1376 1342 160
1376 1358 16
1376 1384 136
1376 1379 1.02404e+06
1376 1341 1.02402e+06
1376 1369 1.02402e+06
1376 1373 2048100
1376 1371 420280
1376 1380 1.02404e+06
1376 1381 2212248
1376 1377 164200
810 806 6.14417e+06
810 1287 3.0721e+06
810 812 8356496
810 765 4168684
810 811 8.35658e+06
810 1331 16
810 1291 112
810 1275 16
810 764 164288
810 813 2.04807e+06
810 1288 1.18827e+06
810 805 2.04804e+06
810 1280 5448512
810 804 256020
810 1279 512040
810 807 4096108
810 1289 164200
810 808 1.02402e+06
810 1282 1.02402e+06
1377 1347 2.04805e+06
1377 1381 3072096
1377 1361 5.12011e+06
1377 1379 1.04045e+07
1377 1370 6144156
1377 1378 11225680
1377 1311 16
1377 1343 64
1377 1359 16
1377 1369 164240
1377 1348 6.21662e+06
1377 1349 3.07208e+06
1377 1354 2.04806e+06
1377 1350 1024056
1377 1358 12
1377 1372 1.02402e+06
1377 1374 1.02403e+06
1377 1376 12
1378 1348 1536108
1378 1382 6308464
1378 1362 5.12015e+06
1378 1380 6.30846e+06
1378 1377 10569004
1378 1312 16
1378 1344 16
1378 1360 64
1378 1370 2.21234e+06
1378 1374 1.18824e+06
1378 1354 164216
1378 1361 1.18823e+06
1378 1381 1.02405e+06
1378 1379 1.02403e+06
1378 1365 1.02402e+06
1378 1358 1.02403e+06
1378 1368 12
1379 1349 2.04805e+06
1379 1383 4.09612e+06
1379 1377 1.05687e+07
1379 1372 7.1682e+06
1379 1380 11757148
1379 1313 16
1379 1345 16
1379 1361 16
1379 1371 2.04808e+06
1379 1350 4.09618e+06
1379 1376 1.18822e+06
1379 1378 1.02403e+06
1379 1370 1.02404e+06
1379 1381 1.02402e+06
1379 1348 256024
1380 1350 2.0481e+06
1380 1384 3.23644e+06
1380 1378 6.30854e+06
1380 1379 11592988
1380 1314 16
1380 1346 16
1380 1362 16
1380 1372 2.37656e+06
1380 1374 1.18823e+06
1380 1383 5612772
1380 1382 1.02402e+06
1380 1376 1.02403e+06
1380 1370 8
1381 1377 3.23636e+06
1381 1365 7.16818e+06
1381 1383 5.96067e+06
1381 1374 7.33242e+06
1381 1382 1.05689e+07
1381 1315 16
1381 1347 64
1381 1363 16
1381 1373 1188352
1381 1378 1.35243e+06
1381 1368 1.02402e+06
1381 1384 3.07207e+06
1381 1375 512072
1381 1379 1.02402e+06
1381 1376 2.04806e+06
1382 1378 6472740
1382 1368 5.12017e+06
1382 1384 6.30844e+06
1382 1381 10733172
1382 1316 16
1382 1348 88
1382 1364 64
1382 1374 1.02408e+06
1382 1365 1352436
1382 1380 1.02402e+06
1382 1383 1.28004e+06
1383 1379 4.26041e+06
1383 1381 5.79654e+06
1383 1376 5.86882e+06
1383 1384 1.15735e+07
1383 1317 16
1383 1349 64
1383 1365 16
1383 1375 1.02426e+06
1383 1380 5448608
1383 1372 1.02402e+06
1383 1374 3.49229e+06
1383 1382 1.28004e+06
1384 1380 3.23649e+06
1384 1382 6308488
1384 1383 1.09168e+07
1384 1318 16
1384 1350 112
1384 1368 16
1384 1376 64
1384 1381 3.07207e+06
811 807 6.47279e+06
811 1288 2212376
811 813 7.33262e+06
811 810 8.19252e+06
811 1332 16
811 1300 88
811 1276 16
811 765 328504
811 761 164208
811 809 5.44854e+06
811 806 328444
811 1287 3.40046e+06
811 812 1.02402e+06
811 1289 1.02404e+06
811 1290 1.02403e+06
812 808 5.28436e+06
812 1289 3.07208e+06
812 810 8.19224e+06
812 1275 5.12013e+06
812 805 4.2603e+06
812 813 6.47276e+06
812 1333 16
812 1301 112
812 1277 16
812 804 420332
812 1290 164252
812 1280 1.02402e+06
812 1282 6.63673e+06
812 1281 512040
812 809 1.02404e+06
812 811 1.02402e+06
812 1276 1.02402e+06
812 1256 2.56016e+06
812 852 1.02408e+06
812 1255 1.02405e+06
812 763 2212248
812 806 1.02402e+06
812 1304 12
812 765 4
812 764 164200
813 809 6636928
813 1290 2212340
813 811 7168296
813 1276 2048108
813 812 6308716
813 1334 16
813 1302 88
813 1278 64
813 805 328480
813 1272 1.18825e+06
813 810 2.21225e+06
813 1275 2212272
813 1287 2.04804e+06
813 1289 3.23628e+06
813 1282 8
813 808 12
813 1312 1.18824e+06
813 1271 1.02404e+06
813 1311 12
813 1316 4
813 1304 4
843 1255 10568892
843 762 9873144
843 853 1.08974e+07
843 852 5.7966e+06
843 1335 16
843 1303 136
843 760 232
843 1271 28
843 854 512040
843 761 1.02408e+06
843 1257 328428
843 763 3728904
843 804 1.02402e+06
852 1256 1.08248e+07
852 763 5.61279e+06
852 854 7.16823e+06
852 843 5796492
852 1271 6.47254e+06
852 1336 16
852 1304 16
852 761 280
852 1272 128
852 762 12
852 808 4076736
852 853 1792220
852 809 16
852 812 1.35244e+06
852 1255 1.02402e+06
853 1257 14737588
853 843 10733360
853 854 3.3814e+06
853 1337 16
853 1305 88
853 762 16
853 1273 1.02414e+06
853 1258 1608516
853 852 2.44896e+06
853 1256 1.00466e+06
853 1271 584440
853 1255 256024
854 1258 2.81616e+06
854 852 7168204
854 853 2724508
854 1273 9.43353e+06
854 1338 16
854 1306 40
854 763 16
854 1274 1.02433e+06
854 1272 1.02409e+06
854 1256 1.02402e+06
854 843 512040
854 1271 4844720
854 1257 512060
854 1277 1096472
854 1275 164200
762 804 1.26168e+07
762 760 1.0477e+07
762 843 9380580
762 763 6.14444e+06
762 1321 16
762 1281 208
762 853 64
762 808 28
762 761 512040
762 852 164200
762 1255 8
1255 843 10404648
1255 1303 8172808
1255 804 8940948
1255 1257 11428772
1255 1256 3.58437e+06
1255 1339 16
1255 1307 1.02429e+06
1255 764 136
1255 1275 512068
1255 1258 1.18828e+06
1255 1281 1.35249e+06
1255 765 1.02408e+06
1255 812 1.18823e+06
1255 1304 1.18823e+06
1255 805 2.46827e+06
1255 1282 164208
1255 852 1.02402e+06
1255 853 256024
1255 762 8
1255 1305 164200
1256 852 1.06606e+07
1256 1304 3.40049e+06
1256 805 2212248
1256 1258 5.12022e+06
1256 1255 3.74842e+06
1256 1275 9105020
1256 1340 16
1256 1308 112
1256 765 1.0242e+06
1256 1276 208
1256 854 1.02402e+06
1256 1272 3236284
1256 1274 1.02402e+06
1256 763 12
1256 804 12
1256 1281 1.02408e+06
1256 808 1.02402e+06
1256 1271 4.2603e+06
1256 812 3.05271e+06
1256 853 512100
1256 1282 420232
1256 809 16
1256 1289 164208
1256 1257 256060
1257 853 1.40807e+07
1257 1305 6.54498e+06
1257 1255 11428892
1257 1258 5.17353e+06
1257 1341 16
1257 1309 3072340
1257 804 16
1257 1277 512068
1257 854 676248
1257 1273 512048
1257 843 164256
1257 1307 1.02408e+06
1257 1303 420224
1257 1304 676248
1257 1256 748624
1257 1306 328400
1258 854 2.81614e+06
1258 1306 1680860
1258 1256 5284452
1258 1257 4.51661e+06
1258 1277 7.4772e+06
1258 1342 16
1258 1310 1024292
1258 805 16
1258 1278 328
1258 1273 512040
1258 1274 1.02402e+06
1258 1255 1.0241e+06
1258 853 1280148
1258 1303 1.02408e+06
1258 1275 2192888
1258 1304 676256
1258 1305 4076744
1258 1271 1.18822e+06
1271 1275 5120136
1271 808 4260300
1271 1273 6.30838e+06
1271 852 6.14416e+06
1271 1272 13109600
1271 1343 16
1271 1311 16
1271 806 64
1271 843 164240
1271 809 2048120
1271 763 1.02402e+06
1271 854 4.35216e+06
1271 1256 4096108
1271 853 256080
1271 1274 1.02402e+06
1271 813 1.18823e+06
1271 1258 1.02404e+06
1272 1276 6472668
1272 809 4260380
1272 1274 6308516
1272 1271 1.26171e+07
1272 1344 16
1272 1312 40
1272 807 64
1272 852 328536
1272 813 1188252
1272 854 1.35245e+06
1272 1273 2376504
1272 1275 2.04804e+06
1272 805 1.02402e+06
1272 1256 3.07209e+06
1273 1277 7752696
1273 1271 6.14429e+06
1273 854 8776764
1273 1274 1.02934e+07
1273 1345 16
1273 1313 16
1273 808 16
1273 853 1.18836e+06
1273 1272 2.37653e+06
1273 1258 512040
1273 1257 512048
1273 1276 1.18822e+06
1273 1278 1.02404e+06
1274 1278 6472764
1274 1272 6.1444e+06
1274 1273 9.63679e+06
1274 1346 16
1274 1314 16
1274 809 16
1274 854 1.02404e+06
1274 1276 3.23629e+06
1274 1277 3.07207e+06
1274 1256 1.02402e+06
1274 1258 1.02402e+06
1274 1271 1.02402e+06
1275 1271 5120136
1275 1311 3.07207e+06
1275 812 5.28432e+06
1275 1277 4.09611e+06
1275 1256 8.44828e+06
1275 1276 1.17571e+07
1275 1347 16
1275 1315 88
1275 810 40
1275 1255 676280
1275 813 2212296
1275 1272 2.04804e+06
1275 1282 2.04804e+06
1275 1289 1.18822e+06
1275 1304 4424492
1275 805 12
1275 1258 1.53615e+06
1275 1306 2.04805e+06
1275 854 12
1276 1272 6.30852e+06
1276 1312 4.09615e+06
1276 813 2.21232e+06
1276 1278 4096148
1276 1275 11593080
1276 1348 16
1276 1316 68
1276 811 16
1276 1256 328480
1276 1274 3.23629e+06
1276 1311 4.42452e+06
1276 1289 1.02402e+06
1276 812 1.02402e+06
1276 1304 16
1276 1273 1.02404e+06
1276 1314 1.02404e+06
1276 1277 1.02405e+06
1276 1313 4
1276 1306 8
763 805 4.09618e+06
763 761 8.96047e+06
763 852 5.28441e+06
763 762 6.30844e+06
763 808 3.4005e+06
763 1322 16
763 1282 16
763 854 64
763 809 256
763 1271 1.02402e+06
763 760 3.0333e+06
763 1256 164200
763 765 1.02408e+06
763 806 1589112
763 843 3072184
763 807 164208
763 812 2048060
1277 1273 7.42426e+06
1277 1313 3.07208e+06
1277 1275 4.09618e+06
1277 1258 6.65628e+06
1277 1278 1.07331e+07
1277 1349 16
1277 1317 64
1277 812 16
1277 1257 676280
1277 1306 4.09609e+06
1277 1274 3.07207e+06
1277 1305 2376448
1277 854 768096
1277 1276 1.35242e+06
1278 1274 6308500
1278 1314 3072128
1278 1276 4.09634e+06
1278 1277 10733216
1278 1350 16
1278 1318 64
1278 813 16
1278 1258 328480
1278 1313 4424520
1278 1305 16
1278 1273 1.02406e+06
1279 764 8776668
1279 1283 10733320
1279 1281 13476952
1279 1280 3.82095e+06
1279 1351 16
1279 760 16
1279 1303 16
1279 1287 492820
1279 810 512040
1279 765 4.35223e+06
1279 804 256036
1279 805 256036
1279 1284 748668
1279 1291 328416
1279 1289 164208
1279 1288 164208
1279 1286 656852
1279 1285 1.02406e+06
1280 765 4424552
1280 1284 8.35661e+06
1280 1282 5.12025e+06
1280 1279 3.65678e+06
1280 1287 1.14285e+07
1280 1352 16
1280 761 40
1280 1304 16
1280 1288 164480
1280 1290 164228
1280 810 5120136
1280 812 1.02402e+06
1280 1286 3.2363e+06
1280 1281 256020
1280 1300 164200
1281 804 7.49666e+06
1281 1285 10897440
1281 1279 1.34768e+07
1281 1303 10568784
1281 1282 3.84038e+06
1281 1353 16
1281 762 40
1281 1305 232
1281 1289 328588
1281 812 512040
1281 1280 256020
1281 1255 1024124
1281 1256 1.02408e+06
1281 1286 2.56008e+06
1281 765 1.18825e+06
1281 1290 16
1281 1301 328416
1281 1311 164208
1281 1307 748652
1281 1315 164208
1281 1304 164208
1281 1308 164208
1281 805 2.04804e+06
1281 1284 1.02402e+06
1281 764 164200
1282 805 2212248
1282 1286 6308368
1282 1280 5120272
1282 1304 6.30834e+06
1282 1281 4004396
1282 1289 7.16816e+06
1282 1354 16
1282 763 88
1282 1306 64
1282 1290 1.35249e+06
1282 1312 24
1282 812 6.14417e+06
1282 1275 2.04804e+06
1282 1303 256020
1282 1311 1.18822e+06
1282 1256 256052
1282 813 16
1282 765 492660
1282 1255 28
1282 810 1.02402e+06
1282 1287 2.04805e+06
1282 1307 256072
1282 1285 12
1283 1279 10733332
1283 1319 9708964
1283 1285 9380836
1283 1284 7.33258e+06
1283 1355 232
1283 764 16
1283 1307 28
1283 1291 1516836
1283 1327 328416
1283 1301 164208
1283 1321 420272
1283 1320 492652
1284 1280 8.35661e+06
1284 1320 1792144
1284 1286 6144200
1284 1283 7496704
1284 1291 5120116
1284 1356 16
1284 765 16
1284 1308 16
1284 1300 164488
1284 1288 5.12013e+06
1284 1289 1.02402e+06
1284 1279 584508
1284 1290 4
1284 1302 328404
1284 1281 1.02402e+06
1284 1285 3072060
1284 1319 1.02402e+06
1284 1287 1.02402e+06
1284 1321 12
1285 1281 1.04049e+07
1285 1321 8428908
1285 1283 9.38063e+06
1285 1307 9728352
1285 1286 1280292
1285 1357 160
1285 804 24
1285 1309 112
1285 1301 1096552
1285 1289 512040
1285 1291 512040
1285 1302 16
1285 1329 164208
1285 1315 164208
1285 1322 164208
1285 1308 164208
1285 1336 164208
1285 1284 3072060
1285 1320 1.28004e+06
1285 1279 1.35244e+06
1285 1303 2.04805e+06
1285 1335 12
1285 1282 164200
1286 1282 6.14428e+06
1286 1322 1.02403e+06
1286 1284 6144152
1286 1308 2212248
1286 1285 1.44429e+06
1286 1301 3.07207e+06
1286 1358 16
1286 805 16
1286 1310 40
1286 1302 64
1286 1312 24
1286 1280 3564680
1286 1291 2.04804e+06
1286 1289 2212240
1286 1304 1.02402e+06
1286 1290 3.40048e+06
1286 1303 256020
1286 1311 1.02402e+06
1286 1281 2.56008e+06
1286 1279 164320
1286 1320 512048
1286 1307 1.02413e+06
1286 1287 1.02402e+06
1286 1321 24
1286 765 8
764 760 6.14426e+06
764 1279 8448268
764 804 8520888
764 765 7404984
764 1323 16
764 1283 16
764 1255 16
764 810 52
764 761 1.28004e+06
764 806 256020
764 805 2.37648e+06
764 812 12
764 1281 12
1287 810 3400476
1287 1291 4.09622e+06
1287 1289 9.2164e+06
1287 1280 11264268
1287 1288 1.05689e+07
1287 1359 16
1287 806 64
1287 1311 16
1287 1279 164324
1287 1290 1.35245e+06
1287 811 3072088
1287 813 2.04804e+06
1287 765 56
1287 1300 164200
1287 1282 2.04805e+06
1287 1284 1.02402e+06
1287 1286 1.02402e+06
1288 811 2704948
1288 1300 9380724
1288 1290 6144308
1288 1287 1.05689e+07
1288 1360 16
1288 807 160
1288 1312 16
1288 1280 328564
1288 810 1352452
1288 1284 5120120
1288 1279 28
1288 1302 328420
1288 1291 2.04805e+06
1288 1289 1.02402e+06
1289 812 3236272
1289 1301 6.30847e+06
1289 1287 9216228
1289 1311 5.12013e+06
1289 1282 7.16816e+06
1289 1290 1.17571e+07
1289 1361 16
1289 808 64
1289 1313 40
1289 1281 164296
1289 1302 164236
1289 1275 1.02403e+06
1289 813 3072100
1289 1286 2.04805e+06
1289 1285 512040
1289 1276 1.02402e+06
1289 1291 2.04804e+06
1289 1284 1.02402e+06
1289 1300 1.02402e+06
1289 810 12
1289 1256 28
1289 1279 28
1289 1312 164200
1289 811 1.18824e+06
1289 1288 1.02402e+06
1289 1304 2.04806e+06
1289 1307 256024
1289 1316 256024
1290 813 2.54072e+06
1290 1302 5.1203e+06
1290 1288 6144252
1290 1312 5.12015e+06
1290 1289 1.15929e+07
1290 1362 16
1290 809 112
1290 1314 40
1290 1282 1188320
1290 1280 164224
1290 812 328432
1290 1287 1188256
1290 1286 3.07208e+06
1290 1300 1.18822e+06
1290 1301 1.18822e+06
1290 1311 2.04804e+06
1290 1284 4
1290 1281 16
1290 1316 932280
1290 811 1.02404e+06
1290 1291 12
1291 1287 4260436
1291 1327 2.21225e+06
1291 1301 9.2163e+06
1291 1284 5120116
1291 1300 6308568
1291 1363 64
1291 810 16
1291 1315 16
1291 1283 1188460
1291 1302 3.2363e+06
1291 1286 2.04804e+06
1291 1320 5632184
1291 1322 2.04804e+06
1291 1285 512040
1291 1289 2.04804e+06
1291 1279 56
1291 1329 164200
1291 1288 2.04805e+06
1291 1321 1.02404e+06
1291 1290 164200
1300 1288 9873400
1300 1328 2.2123e+06
1300 1302 8.35668e+06
1300 1291 6.47276e+06
1300 1364 64
1300 811 16
1300 1316 16
1300 1284 328508
1300 1327 5120140
1300 1290 1.02403e+06
1300 1301 1.02404e+06
1300 1289 1.02402e+06
1300 1280 12
1300 1287 12
1300 1330 164216
1300 1329 12
1301 1289 6144188
1301 1329 2.04805e+06
1301 1291 9216276
1301 1315 5.28432e+06
1301 1286 3.07207e+06
1301 1302 5.94132e+06
1301 1365 16
1301 812 16
1301 1317 64
1301 1285 932428
1301 1316 3.49233e+06
1301 1322 2.04804e+06
1301 1336 1.02402e+06
1301 1308 3.07209e+06
1301 1307 768064
1301 1312 1.02402e+06
1301 1290 1.02403e+06
1301 1300 1.18822e+06
1301 1281 56
1301 1283 28
1301 1321 1280060
1301 1327 1.02402e+06
1301 1330 256024
1302 1290 5612956
1302 1330 2.72434e+06
1302 1300 8684948
1302 1316 2560136
1302 1301 5.28457e+06
1302 1368 40
1302 813 16
1302 1318 40
1302 1286 164248
1302 1289 164220
1302 1291 3236288
1302 1329 5120100
1302 1343 1.02402e+06
1302 1284 28
1302 1288 60
1302 1285 16
1302 1315 24
1303 1255 7.68025e+06
1303 1307 10568996
1303 1281 1.05688e+07
1303 1305 5448616
1303 1304 2.81633e+06
1303 1369 16
1303 843 40
1303 1279 88
1303 1311 328540
1303 1282 256020
1303 1286 256020
1303 1258 1.02408e+06
1303 1309 1.18823e+06
1303 1310 1.02408e+06
1303 1306 256020
1303 1308 676248
1303 804 1516680
1303 1312 16
1303 1315 328416
1303 805 1.02402e+06
1303 1257 256036
1303 1285 2.04805e+06
1304 1256 3072132
1304 1308 5284352
1304 1282 6.14415e+06
1304 1306 6308376
1304 1303 2.98035e+06
1304 1311 8.35638e+06
1304 1370 16
1304 852 88
1304 1280 40
1304 1312 1.35255e+06
1304 1275 4096116
1304 1286 1.02402e+06
1304 1305 4096108
1304 1258 512076
1304 1276 32
1304 1255 1.02405e+06
1304 1281 28
1304 1307 512072
1304 1257 512060
1304 1289 2212248
1304 813 4
1304 805 328400
1304 812 164200
765 761 5.12022e+06
765 1280 4.42453e+06
765 805 5.96072e+06
765 764 7.40498e+06
765 810 4.8254e+06
765 1324 16
765 1284 184
765 1256 1.0241e+06
765 811 280
765 806 2304060
765 807 2.30406e+06
765 763 1.02408e+06
765 1279 4.35223e+06
765 1255 1.02408e+06
765 1282 328452
765 1287 328416
765 1281 1.18824e+06
765 760 1.02402e+06
765 1286 8
765 812 4
1305 1257 5888232
1305 1309 1.05689e+07
1305 1303 5120376
1305 1306 7.14894e+06
1305 1371 16
1305 853 16
1305 1281 16
1305 1313 2.3766e+06
1305 1308 1.28004e+06
1305 1310 584420
1305 1277 2.04807e+06
1305 1304 4.2603e+06
1305 1258 3.5842e+06
1305 1278 32
1305 1307 512048
1305 1311 2.04805e+06
1305 1255 12
1306 1258 1.02414e+06
1306 1310 2.56016e+06
1306 1304 6144212
1306 1305 6820536
1306 1313 8520588
1306 1372 16
1306 854 16
1306 1282 16
1306 1314 1.02431e+06
1306 1277 4.09609e+06
1306 1308 3.07206e+06
1306 1317 1.18822e+06
1306 1303 256020
1306 1312 2.21226e+06
1306 1275 2.04805e+06
1306 1311 3564668
1306 1257 24
1306 1276 8
1307 1303 1.05691e+07
1307 1335 9873216
1307 1285 10220916
1307 1309 8.77689e+06
1307 1308 2.28495e+06
1307 1373 160
1307 1255 1.0241e+06
1307 1283 164576
1307 1315 768136
1307 1301 768064
1307 1310 1.51669e+06
1307 1316 584452
1307 1336 584436
1307 1281 420292
1307 1257 1.02408e+06
1307 1282 912824
1307 1304 840448
1307 1321 1.53613e+06
1307 1286 1516696
1307 1289 256024
1307 1305 512048
1308 1304 5120188
1308 1336 1.02403e+06
1308 1286 2048060
1308 1310 5.37615e+06
1308 1307 1.95639e+06
1308 1315 8520584
1308 1374 16
1308 1256 16
1308 1284 112
1308 1316 1.02416e+06
1308 1314 2.04808e+06
1308 1306 3.07206e+06
1308 1301 3400468
1308 1305 1.28004e+06
1308 1313 1.02402e+06
1308 1317 1.18822e+06
1308 1303 512068
1308 1312 2376468
1308 1281 28
1308 1285 28
1308 1322 1.02402e+06
1308 1335 1.28008e+06
1308 1309 1.02402e+06
1308 1321 256024
1308 1311 164200
1309 1305 10240560
1309 1337 8520596
1309 1307 8448488
1309 1310 8.26504e+06
1309 1375 64
1309 1257 3072148
1309 1285 16
1309 1317 512140
1309 1315 1.44424e+06
1309 1303 1.02405e+06
1309 1308 1.02402e+06
1309 1313 2212248
1310 1306 2.5603e+06
1310 1338 1.77268e+06
1310 1308 5.3762e+06
1310 1309 8.42909e+06
1310 1317 6288980
1310 1376 160
1310 1258 1.0241e+06
1310 1286 16
1310 1318 304
1310 1314 1.02404e+06
1310 1315 4.1491e+06
1310 1305 256044
1310 1337 3.65658e+06
1310 1303 1.02408e+06
1310 1307 1.02414e+06
1310 1336 256024
1310 1313 328416
1310 1335 2.46828e+06
1310 1316 1.02402e+06
1311 1275 3.07207e+06
1311 1315 4.09616e+06
1311 1289 5284316
1311 1313 4.09614e+06
1311 1304 8.1922e+06
1311 1312 1.10615e+07
1311 1377 16
1311 1271 16
1311 1287 40
1311 1303 164296
1311 1276 4260356
1311 1282 1.02403e+06
1311 1286 1.02402e+06
1311 1290 2.04804e+06
1311 1281 28
1311 1314 164200
1311 1306 3072104
1311 1316 1280112
1311 1305 2.04805e+06
1311 813 164212
1311 1308 12
1312 1276 4424548
1312 1316 5.44873e+06
1312 1290 5.12015e+06
1312 1314 6.14421e+06
1312 1311 10733216
1312 1378 16
1312 1272 16
1312 1288 64
1312 1304 1.35253e+06
1312 1282 164208
1312 1286 164208
1312 1313 3072088
1312 1301 1.02402e+06
1312 1306 2.04806e+06
1312 1308 2048068
1312 813 1352456
1312 1289 12
1312 1303 16
1312 1315 12
1313 1277 3.07208e+06
1313 1317 6.14421e+06
1313 1311 4.09621e+06
1313 1306 8.19221e+06
1313 1314 10037536
1313 1379 16
1313 1273 16
1313 1289 16
1313 1305 2212312
1313 1278 4.09618e+06
1313 1315 2.04804e+06
1313 1312 3.40046e+06
1313 1308 1.02402e+06
1313 1310 56
1313 1316 256024
1313 1309 2.04806e+06
1313 1276 4
1314 1278 3.07214e+06
1314 1318 5448780
1314 1312 6.1443e+06
1314 1313 9709180
1314 1380 16
1314 1274 16
1314 1290 16
1314 1306 1.35257e+06
1314 1316 1700288
1314 1310 1.18823e+06
1314 1308 2.21226e+06
1314 1317 3.23632e+06
1314 1315 1.02402e+06
1314 1311 12
1314 1276 1.18824e+06
804 762 1.26168e+07
804 1281 7496640
804 764 8.35657e+06
804 1255 8612572
804 805 8356608
804 1325 16
804 1285 144
804 1257 64
804 812 256048
804 810 256020
804 1256 164200
804 1279 420224
804 760 4
804 1303 1352468
804 843 1.02402e+06
1315 1311 4096140
1315 1343 1.02403e+06
1315 1301 5.12013e+06
1315 1317 7.16823e+06
1315 1308 8.19221e+06
1315 1316 9617276
1315 1381 64
1315 1275 16
1315 1291 88
1315 1307 932348
1315 1318 3400528
1315 1310 3.32816e+06
1315 1313 2.04804e+06
1315 1336 4.42449e+06
1315 1338 1.02402e+06
1315 1314 1.02402e+06
1315 1309 1.28006e+06
1315 1281 28
1315 1285 28
1315 1303 56
1315 1330 256024
1315 1312 164200
1315 1302 328400
1316 1312 5.4488e+06
1316 1344 2.72435e+06
1316 1302 2560136
1316 1318 3.32817e+06
1316 1315 9124804
1316 1382 88
1316 1276 20
1316 1300 88
1316 1308 1188272
1316 1314 1.70028e+06
1316 1301 3656512
1316 1343 5448524
1316 1322 1.02402e+06
1316 1336 3072084
1316 1307 256092
1316 1290 932280
1316 1345 4
1316 1311 1280112
1316 1330 1.02402e+06
1316 1313 256024
1316 1317 1280048
1316 1289 256024
1316 1310 1.02402e+06
1316 813 4
1317 1313 6.14421e+06
1317 1345 2212248
1317 1315 7.1683e+06
1317 1310 5632244
1317 1318 10897324
1317 1383 64
1317 1277 16
1317 1301 16
1317 1309 676328
1317 1314 3.23636e+06
1317 1338 5.28433e+06
1317 1306 1.02404e+06
1317 1308 1.02404e+06
1317 1316 1280048
1317 1337 12
1318 1314 5.28459e+06
1318 1346 1.02409e+06
1318 1316 3.32836e+06
1318 1317 1.07332e+07
1318 1384 112
1318 1278 16
1318 1302 16
1318 1310 164248
1318 1315 3.40051e+06
1318 1345 6636780
1318 1336 8
1318 1338 20
1318 1344 3.49231e+06
1319 1283 9709000
1319 1323 9.87336e+06
1319 1321 8.61268e+06
1319 1320 7.24094e+06
1319 760 16
1319 1351 16
1319 1335 16
1319 1327 328540
1319 1324 676252
1319 1331 164208
1319 1329 164208
1319 1325 420232
1319 1322 164208
1319 1326 164208
1319 1284 1.02402e+06
1320 1284 2.4489e+06
1320 1324 8.19222e+06
1320 1322 4260356
1320 1319 7.24078e+06
1320 1327 7.33236e+06
1320 761 184
1320 1352 16
1320 1336 16
1320 1328 2.37668e+06
1320 1291 5960560
1320 1283 328484
1320 1330 4
1320 1329 164200
1320 1285 1.28004e+06
1320 1286 512048
1320 1321 4.6082e+06
1320 1323 2560204
1321 1285 8100540
1321 1325 10824948
1321 1319 8.61259e+06
1321 1335 9708988
1321 1322 5869040
1321 762 208
1321 1353 16
1321 1337 184
1321 1329 1.35256e+06
1321 1326 932268
1321 1324 256020
1321 1283 584468
1321 1330 16
1321 1333 164208
1321 1343 328416
1321 1339 164208
1321 1291 1.18822e+06
1321 1301 1.44425e+06
1321 1307 1.53613e+06
1321 1320 4.6082e+06
1321 1308 256024
1321 1323 256024
1321 1327 1.18822e+06
1321 1286 328400
1321 1336 164200
1321 1284 164200
1322 1286 1.02403e+06
1322 1326 7168220
1322 1320 4096120
1322 1336 5.44853e+06
1322 1321 5.54051e+06
1322 1329 7332356
1322 763 16
1322 1354 16
1322 1338 64
1322 1330 328536
1322 1291 2.04804e+06
1322 1301 2.04804e+06
1322 1316 1.02402e+06
1322 1324 1.02402e+06
1322 1335 1.28004e+06
1322 1343 2.04804e+06
1322 1344 164212
1322 1285 28
1322 1319 28
1322 1308 1.02402e+06
1322 1339 1.02402e+06
1322 1323 256048
1322 1325 512060
1322 1327 164200
1323 1319 9545200
1323 1351 8.1923e+06
1323 1325 12196856
1323 1324 4825676
1323 764 16
1323 1355 16
1323 1339 16
1323 1331 1681164
1323 1327 840444
1323 1333 164208
1323 1326 584432
1323 1320 3.21696e+06
1323 1321 256024
1323 1322 584424
1324 1320 8.1922e+06
1324 1352 1.02403e+06
1324 1326 5704640
1324 1323 4004608
1324 1331 7.05697e+06
1324 765 16
1324 1356 16
1324 1340 16
1324 1332 164472
1324 1328 3.23631e+06
1324 1327 5.12011e+06
1324 1319 512072
1324 1329 2.04804e+06
1324 1322 1.02402e+06
1324 1321 256020
1324 1330 1.18824e+06
1324 1333 492600
1324 1351 2.04811e+06
1324 1325 1.02408e+06
805 763 4.09611e+06
805 1282 2048060
805 765 5.96072e+06
805 1256 2048060
805 804 8.52071e+06
805 812 4.2603e+06
805 1326 16
805 1286 40
805 1258 40
805 813 88
805 761 3072060
805 810 2.04804e+06
805 809 1.02402e+06
805 1272 1.02402e+06
805 764 2.3765e+06
805 1275 164200
805 1279 420224
805 1255 2.30409e+06
805 760 4
805 1281 2.04804e+06
805 1303 1.02402e+06
805 1304 24
1325 1321 1.0825e+07
1325 1353 9.96496e+06
1325 1323 12196760
1325 1339 12013120
1325 1326 2.02888e+06
1325 804 16
1325 1357 208
1325 1341 328
1325 1333 1.44443e+06
1325 1331 512040
1325 1329 584420
1325 1319 256052
1325 1334 16
1325 1347 164208
1325 1351 748632
1325 1354 164208
1325 1340 912832
1325 1352 164208
1325 1324 1.02408e+06
1325 1322 676248
1325 1335 328400
1325 1336 328400
1326 1322 7.16817e+06
1326 1354 1.02403e+06
1326 1324 5540404
1326 1340 5.12012e+06
1326 1325 1700368
1326 1333 5.61272e+06
1326 805 16
1326 1358 16
1326 1342 16
1326 1334 112
1326 1330 2.2123e+06
1326 1331 4.09609e+06
1326 1321 768088
1326 1343 1.02402e+06
1326 1335 256020
1326 1344 1.18823e+06
1326 1319 28
1326 1323 256064
1326 1351 1.02402e+06
1326 1339 1.02402e+06
1326 1328 164200
1327 1291 2.04806e+06
1327 1331 6.1442e+06
1327 1329 1.04046e+07
1327 1320 7168176
1327 1328 8685012
1327 806 40
1327 1359 16
1327 1343 16
1327 1319 164296
1327 1332 40
1327 1300 5.44853e+06
1327 1324 5.12011e+06
1327 1323 512068
1327 1330 2212248
1327 1283 56
1327 1334 4
1327 1333 164200
1327 1301 1.02402e+06
1327 1321 1.02404e+06
1327 1322 12
1328 1300 2212312
1328 1332 5.28448e+06
1328 1330 7.16832e+06
1328 1327 8520824
1328 807 16
1328 1360 16
1328 1344 16
1328 1320 2.54083e+06
1328 1324 3.2363e+06
1328 1329 2212276
1328 1334 1.18824e+06
1328 1333 1.02404e+06
1328 1326 12
1328 1331 4
1329 1301 2.04805e+06
1329 1333 4096132
1329 1327 1.02403e+07
1329 1343 5.12011e+06
1329 1322 7.16817e+06
1329 1330 10037524
1329 808 16
1329 1361 16
1329 1345 16
1329 1321 1188304
1329 1328 2.37648e+06
1329 1302 5120100
1329 1324 2.04804e+06
1329 1331 2.04806e+06
1329 1325 256044
1329 1332 1.02402e+06
1329 1334 164212
1329 1285 28
1329 1291 12
1329 1319 28
1329 1320 12
1329 1336 1.02402e+06
1329 1300 164212
1330 1302 2.72434e+06
1330 1334 5.54042e+06
1330 1328 7.33248e+06
1330 1344 4.09614e+06
1330 1329 9.5449e+06
1330 809 40
1330 1362 16
1330 1346 40
1330 1322 328552
1330 1332 4.09612e+06
1330 1326 2376468
1330 1343 1.70029e+06
1330 1327 2048060
1330 1333 1536064
1330 1324 1.02404e+06
1330 1300 164228
1330 1320 4
1330 1321 16
1330 1316 1.02402e+06
1330 1301 256024
1330 1315 256024
1330 1336 256024
1330 1331 12
1331 1327 6.14435e+06
1331 1359 1.02403e+06
1331 1333 1.22884e+07
1331 1324 6.40022e+06
1331 1332 7.49674e+06
1331 810 16
1331 1363 40
1331 1347 16
1331 1323 1188440
1331 1334 2.54068e+06
1331 1326 4.09609e+06
1331 1352 5.28431e+06
1331 1325 512040
1331 1329 2.21224e+06
1331 1354 1.02402e+06
1331 1319 28
1331 1351 2.04805e+06
1331 1328 4
1331 1330 164200
1332 1328 5284544
1332 1360 3.23632e+06
1332 1334 6308576
1332 1331 7.49684e+06
1332 811 16
1332 1364 40
1332 1348 16
1332 1324 164268
1332 1330 4.2603e+06
1332 1327 164216
1332 1359 5.12011e+06
1332 1333 2.04805e+06
1332 1329 1.02402e+06
1333 1329 4.09618e+06
1333 1361 1.02403e+06
1333 1331 1.24525e+07
1333 1347 6.14413e+06
1333 1326 5.12015e+06
1333 1334 9689708
1333 812 16
1333 1365 40
1333 1349 16
1333 1325 1.44437e+06
1333 1352 4260292
1333 1354 2.04804e+06
1333 1344 1.02403e+06
1333 1348 1.02402e+06
1333 1330 1536064
1333 1332 2.04806e+06
1333 1340 1.02402e+06
1333 1321 28
1333 1323 28
1333 1324 36
1333 1327 12
1333 1328 1.18824e+06
1333 1343 1.02402e+06
1334 1330 5.37625e+06
1334 1362 1.28009e+06
1334 1332 6.30848e+06
1334 1348 4.42455e+06
1334 1333 9.19722e+06
1334 813 16
1334 1368 40
1334 1350 88
1334 1326 16
1334 1344 1.18823e+06
1334 1331 2.21229e+06
1334 1361 3.84013e+06
1334 1329 12
1334 1328 1.18825e+06
1334 1354 256032
1334 1327 4
1334 1325 16
1334 1359 1.02402e+06
1334 1360 2468272
1334 1347 256024
1334 1352 256024
806 810 6308476
806 808 9032824
806 761 9945460
806 807 8.94098e+06
806 1327 16
806 1287 40
806 1271 16
806 760 1188452
806 811 164256
806 765 2304060
806 764 256020
806 809 2376468
806 763 768212
806 812 1.02402e+06
1335 1307 9380668
1335 1339 9544840
1335 1321 9.21642e+06
1335 1337 1.20132e+07
1335 1336 6216868
1335 843 136
1335 1369 16
1335 1319 16
1335 1343 328540
1335 1340 1096476
1335 1322 1.28004e+06
1335 1326 256020
1335 1310 2.3041e+06
1335 1344 16
1335 1347 328416
1335 1308 1.77265e+06
1335 1338 1.51662e+06
1335 1325 24
1335 1285 164200
1336 1308 1.02403e+06
1336 1340 6144224
1336 1322 5.28434e+06
1336 1338 6.30838e+06
1336 1335 6052504
1336 1343 9544608
1336 852 16
1336 1370 16
1336 1320 40
1336 1344 1864664
1336 1301 1.02402e+06
1336 1315 4.09611e+06
1336 1316 3236284
1336 1307 256076
1336 1310 256024
1336 1345 1.18822e+06
1336 1318 16
1336 1285 28
1336 1329 1.02402e+06
1336 1337 1.02402e+06
1336 1330 256024
1336 1339 512048
1336 1321 12
1336 1325 24
1336 1342 164200
1337 1309 8.35641e+06
1337 1341 10989060
1337 1335 1.15207e+07
1337 1338 6472792
1337 853 88
1337 1371 16
1337 1321 16
1337 1345 328628
1337 1342 1.1883e+06
1337 1310 3492412
1337 1349 164208
1337 1343 1.18823e+06
1337 1347 164208
1337 1336 1.02402e+06
1337 1339 24
1337 1317 164200
1338 1310 1.28014e+06
1338 1342 6.1442e+06
1338 1336 6.14424e+06
1338 1337 6.30854e+06
1338 1345 1.00372e+07
1338 854 40
1338 1372 16
1338 1322 16
1338 1346 1.02426e+06
1338 1315 1.02402e+06
1338 1317 5.28433e+06
1338 1318 28
1338 1344 1.18822e+06
1338 1343 1.02402e+06
1338 1335 1.02406e+06
1338 1341 256024
1339 1335 9216608
1339 1369 9636500
1339 1325 11520556
1339 1341 1.17571e+07
1339 1340 4.84509e+06
1339 1255 16
1339 1373 112
1339 1323 16
1339 1347 1.44441e+06
1339 1370 584436
1339 1321 28
1339 1348 164224
1339 1353 420232
1339 1342 748632
1339 1322 1.02402e+06
1339 1326 1.02402e+06
1339 1336 512048
1339 1343 1.18822e+06
1339 1337 328400
1340 1336 6.14415e+06
1340 1370 1.02403e+06
1340 1326 5.28431e+06
1340 1342 5.12016e+06
1340 1339 4.51648e+06
1340 1347 1.05686e+07
1340 1256 16
1340 1374 16
1340 1324 40
1340 1348 1.35256e+06
1340 1344 2.2123e+06
1340 1335 768116
1340 1345 1.02402e+06
1340 1333 1.02402e+06
1340 1349 1.02402e+06
1340 1325 256088
1340 1353 2.04805e+06
1340 1341 1.02402e+06
1340 1343 328400
1341 1337 10496576
1341 1371 8.1005e+06
1341 1339 11264620
1341 1342 4.49718e+06
1341 1257 16
1341 1375 1.02413e+06
1341 1325 16
1341 1349 1.44444e+06
1341 1376 1.02402e+06
1341 1372 584440
1341 1369 420232
1341 1348 164208
1341 1340 1.02402e+06
1341 1338 256024
1341 1347 1.18822e+06
1342 1338 6.1443e+06
1342 1372 1.02403e+06
1342 1340 5.12013e+06
1342 1341 4004468
1342 1349 7.66076e+06
1342 1258 16
1342 1376 16
1342 1326 16
1342 1350 160
1342 1346 4.09617e+06
1342 1337 1024116
1342 1339 256076
1342 1344 4
1342 1348 2212248
1342 1369 2.04805e+06
1342 1371 1.02402e+06
1342 1336 12
1342 1347 328400
1343 1315 1.02403e+06
1343 1347 6144260
1343 1329 5.12011e+06
1343 1345 5.1202e+06
1343 1336 9216232
1343 1344 9.52547e+06
1343 1271 16
1343 1377 16
1343 1327 40
1343 1335 164296
1343 1330 1.70029e+06
1343 1316 5448548
1343 1326 1.02402e+06
1343 1302 1.02402e+06
1343 1322 2.04804e+06
1343 1321 56
1343 1337 1.02405e+06
1343 1338 1.02402e+06
1343 1333 1.02402e+06
1343 1339 1.02404e+06
1343 1340 24
1343 1346 328404
1344 1316 2.72435e+06
1344 1348 7424252
1344 1330 4.09614e+06
1344 1346 5.79647e+06
1344 1343 9032960
1344 1272 40
1344 1378 16
1344 1328 40
1344 1336 1864620
1344 1334 1.02404e+06
1344 1340 2376468
1344 1345 5.28432e+06
1344 1333 1.18822e+06
1344 1347 1.53608e+06
1344 1326 1.02403e+06
1344 1322 12
1344 1318 3.65652e+06
1344 1338 1.02404e+06
1344 1342 4
1344 1335 16
1344 1350 256020
807 811 6.47297e+06
807 809 7.16843e+06
807 806 8.9412e+06
807 1328 16
807 1288 16
807 1272 16
807 761 1024064
807 765 2.30406e+06
807 810 4.2603e+06
807 808 3.07207e+06
807 763 28
1345 1317 2048060
1345 1349 4.09618e+06
1345 1343 5.12022e+06
1345 1338 9216264
1345 1346 11225744
1345 1273 16
1345 1379 16
1345 1329 16
1345 1337 164280
1345 1344 5.28433e+06
1345 1318 6.63683e+06
1345 1340 1.02402e+06
1345 1336 1.02404e+06
1345 1316 4
1346 1318 1.35249e+06
1346 1350 7496688
1346 1344 5.63232e+06
1346 1345 1.05691e+07
1346 1274 16
1346 1380 16
1346 1330 16
1346 1338 1.35257e+06
1346 1342 4424520
1346 1348 12
1346 1349 24
1346 1343 28
1346 1347 16
1347 1343 6144236
1347 1377 2.04805e+06
1347 1333 6.14413e+06
1347 1349 5284352
1347 1340 1.05686e+07
1347 1348 11317584
1347 1275 16
1347 1381 16
1347 1331 16
1347 1339 1.44446e+06
1347 1354 3.07206e+06
1347 1370 4.0961e+06
1347 1344 1.70027e+06
1347 1325 28
1347 1335 56
1347 1337 28
1347 1334 256024
1347 1341 1.02404e+06
1347 1342 24
1347 1346 164204
1348 1344 7.42435e+06
1348 1378 1536108
1348 1334 4.26037e+06
1348 1350 3.3282e+06
1348 1347 11153396
1348 1276 16
1348 1382 88
1348 1332 40
1348 1340 1.02406e+06
1348 1370 1.70028e+06
1348 1377 6.21662e+06
1348 1349 5704560
1348 1361 1.02402e+06
1348 1333 1.02402e+06
1348 1339 44
1348 1341 28
1348 1342 2.04806e+06
1348 1354 4
1348 1372 1.02402e+06
1348 1379 256024
1348 1346 164212
1349 1345 4096132
1349 1379 2.04805e+06
1349 1347 5120260
1349 1342 7.1682e+06
1349 1350 9709056
1349 1277 16
1349 1383 40
1349 1333 16
1349 1341 1444404
1349 1348 5540376
1349 1371 2.04805e+06
1349 1377 3236268
1349 1370 1.02402e+06
1349 1372 3.07207e+06
1349 1340 1.02402e+06
1349 1337 28
1349 1346 164224
1350 1346 7.49678e+06
1350 1380 2048096
1350 1348 3328268
1350 1349 9.54492e+06
1350 1278 16
1350 1384 112
1350 1334 16
1350 1342 16
1350 1379 4424528
1350 1371 328416
1350 1377 1.02404e+06
1350 1372 8
1350 1344 256020
1351 1323 8.1923e+06
1351 1355 1.13176e+07
1351 1353 1.04046e+07
1351 1352 9689800
1351 1279 16
1351 1319 16
1351 1369 16
1351 1359 28
1351 1356 1096480
1351 1325 256076
1351 1324 2.04811e+06
1351 1326 1.02402e+06
1351 1331 2.04805e+06
1352 1324 1.02403e+06
1352 1356 9636536
1352 1354 7.66088e+06
1352 1351 8.86867e+06
1352 1359 7.98916e+06
1352 1280 16
1352 1320 16
1352 1370 16
1352 1360 1.02426e+06
1352 1362 24
1352 1331 5120124
1352 1333 4.0961e+06
1352 1358 1.02402e+06
1352 1353 1536096
1352 1361 1.02402e+06
1352 1325 28
1352 1355 2.04805e+06
1352 1334 256024
1353 1325 9472404
1353 1357 1.06607e+07
1353 1351 10240524
1353 1369 10404492
1353 1354 6.54518e+06
1353 1281 16
1353 1321 16
1353 1371 40
1353 1361 28
1353 1352 1.70028e+06
1353 1358 1096480
1353 1356 256024
1353 1339 256052
1353 1355 420232
1353 1340 2.04805e+06
1353 1370 1.02402e+06
1354 1326 1.02403e+06
1354 1358 6.14421e+06
1354 1352 7.16824e+06
1354 1370 6.14414e+06
1354 1353 6.05251e+06
1354 1361 7.82496e+06
1354 1282 16
1354 1322 16
1354 1372 64
1354 1362 176
1354 1378 40
1354 1333 2.04804e+06
1354 1347 3.07206e+06
1354 1369 1.95632e+06
1354 1377 2.21224e+06
1354 1331 1.02402e+06
1354 1356 1.02402e+06
1354 1325 28
1354 1334 256032
1354 1348 4
1354 1357 1.02402e+06
