1385 3753 2.79762e+06
1385 3369 2.69148e+06
1385 3361 4798760
1385 3313 5086312
1385 3312 9330728
1385 3306 9146848
3306 3754 2668144
3306 3370 2758880
3306 3362 5010824
3306 3314 4926856
3306 1385 9147424
3306 3307 9232232
3315 3763 2755552
3315 3379 2726120
3315 3307 4981456
3315 3323 5156440
3315 3314 9420720
3315 3316 9317872
3405 3341 2840312
3405 3469 2.8004e+06
3405 3397 5226760
3405 3413 5267160
3405 3404 9368680
3405 3406 9440928
3406 3342 2.57533e+06
3406 3470 2625040
3406 3398 4830800
3406 3414 4800744
3406 3405 9435264
3406 3407 9390608
3407 3343 2752168
3407 3471 2.81523e+06
3407 3399 5191632
3407 3415 5301992
3407 3406 9.39698e+06
3407 3408 9347640
3408 3344 2650672
3408 3472 2574200
3408 3400 4775912
3408 3416 4807040
3408 3407 9341696
3408 3401 9288512
3409 3345 2738720
3409 3473 2.79326e+06
3409 3401 5224824
3409 3417 5064848
3409 3416 9271976
3409 3410 9437408
3410 3346 2.58918e+06
3410 3474 2674424
3410 3402 4817360
3410 3418 4970624
3410 3409 9434992
3410 3411 9339704
3411 3347 2.77916e+06
3411 3475 2.77931e+06
3411 3403 5251576
3411 3419 5140160
3411 3410 9346640
3411 3412 9438584
3412 3348 2.68176e+06
3412 3476 2.64684e+06
3412 3404 4842752
3412 3420 5002840
3412 3411 9435696
3412 3413 9318312
3413 3349 2.72695e+06
3413 3477 2823120
3413 3405 5268760
3413 3421 5094688
3413 3412 9321896
3413 3414 9451192
3414 3350 2.62278e+06
3414 3478 2.62482e+06
3414 3406 4802216
3414 3422 4876416
3414 3413 9445040
3414 3415 9328016
3316 3764 2.61318e+06
3316 3380 2.7086e+06
3316 3308 5114776
3316 3324 4900744
3316 3315 9318408
3316 3317 9428488
3415 3351 2789048
3415 3479 2790208
3415 3407 5302480
3415 3423 5187552
3415 3414 9.33326e+06
3415 3416 9424704
3416 3352 2688200
3416 3480 2.62528e+06
3416 3408 4804144
3416 3424 4976408
3416 3415 9421632
3416 3409 9268576
3417 3353 2.66676e+06
3417 3481 2.68082e+06
3417 3409 5067184
3417 3425 4873952
3417 3424 9251176
3417 3418 9386248
3418 3354 2778376
3418 3482 2716304
3418 3410 4970520
3418 3426 5155288
3418 3417 9390336
3418 3419 9291200
3419 3355 2.69695e+06
3419 3483 2707752
3419 3411 5.14044e+06
3419 3427 4833352
3419 3418 9291832
3419 3420 9422552
3420 3356 2.73374e+06
3420 3484 2637120
3420 3412 5000024
3420 3428 5148856
3420 3419 9426248
3420 3421 9264416
3421 3357 2.70114e+06
3421 3485 2.70269e+06
3421 3413 5.09532e+06
3421 3429 4968464
3421 3420 9264672
3421 3422 9386312
3422 3358 2718784
3422 3486 2.6181e+06
3422 3414 4875704
3422 3430 5095936
3422 3421 9384720
3422 3423 9.25153e+06
3423 3359 2642776
3423 3487 2.76309e+06
3423 3415 5189480
3423 3431 4905688
3423 3422 9.25471e+06
3423 3424 9.4619e+06
3424 3360 2.82047e+06
3424 3488 2642584
3424 3416 4974920
3424 3432 5217264
3424 3423 9463744
3424 3417 9252280
3317 3765 2.86421e+06
3317 3381 2.73313e+06
3317 3309 5095608
3317 3325 5.28549e+06
3317 3316 9433264
3317 3318 9237952
3425 3361 2524128
3425 3489 2.52988e+06
3425 3417 4873096
3425 3369 4660472
3425 3432 9270160
3425 3426 9254896
3426 3362 2744776
3426 3490 2817416
3426 3418 5155672
3426 3370 5.06949e+06
3426 3425 9260216
3426 3427 9216792
3427 3363 2.62124e+06
3427 3491 2.69739e+06
3427 3419 4833072
3427 3371 4683240
3427 3426 9211320
3427 3428 9364840
3428 3364 2.89137e+06
3428 3492 2.7417e+06
3428 3420 5148880
3428 3372 5259664
3428 3427 9373528
3428 3429 9296824
3429 3365 2.57858e+06
3429 3493 2.62724e+06
3429 3421 4967320
3429 3373 4780488
3429 3428 9294056
3429 3430 9339528
3430 3366 2.74887e+06
3430 3494 2.70027e+06
3430 3422 5094248
3430 3374 5064904
3430 3429 9341184
3430 3431 9178704
3431 3367 2.58294e+06
3431 3495 2751480
3431 3423 4906560
3431 3375 4653880
3431 3430 9175320
3431 3432 9371336
3432 3368 2.8984e+06
3432 3496 2805112
3432 3424 5213128
3432 3376 5300408
3432 3431 9379616
3432 3425 9276416
3433 3369 2612432
3433 3497 2585648
3433 3489 4730416
3433 3441 4705904
3433 3440 9288088
3433 3434 9294680
3434 3370 2.74574e+06
3434 3498 2729520
3434 3490 5050104
3434 3442 5246432
3434 3433 9302288
3434 3435 9218448
3318 3766 2560544
3318 3382 2.73229e+06
3318 3310 4998896
3318 3326 4802216
3318 3317 9235168
3318 3319 9430832
3435 3371 2603696
3435 3499 2600784
3435 3491 4836112
3435 3443 4823064
3435 3434 9213928
3435 3436 9400632
3436 3372 2855432
3436 3500 2.86144e+06
3436 3492 5181296
3436 3444 5248696
3436 3435 9406536
3436 3437 9291168
3437 3373 2.65506e+06
3437 3501 2598096
3437 3493 4.79185e+06
3437 3445 4.76212e+06
3437 3436 9285680
3437 3438 9294008
3438 3374 2.73048e+06
3438 3502 2.69666e+06
3438 3494 4986720
3438 3446 5298192
3438 3437 9300568
3438 3439 9165960
3439 3375 2499784
3439 3503 2.60183e+06
3439 3495 4830856
3439 3447 4787496
3439 3438 9.16325e+06
3439 3440 9388232
3440 3376 2.83408e+06
3440 3504 2.86162e+06
3440 3496 5234776
3440 3448 5319096
3440 3439 9392744
3440 3433 9295632
3441 3377 2634712
3441 3505 2579320
3441 3433 4706560
3441 3449 4854400
3441 3448 9359744
3441 3442 9293048
3442 3378 2769368
3442 3506 2.82141e+06
3442 3434 5249256
3442 3450 5151320
3442 3441 9299448
3442 3443 9371800
3443 3379 2662208
3443 3507 2602640
3443 3435 4824648
3443 3451 4899056
3443 3442 9366800
3443 3444 9357896
3444 3380 2.78874e+06
3444 3508 2832752
3444 3436 5251408
3444 3452 5.22918e+06
3444 3443 9363120
3444 3445 9.40719e+06
3319 3767 2719232
3319 3383 2.73261e+06
3319 3311 4965696
3319 3327 5157344
3319 3318 9434496
3319 3320 9212400
3445 3381 2609824
3445 3509 2647968
3445 3437 4766616
3445 3453 4875352
3445 3444 9401104
3445 3446 9384120
3446 3382 2889944
3446 3510 2.79729e+06
3446 3438 5301640
3446 3454 5175224
3446 3445 9391408
3446 3447 9379360
3447 3383 2603224
3447 3511 2.68318e+06
3447 3439 4788384
3447 3455 4878176
3447 3446 9372744
3447 3448 9334424
3448 3384 2.81686e+06
3448 3512 2774400
3448 3440 5318736
3448 3456 5191384
3448 3447 9339168
3448 3441 9367072
3449 3385 2.75122e+06
3449 3513 2.57958e+06
3449 3441 4855496
3449 3457 5.08636e+06
3449 3456 9413216
3449 3450 9282104
3450 3386 2.67025e+06
3450 3514 2.79125e+06
3450 3442 5153000
3450 3458 4921600
3450 3449 9284384
3450 3451 9413312
3451 3387 2.74398e+06
3451 3515 2.67142e+06
3451 3443 4897896
3451 3459 5.07068e+06
3451 3450 9414120
3451 3452 9344064
3452 3388 2.72777e+06
3452 3516 2.82214e+06
3452 3444 5231376
3452 3460 5079288
3452 3451 9345752
3452 3453 9468528
3453 3389 2721448
3453 3517 2637960
3453 3445 4.87594e+06
3453 3461 5005944
3453 3452 9465832
3453 3454 9270472
3454 3390 2703536
3454 3518 2.76858e+06
3454 3446 5175536
3454 3462 5039000
3454 3453 9274552
3454 3455 9407208
3320 3768 2541200
3320 3384 2680776
3320 3312 5034904
3320 3328 4790560
3320 3319 9212264
3320 3313 9313760
3455 3391 2673416
3455 3519 2603568
3455 3447 4876416
3455 3463 4930160
3455 3454 9403432
3455 3456 9270480
3456 3392 2723888
3456 3520 2833232
3456 3448 5193872
3456 3464 5078168
3456 3455 9273592
3456 3449 9416352
3457 3393 2838152
3457 3521 2.68421e+06
3457 3449 5087480
3457 3465 5251656
3457 3464 9403440
3457 3458 9.27285e+06
3458 3394 2.5715e+06
3458 3522 2677352
3458 3450 4921440
3458 3466 4869016
3458 3457 9271088
3458 3459 9442272
3459 3395 2755944
3459 3523 2.72542e+06
3459 3451 5069432
3459 3467 5218216
3459 3458 9446904
3459 3460 9306040
3460 3396 2.68664e+06
3460 3524 2.66205e+06
3460 3452 5080560
3460 3468 4883968
3460 3459 9305064
3460 3461 9416616
3461 3397 2.72685e+06
3461 3525 2684488
3461 3453 5005872
3461 3469 5139608
3461 3460 9418232
3461 3462 9254584
3462 3398 2.67592e+06
3462 3526 2701440
3462 3454 5039856
3462 3470 4900200
3462 3461 9256040
3462 3463 9413736
3463 3399 2.74042e+06
3463 3527 2649232
3463 3455 4.93034e+06
3463 3471 5110304
3463 3462 9416120
3463 3464 9231368
3464 3400 2604656
3464 3528 2725816
3464 3456 5079824
3464 3472 4871072
3464 3463 9232056
3464 3457 9397848
3321 3769 2.83786e+06
3321 3385 2.84666e+06
3321 3313 5291584
3321 3329 5311528
3321 3328 9336240
3321 3322 9328720
3465 3401 2850232
3465 3529 2781648
3465 3457 5253368
3465 3473 5262896
3465 3472 9.34227e+06
3465 3466 9369656
3466 3402 2.61174e+06
3466 3530 2.62273e+06
3466 3458 4869120
3466 3474 4.86845e+06
3466 3465 9367288
3466 3467 9440152
3467 3403 2.81476e+06
3467 3531 2.76496e+06
3467 3459 5217392
3467 3475 5275208
3467 3466 9447552
3467 3468 9373008
3468 3404 2661088
3468 3532 2.61018e+06
3468 3460 4884920
3468 3476 4817664
3468 3467 9368992
3468 3469 9401160
3469 3405 2799776
3469 3533 2.76614e+06
3469 3461 5.13995e+06
3469 3477 5261176
3469 3468 9407600
3469 3470 9363320
3470 3406 2.62442e+06
3470 3534 2654600
3470 3462 4901864
3470 3478 4825688
3470 3469 9360672
3470 3471 9414232
3471 3407 2.81593e+06
3471 3535 2.80614e+06
3471 3463 5110664
3471 3479 5270752
3471 3470 9420936
3471 3472 9282488
3472 3408 2573752
3472 3536 2649600
3472 3464 4872040
3472 3480 4772352
3472 3471 9279680
3472 3465 9333400
3473 3409 2792056
3473 3537 2.78871e+06
3473 3465 5264696
3473 3481 5190128
3473 3480 9304832
3473 3474 9464352
3474 3410 2676192
3474 3538 2.57781e+06
3474 3466 4869048
3474 3482 4932464
3474 3473 9462648
3474 3475 9406816
3322 3770 2.63937e+06
3322 3386 2652832
3322 3314 4881760
3322 3330 4854512
3322 3321 9.3245e+06
3322 3323 9392288
3475 3411 2780392
3475 3539 2.86532e+06
3475 3467 5274800
3475 3483 5267016
3475 3474 9413200
3475 3476 9440328
3476 3412 2647984
3476 3540 2.58432e+06
3476 3468 4.81827e+06
3476 3484 4826384
3476 3475 9435152
3476 3477 9354728
3477 3413 2.82291e+06
3477 3541 2.84195e+06
3477 3469 5262784
3477 3485 5216584
3477 3476 9361960
3477 3478 9416536
3478 3414 2.62653e+06
3478 3542 2582056
3478 3470 4825976
3478 3486 4810360
3478 3477 9412224
3478 3479 9364352
3479 3415 2791136
3479 3543 2789800
3479 3471 5.26883e+06
3479 3487 5258048
3479 3478 9371056
3479 3480 9407800
3480 3416 2626408
3480 3544 2667448
3480 3472 4772536
3480 3488 4851888
3480 3479 9402488
3480 3473 9296792
3481 3417 2.68166e+06
3481 3545 2.85574e+06
3481 3473 5193184
3481 3489 5067248
3481 3488 9266048
3481 3482 9451984
3482 3418 2.71626e+06
3482 3546 2.66618e+06
3482 3474 4934024
3482 3490 4.92571e+06
3482 3481 9451504
3482 3483 9306272
3483 3419 2706408
3483 3547 2.82846e+06
3483 3475 5268200
3483 3491 5.08028e+06
3483 3482 9310280
3483 3484 9456872
3484 3420 2.63918e+06
3484 3548 2.64944e+06
3484 3476 4825160
3484 3492 5025432
3484 3483 9455408
3484 3485 9250840
3323 3771 2705064
3323 3387 2.71966e+06
3323 3315 5.15473e+06
3323 3331 5.12131e+06
3323 3322 9396528
3323 3324 9361160
3485 3421 2.70253e+06
3485 3549 2.77839e+06
3485 3477 5.2179e+06
3485 3493 5.08603e+06
3485 3484 9256616
3485 3486 9407376
3486 3422 2.61986e+06
3486 3550 2.62155e+06
3486 3478 4809840
3486 3494 4871152
3486 3485 9404208
3486 3487 9275928
3487 3423 2.76285e+06
3487 3551 2810424
3487 3479 5257272
3487 3495 5193504
3487 3486 9282656
3487 3488 9452592
3488 3424 2641768
3488 3552 2.59749e+06
3488 3480 4849720
3488 3496 4968016
3488 3487 9448960
3488 3481 9259672
3489 3425 2.5303e+06
3489 3553 2686232
3489 3481 5068416
3489 3433 4729016
3489 3496 9244712
3489 3490 9302656
3490 3426 2818384
3490 3554 2720096
3490 3482 4.92352e+06
3490 3434 5050856
3490 3489 9307272
3490 3491 9228760
3491 3427 2.6979e+06
3491 3555 2.74457e+06
3491 3483 5080272
3491 3435 4837072
3491 3490 9228680
3491 3492 9435624
3492 3428 2742496
3492 3556 2558944
3492 3484 5023200
3492 3436 5177216
3492 3491 9438232
3492 3493 9218200
3493 3429 2625888
3493 3557 2.64754e+06
3493 3485 5085968
3493 3437 4789040
3493 3492 9218064
3493 3494 9300672
3494 3430 2.70215e+06
3494 3558 2761168
3494 3486 4.87028e+06
3494 3438 4986000
3494 3493 9303504
3494 3495 9196272
3324 3772 2.68361e+06
3324 3388 2607080
3324 3316 4.90037e+06
3324 3332 4836064
3324 3323 9358760
3324 3325 9398408
3495 3431 2751760
3495 3559 2749984
3495 3487 5194000
3495 3439 4832888
3495 3494 9198696
3495 3496 9420336
3496 3432 2.80587e+06
3496 3560 2567096
3496 3488 4.96712e+06
3496 3440 5232704
3496 3495 9421960
3496 3489 9247448
3497 3433 2.58562e+06
3497 3561 2.66406e+06
3497 3553 4931632
3497 3505 4744664
3497 3504 9184800
3497 3498 9294848
3498 3434 2.72962e+06
3498 3562 2.70887e+06
3498 3554 4.97575e+06
3498 3506 5244112
3498 3497 9299224
3498 3499 9220936
3499 3435 2.60066e+06
3499 3563 2.71458e+06
3499 3555 5003744
3499 3507 4813240
3499 3498 9219736
3499 3500 9389344
3500 3436 2.86118e+06
3500 3564 2707016
3500 3556 5008744
3500 3508 5.12717e+06
3500 3499 9392704
3500 3501 9210232
3501 3437 2597024
3501 3565 2.65479e+06
3501 3557 4946928
3501 3509 4.87357e+06
3501 3500 9208104
3501 3502 9296632
3502 3438 2.69589e+06
3502 3566 2.6569e+06
3502 3558 4862224
3502 3510 5.18726e+06
3502 3501 9298736
3502 3503 9266432
3503 3439 2.60164e+06
3503 3567 2.78402e+06
3503 3559 5096352
3503 3511 4920792
3503 3502 9267584
3503 3504 9437848
3504 3440 2.8619e+06
3504 3568 2735480
3504 3560 4973856
3504 3512 5198088
3504 3503 9437192
3504 3497 9187600
3307 3755 2.65869e+06
3307 3371 2.53897e+06
3307 3363 4724968
3307 3315 4980904
3307 3306 9229544
3307 3308 9262368
3325 3773 2869696
3325 3389 2.76825e+06
3325 3317 5285632
3325 3333 5366936
3325 3324 9406272
3325 3326 9323360
3505 3441 2.57944e+06
3505 3569 2.55606e+06
3505 3497 4744992
3505 3513 4736104
3505 3512 9304608
3505 3506 9359936
3506 3442 2.82175e+06
3506 3570 2814992
3506 3498 5245408
3506 3514 5.29694e+06
3506 3505 9368888
3506 3507 9329040
3507 3443 2.60327e+06
3507 3571 2681120
3507 3499 4.81803e+06
3507 3515 4832424
3507 3506 9322528
3507 3508 9394776
3508 3444 2831488
3508 3572 2.75096e+06
3508 3500 5130296
3508 3516 5208752
3508 3507 9400216
3508 3509 9282472
3509 3445 2.64954e+06
3509 3573 2663368
3509 3501 4875512
3509 3517 4861216
3509 3508 9278784
3509 3510 9426328
3510 3446 2.79744e+06
3510 3574 2788768
3510 3502 5189544
3510 3518 5239928
3510 3509 9432000
3510 3511 9346160
3511 3447 2.68345e+06
3511 3575 2.68625e+06
3511 3503 4925864
3511 3519 4867920
3511 3510 9342376
3511 3512 9421768
3512 3448 2.77586e+06
3512 3576 2.84032e+06
3512 3504 5199200
3512 3520 5297640
3512 3511 9426328
3512 3505 9.31266e+06
3513 3449 2.58093e+06
3513 3577 2585576
3513 3505 4734944
3513 3521 4847112
3513 3520 9419320
3513 3514 9317952
3514 3450 2.79158e+06
3514 3578 2.82354e+06
3514 3506 5298240
3514 3522 5159712
3514 3513 9323480
3514 3515 9403248
3326 3774 2.59503e+06
3326 3390 2565592
3326 3318 4805768
3326 3334 4774056
3326 3325 9316384
3326 3327 9396384
3515 3451 2673240
3515 3579 2.63746e+06
3515 3507 4834456
3515 3523 4855352
3515 3514 9398216
3515 3516 9376848
3516 3452 2.82214e+06
3516 3580 2793368
3516 3508 5.20998e+06
3516 3524 5251952
3516 3515 9382560
3516 3517 9401744
3517 3453 2.63886e+06
3517 3581 2.62683e+06
3517 3509 4863008
3517 3525 4848696
3517 3516 9395160
3517 3518 9352640
3518 3454 2.76993e+06
3518 3582 2817832
3518 3510 5238472
3518 3526 5185408
3518 3517 9.35813e+06
3518 3519 9417216
3519 3455 2603328
3519 3583 2.63323e+06
3519 3511 4868752
3519 3527 4856928
3519 3518 9412752
3519 3520 9329792
3520 3456 2.83381e+06
3520 3584 2.83266e+06
3520 3512 5298696
3520 3528 5250640
3520 3519 9335936
3520 3513 9428744
3521 3457 2.68471e+06
3521 3585 2571880
3521 3513 4846432
3521 3529 5011064
3521 3528 9417168
3521 3522 9238400
3522 3458 2678752
3522 3586 2.80706e+06
3522 3514 5.16037e+06
3522 3530 5046160
3522 3521 9241512
3522 3523 9405832
3523 3459 2.72542e+06
3523 3587 2.58869e+06
3523 3515 4.8541e+06
3523 3531 5042168
3523 3522 9404552
3523 3524 9298344
3524 3460 2662464
3524 3588 2.82054e+06
3524 3516 5.25437e+06
3524 3532 5030792
3524 3523 9300064
3524 3525 9426840
3327 3775 2.73307e+06
3327 3391 2812296
3327 3319 5154856
3327 3335 5171720
3327 3326 9401744
3327 3328 9261472
3525 3461 2.6841e+06
3525 3589 2.59071e+06
3525 3517 4847288
3525 3533 4966480
3525 3524 9.42449e+06
3525 3526 9265592
3526 3462 2.70082e+06
3526 3590 2790120
3526 3518 5185528
3526 3534 5070712
3526 3525 9268128
3526 3527 9410264
3527 3463 2.65053e+06
3527 3591 2.61738e+06
3527 3519 4855024
3527 3535 4948792
3527 3526 9406784
3527 3528 9303352
3528 3464 2.7257e+06
3528 3592 2.79074e+06
3528 3520 5252256
3528 3536 5.13714e+06
3528 3527 9309336
3528 3521 9420720
3529 3465 2782048
3529 3593 2.69436e+06
3529 3521 5.01176e+06
3529 3537 5260536
3529 3536 9389064
3529 3530 9297040
3530 3466 2.62175e+06
3530 3594 2.72358e+06
3530 3522 5045784
3530 3538 4.87114e+06
3530 3529 9297280
3530 3531 9455312
3531 3467 2.76513e+06
3531 3595 2730760
3531 3523 5041368
3531 3539 5229216
3531 3530 9.45764e+06
3531 3532 9313256
3532 3468 2.60973e+06
3532 3596 2.71251e+06
3532 3524 5032072
3532 3540 4868232
3532 3531 9311064
3532 3533 9396304
3533 3469 2.7664e+06
3533 3597 2.63081e+06
3533 3525 4966928
3533 3541 5.17662e+06
3533 3532 9.39842e+06
3533 3534 9313128
3534 3470 2653256
3534 3598 2750144
3534 3526 5.07152e+06
3534 3542 4927808
3534 3533 9313472
3534 3535 9423576
3328 3776 2.66447e+06
3328 3392 2.59461e+06
3328 3320 4792016
3328 3336 4785952
3328 3327 9257728
3328 3321 9325616
3535 3471 2.80625e+06
3535 3599 2611672
3535 3527 4948448
3535 3543 5.10669e+06
3535 3534 9425416
3535 3536 9267704
3536 3472 2.64944e+06
3536 3600 2730912
3536 3528 5140624
3536 3544 4879104
3536 3535 9269848
3536 3529 9.38371e+06
3537 3473 2789192
3537 3601 2.78974e+06
3537 3529 5261144
3537 3545 5268800
3537 3544 9383520
3537 3538 9364248
3538 3474 2577864
3538 3602 2657904
3538 3530 4870408
3538 3546 4899200
3538 3537 9362664
3538 3539 9463472
3539 3475 2.86572e+06
3539 3603 2737712
3539 3531 5228184
3539 3547 5289472
3539 3538 9468584
3539 3540 9395416
3540 3476 2584824
3540 3604 2.70139e+06
3540 3532 4.87198e+06
3540 3548 4790984
3540 3539 9389976
3540 3541 9370832
3541 3477 2842088
3541 3605 2820104
3541 3533 5178128
3541 3549 5244296
3541 3540 9377504
3541 3542 9368104
3542 3478 2.58377e+06
3542 3606 2.64365e+06
3542 3534 4927496
3542 3550 4835304
3542 3541 9364584
3542 3543 9399856
3543 3479 2.79146e+06
3543 3607 2.79553e+06
3543 3535 5105840
3543 3551 5242672
3543 3542 9404760
3543 3544 9337360
3544 3480 2.66682e+06
3544 3608 2.61174e+06
3544 3536 4882600
3544 3552 4760544
3544 3543 9334872
3544 3537 9374232
3329 3777 2.90974e+06
3329 3393 2744600
3329 3321 5.3134e+06
3329 3337 5268520
3329 3336 9309872
3329 3330 9402960
3545 3481 2.85536e+06
3545 3609 2862656
3545 3537 5270528
3545 3553 5212152
3545 3552 9308832
3545 3546 9436664
3546 3482 2.66698e+06
3546 3610 2643856
3546 3538 4897840
3546 3554 4.76736e+06
3546 3545 9432760
3546 3547 9313480
3547 3483 2828984
3547 3611 2.79048e+06
3547 3539 5289264
3547 3555 5296336
3547 3546 9320544
3547 3548 9427024
3548 3484 2650416
3548 3612 2611672
3548 3540 4.79339e+06
3548 3556 4874048
3548 3547 9420312
3548 3549 9363208
3549 3485 2.77815e+06
3549 3613 2.78655e+06
3549 3541 5244648
3549 3557 5162144
3549 3548 9370040
3549 3550 9373248
3550 3486 2.62184e+06
3550 3614 2561960
3550 3542 4835408
3550 3558 4.74365e+06
3550 3549 9367664
3550 3551 9349920
3551 3487 2.81035e+06
3551 3615 2791192
3551 3543 5.24167e+06
3551 3559 5.40072e+06
3551 3550 9356936
3551 3552 9414152
3552 3488 2.59762e+06
3552 3616 2577880
3552 3544 4762432
3552 3560 4780936
3552 3551 9408744
3552 3545 9300376
3553 3489 2.68711e+06
3553 3617 2.77597e+06
3553 3545 5213552
3553 3497 4929920
3553 3560 9206112
3553 3554 9418024
3554 3490 2.72037e+06
3554 3618 2.64206e+06
3554 3546 4.76212e+06
3554 3498 4976984
3554 3553 9416272
3554 3555 9248824
3330 3778 2.65531e+06
3330 3394 2.59144e+06
3330 3322 4855560
3330 3338 4884752
3330 3329 9397112
3330 3331 9356976
3555 3491 2.74424e+06
3555 3619 2.80975e+06
3555 3547 5295544
3555 3499 5003464
3555 3554 9253496
3555 3556 9.36882e+06
3556 3492 2.55726e+06
3556 3620 2.53921e+06
3556 3548 4871728
3556 3500 5.00404e+06
3556 3555 9366704
3556 3557 9277584
3557 3493 2.64802e+06
3557 3621 2.80872e+06
3557 3549 5162792
3557 3501 4945568
3557 3556 9280016
3557 3558 9343248
3558 3494 2760640
3558 3622 2590720
3558 3550 4739848
3558 3502 4.86258e+06
3558 3557 9341000
3558 3559 9286768
3559 3495 2.74993e+06
3559 3623 2833576
3559 3551 5399832
3559 3503 5094200
3559 3558 9292224
3559 3560 9422408
3560 3496 2.56638e+06
3560 3624 2480576
3560 3552 4778584
3560 3504 4.96991e+06
3560 3559 9418056
3560 3553 9203080
3561 3497 2.66447e+06
3561 3625 2687120
3561 3617 5166856
3561 3569 4884480
3561 3568 9072112
3561 3562 9342120
3562 3498 2711384
3562 3626 2.65917e+06
3562 3618 4836928
3562 3570 5180032
3562 3561 9344408
3562 3563 9217608
3563 3499 2.71561e+06
3563 3627 2763664
3563 3619 5102072
3563 3571 4936960
3563 3562 9219440
3563 3564 9392632
3564 3500 2.70666e+06
3564 3628 2.6365e+06
3564 3620 4844912
3564 3572 4996888
3564 3563 9391008
3564 3565 9.17466e+06
3331 3779 2.68395e+06
3331 3395 2.81147e+06
3331 3323 5121280
3331 3339 5199816
3331 3330 9361216
3331 3332 9396872
3565 3501 2.65497e+06
3565 3629 2.66577e+06
3565 3621 5112336
3565 3573 5.05142e+06
3565 3564 9176848
3565 3566 9344416
3566 3502 2657128
3566 3630 2.60902e+06
3566 3622 4733712
3566 3574 5034976
3566 3565 9342880
3566 3567 9.28186e+06
3567 3503 2785408
3567 3631 2865800
3567 3623 5258568
3567 3575 5058264
3567 3566 9288000
3567 3568 9396280
3568 3504 2.73461e+06
3568 3632 2601736
3568 3624 4747848
3568 3576 5051984
3568 3567 9390288
3568 3561 9070224
3569 3505 2.55672e+06
3569 3633 2.62339e+06
3569 3561 4883856
3569 3577 4769400
3569 3576 9218816
3569 3570 9405120
3570 3506 2.81692e+06
3570 3634 2790960
3570 3562 5182256
3570 3578 5316168
3570 3569 9.41416e+06
3570 3571 9260488
3571 3507 2.68178e+06
3571 3635 2.69618e+06
3571 3563 4943904
3571 3579 4854688
3571 3570 9259776
3571 3572 9445960
3572 3508 2.75311e+06
3572 3636 2744424
3572 3564 4998352
3572 3580 5154304
3572 3571 9447664
3572 3573 9205312
3573 3509 2662576
3573 3637 2659640
3573 3565 5054840
3573 3581 4861248
3573 3572 9204096
3573 3574 9436760
3574 3510 2.78912e+06
3574 3638 2733432
3574 3566 5036072
3574 3582 5204752
3574 3573 9440984
3574 3575 9251616
3332 3780 2.62047e+06
3332 3396 2.59635e+06
3332 3324 4836840
3332 3340 4.79594e+06
3332 3331 9392944
3332 3333 9.30648e+06
3575 3511 2.68562e+06
3575 3639 2719512
3575 3567 5064160
3575 3583 4938488
3575 3574 9250368
3575 3576 9432200
3576 3512 2839856
3576 3640 2698192
3576 3568 5054240
3576 3584 5.16769e+06
3576 3575 9432848
3576 3569 9223416
3577 3513 2586016
3577 3641 2.61509e+06
3577 3569 4769800
3577 3585 4796016
3577 3584 9321528
3577 3578 9382304
3578 3514 2823424
3578 3642 2.79474e+06
3578 3570 5314760
3578 3586 5211200
3578 3577 9391520
3578 3579 9353024
3579 3515 2.63794e+06
3579 3643 2638392
3579 3571 4858096
3579 3587 4813272
3579 3578 9347408
3579 3580 9401792
3580 3516 2794272
3580 3644 2752816
3580 3572 5152968
3580 3588 5285648
3580 3579 9407688
3580 3581 9339104
3581 3517 2626000
3581 3645 2.63543e+06
3581 3573 4861688
3581 3589 4818080
3581 3580 9336024
3581 3582 9467408
3582 3518 2.81827e+06
3582 3646 2.77892e+06
3582 3574 5204456
3582 3590 5237360
3582 3581 9472816
3582 3583 9342264
3583 3519 2634368
3583 3647 2693568
3583 3575 4941208
3583 3591 4882568
3583 3582 9338408
3583 3584 9403416
3584 3520 2833040
3584 3648 2754256
3584 3576 5169288
3584 3592 5236616
3584 3583 9405712
3584 3577 9327328
3333 3781 2873648
3333 3397 2805904
3333 3325 5367672
3333 3341 5283856
3333 3332 9316712
3333 3334 9401240
3585 3521 2573248
3585 3649 2.59758e+06
3585 3577 4794800
3585 3593 4.78738e+06
3585 3592 9354608
3585 3586 9294104
3586 3522 2.80502e+06
3586 3650 2.80342e+06
3586 3578 5211736
3586 3594 5.21512e+06
3586 3585 9301336
3586 3587 9401872
3587 3523 2.58935e+06
3587 3651 2615312
3587 3579 4814504
3587 3595 4818864
3587 3586 9396560
3587 3588 9340264
3588 3524 2821016
3588 3652 2.8093e+06
3588 3580 5287320
3588 3596 5222080
3588 3587 9345720
3588 3589 9425056
3589 3525 2.59184e+06
3589 3653 2629528
3589 3581 4816688
3589 3597 4833816
3589 3588 9418840
3589 3590 9393160
3590 3526 2790056
3590 3654 2.8162e+06
3590 3582 5235968
3590 3598 5226136
3590 3589 9400120
3590 3591 9363264
3591 3527 2.61895e+06
3591 3655 2688424
3591 3583 4884776
3591 3599 4825120
3591 3590 9357872
3591 3592 9.40173e+06
3592 3528 2792016
3592 3656 2.8505e+06
3592 3584 5236472
3592 3600 5265608
3592 3591 9405768
3592 3585 9361568
3593 3529 2.69544e+06
3593 3657 2.56513e+06
3593 3585 4786856
3593 3601 5034888
3593 3600 9357456
3593 3594 9294152
3594 3530 2.7228e+06
3594 3658 2844248
3594 3586 5216352
3594 3602 5026240
3594 3593 9297056
3594 3595 9440352
3334 3782 2634880
3334 3398 2651168
3334 3326 4.77601e+06
3334 3342 4895256
3334 3333 9394744
3334 3335 9359936
3595 3531 2731760
3595 3659 2.63987e+06
3595 3587 4819552
3595 3603 5088944
3595 3594 9436152
3595 3596 9.2842e+06
3596 3532 2712528
3596 3660 2.76428e+06
3596 3588 5225472
3596 3604 5013864
3596 3595 9286248
3596 3597 9416520
3597 3533 2.63105e+06
3597 3661 2594232
3597 3589 4832880
3597 3605 4984192
3597 3596 9413288
3597 3598 9334440
3598 3534 2750560
3598 3662 2.78511e+06
3598 3590 5225568
3598 3606 5067792
3598 3597 9337808
3598 3599 9.40779e+06
3599 3535 2.61162e+06
3599 3663 2635440
3599 3591 4.82314e+06
3599 3607 4951048
3599 3598 9405000
3599 3600 9305848
3600 3536 2731024
3600 3664 2.75366e+06
3600 3592 5265576
3600 3608 5087280
3600 3599 9312072
3600 3593 9359848
3601 3537 2790944
3601 3665 2.71436e+06
3601 3593 5.03487e+06
3601 3609 5300872
3601 3608 9422416
3601 3602 9317760
3602 3538 2.65785e+06
3602 3666 2646712
3602 3594 5026080
3602 3610 4898856
3602 3601 9317552
3602 3603 9470288
3603 3539 2.73927e+06
3603 3667 2.75734e+06
3603 3595 5087864
3603 3611 5181064
3603 3602 9472824
3603 3604 9317736
3604 3540 2699944
3604 3668 2.68814e+06
3604 3596 5017216
3604 3612 4883568
3604 3603 9315120
3604 3605 9387560
3308 3756 2.60243e+06
3308 3372 2748216
3308 3364 5226144
3308 3316 5.11348e+06
3308 3307 9269264
3308 3309 9411896
3335 3783 2698072
3335 3399 2799520
3335 3327 5170728
3335 3343 5169512
3335 3334 9365232
3335 3336 9368360
3605 3541 2820432
3605 3669 2666600
3605 3597 4983384
3605 3613 5184008
3605 3604 9391032
3605 3606 9310056
3606 3542 2.64346e+06
3606 3670 2678208
3606 3598 5066664
3606 3614 4891304
3606 3605 9307256
3606 3607 9462120
3607 3543 2794480
3607 3671 2.65415e+06
3607 3599 4949920
3607 3615 5133328
3607 3606 9464960
3607 3608 9256608
3608 3544 2.61081e+06
3608 3672 2.74942e+06
3608 3600 5.09032e+06
3608 3616 4829544
3608 3607 9258792
3608 3601 9415784
3609 3545 2862312
3609 3673 2.82025e+06
3609 3601 5299816
3609 3617 5246000
3609 3616 9375936
3609 3610 9383728
3610 3546 2.64482e+06
3610 3674 2620584
3610 3602 4898496
3610 3618 4738184
3610 3609 9380392
3610 3611 9302064
3611 3547 2.79107e+06
3611 3675 2796552
3611 3603 5180432
3611 3619 5332432
3611 3610 9310496
3611 3612 9349448
3612 3548 2.61106e+06
3612 3676 2650400
3612 3604 4886528
3612 3620 4751920
3612 3611 9342536
3612 3613 9402552
3613 3549 2.78705e+06
3613 3677 2.80629e+06
3613 3605 5182680
3613 3621 5162928
3613 3612 9407784
3613 3614 9303280
3614 3550 2562416
3614 3678 2.67538e+06
3614 3606 4890824
3614 3622 4771632
3614 3613 9299504
3614 3615 9399680
3336 3784 2.59075e+06
3336 3400 2631984
3336 3328 4786792
3336 3344 4818288
3336 3335 9364512
3336 3329 9303016
3615 3551 2.79073e+06
3615 3679 2.7291e+06
3615 3607 5132776
3615 3623 5371200
3615 3614 9407368
3615 3616 9345504
3616 3552 2.57823e+06
3616 3680 2.63424e+06
3616 3608 4.83371e+06
3616 3624 4721728
3616 3615 9341248
3616 3609 9366560
3617 3553 2777840
3617 3681 2900504
3617 3609 5244176
3617 3561 5168544
3617 3624 9191640
3617 3618 9426240
3618 3554 2.64227e+06
3618 3682 2571224
3618 3610 4733632
3618 3562 4.83878e+06
3618 3617 9421280
3618 3619 9279008
3619 3555 2.80987e+06
3619 3683 2.75546e+06
3619 3611 5.32977e+06
3619 3563 5098584
3619 3618 9284608
3619 3620 9296768
3620 3556 2538648
3620 3684 2603072
3620 3612 4753664
3620 3564 4841768
3620 3619 9.29122e+06
3620 3621 9302624
3621 3557 2.81065e+06
3621 3685 2846952
3621 3613 5161704
3621 3565 5113984
3621 3620 9307744
3621 3622 9362704
3622 3558 2590960
3622 3686 2629056
3622 3614 4769920
3622 3566 4734184
3622 3621 9357784
3622 3623 9338824
3623 3559 2.83341e+06
3623 3687 2.71594e+06
3623 3615 5369904
3623 3567 5253760
3623 3622 9346408
3623 3624 9359936
3624 3560 2479968
3624 3688 2.55205e+06
3624 3616 4723208
3624 3568 4744640
3624 3623 9355000
3624 3617 9183240
3337 3785 2.74127e+06
3337 3401 2.83518e+06
3337 3329 5270808
3337 3345 5115520
3337 3344 9277304
3337 3338 9437304
3625 3561 2.68774e+06
3625 3689 2.81141e+06
3625 3681 5307776
3625 3633 5187688
3625 3632 9214000
3625 3626 9443944
3626 3562 2.66043e+06
3626 3690 2.68937e+06
3626 3682 4797752
3626 3634 4944736
3626 3625 9442568
3626 3627 9281928
3627 3563 2763728
3627 3691 2851256
3627 3683 5128216
3627 3635 5128560
3627 3626 9288048
3627 3628 9306912
3628 3564 2637920
3628 3692 2491616
3628 3684 4736024
3628 3636 4860400
3628 3627 9300728
3628 3629 9286648
3629 3565 2.66658e+06
3629 3693 2.82741e+06
3629 3685 5251728
3629 3637 5236888
3629 3628 9292816
3629 3630 9369560
3630 3566 2611008
3630 3694 2.58738e+06
3630 3686 4699120
3630 3638 4831704
3630 3629 9365640
3630 3631 9293832
3631 3567 2.86415e+06
3631 3695 2.89481e+06
3631 3687 5201088
3631 3639 5203512
3631 3630 9302800
3631 3632 9278632
3632 3568 2602360
3632 3696 2.53299e+06
3632 3688 4660712
3632 3640 4.86182e+06
3632 3631 9272640
3632 3625 9207848
3633 3569 2624456
3633 3697 2.80996e+06
3633 3625 5188136
3633 3641 5001400
3633 3640 9290456
3633 3634 9436608
3634 3570 2.79083e+06
3634 3698 2648736
3634 3626 4948096
3634 3642 5.13518e+06
3634 3633 9438640
3634 3635 9.25483e+06
3338 3786 2.75842e+06
3338 3402 2547352
3338 3330 4884536
3338 3346 4988600
3338 3337 9435136
3338 3339 9301576
3635 3571 2697104
3635 3699 2.75244e+06
3635 3627 5133976
3635 3643 4962704
3635 3634 9256808
3635 3636 9453296
3636 3572 2745456
3636 3700 2.62457e+06
3636 3628 4860688
3636 3644 5082864
3636 3635 9452920
3636 3637 9293560
3637 3573 2657840
3637 3701 2798184
3637 3629 5239360
3637 3645 5021184
3637 3636 9296600
3637 3638 9418328
3638 3574 2.73323e+06
3638 3702 2.64032e+06
3638 3630 4834216
3638 3646 5067200
3638 3637 9415544
3638 3639 9275472
3639 3575 2.7197e+06
3639 3703 2.79359e+06
3639 3631 5208680
3639 3647 5051192
3639 3638 9278720
3639 3640 9447568
3640 3576 2698712
3640 3704 2559784
3640 3632 4.86078e+06
3640 3648 4973312
3640 3639 9444136
3640 3633 9285864
3641 3577 2.61491e+06
3641 3705 2750384
3641 3633 5001184
3641 3649 4888344
3641 3648 9269920
3641 3642 9415208
3642 3578 2793280
3642 3706 2.6889e+06
3642 3634 5134616
3642 3650 5160488
3642 3641 9420208
3642 3643 9314216
3643 3579 2638264
3643 3707 2725632
3643 3635 4966216
3643 3651 4910696
3643 3642 9312432
3643 3644 9.40611e+06
3644 3580 2.75324e+06
3644 3708 2730056
3644 3636 5080896
3644 3652 5226016
3644 3643 9409872
3644 3645 9343696
3339 3787 2661672
3339 3403 2.84978e+06
3339 3331 5202376
3339 3347 5057496
3339 3338 9303264
3339 3340 9446344
3645 3581 2.63541e+06
3645 3709 2693208
3645 3637 5020952
3645 3653 4.81986e+06
3645 3644 9341824
3645 3646 9460200
3646 3582 2780208
3646 3710 2.73598e+06
3646 3638 5067552
3646 3654 5235912
3646 3645 9463192
3646 3647 9337392
3647 3583 2.6924e+06
3647 3711 2.6754e+06
3647 3639 5055112
3647 3655 4916216
3647 3646 9335704
3647 3648 9437664
3648 3584 2.75506e+06
3648 3712 2.6758e+06
3648 3640 4971760
3648 3656 5105984
3648 3647 9438552
3648 3641 9270296
3649 3585 2.59886e+06
3649 3713 2.66986e+06
3649 3641 4890032
3649 3657 4765536
3649 3656 9302128
3649 3650 9356248
3650 3586 2803608
3650 3714 2.83942e+06
3650 3642 5161768
3650 3658 5303312
3650 3649 9.36335e+06
3650 3651 9376256
3651 3587 2.61545e+06
3651 3715 2.60491e+06
3651 3643 4.91334e+06
3651 3659 4741328
3651 3650 9371304
3651 3652 9397896
3652 3588 2.81007e+06
3652 3716 2.79574e+06
3652 3644 5.22461e+06
3652 3660 5270264
3652 3651 9403448
3652 3653 9398736
3653 3589 2.63019e+06
3653 3717 2550824
3653 3645 4.82e+06
3653 3661 4767584
3653 3652 9392376
3653 3654 9427128
3654 3590 2.81756e+06
3654 3718 2.81998e+06
3654 3646 5235896
3654 3662 5326328
3654 3653 9434608
3654 3655 9376768
3340 3788 2622304
3340 3404 2626112
3340 3332 4.79582e+06
3340 3348 4930128
3340 3339 9443016
3340 3341 9249688
3655 3591 2.68698e+06
3655 3719 2.62436e+06
3655 3647 4920152
3655 3663 4794824
3655 3654 9371336
3655 3656 9399416
3656 3592 2850728
3656 3720 2746792
3656 3648 5105776
3656 3664 5259920
3656 3655 9.40341e+06
3656 3649 9306376
3657 3593 2.56513e+06
3657 3721 2.5847e+06
3657 3649 4.76455e+06
3657 3665 4.78156e+06
3657 3664 9338736
3657 3658 9384200
3658 3594 2843024
3658 3722 2802184
3658 3650 5303744
3658 3666 5237744
3658 3657 9393120
3658 3659 9383304
3659 3595 2.63909e+06
3659 3723 2.53416e+06
3659 3651 4742304
3659 3667 4860304
3659 3658 9376736
3659 3660 9346320
3660 3596 2.76386e+06
3660 3724 2820856
3660 3652 5270352
3660 3668 5219416
3660 3659 9352656
3660 3661 9410048
3661 3597 2.59479e+06
3661 3725 2581448
3661 3653 4766616
3661 3669 4.80755e+06
3661 3660 9.40281e+06
3661 3662 9376184
3662 3598 2.78536e+06
3662 3726 2.8845e+06
3662 3654 5326480
3662 3670 5212408
3662 3661 9385432
3662 3663 9418280
3663 3599 2.63817e+06
3663 3727 2611632
3663 3655 4797048
3663 3671 4835976
3663 3662 9412264
3663 3664 9360744
3664 3600 2.75279e+06
3664 3728 2768432
3664 3656 5258472
3664 3672 5295056
3664 3663 9367232
3664 3657 9346552
3341 3789 2751576
3341 3405 2840176
3341 3333 5284616
3341 3349 5142832
3341 3340 9257592
3341 3342 9446664
3665 3601 2715448
3665 3729 2.5692e+06
3665 3657 4779816
3665 3673 5043944
3665 3672 9390408
3665 3666 9356808
3666 3602 2.64749e+06
3666 3730 2863904
3666 3658 5237704
3666 3674 5021128
3666 3665 9359896
3666 3667 9418112
3667 3603 2757336
3667 3731 2.60857e+06
3667 3659 4861856
3667 3675 5022336
3667 3666 9415592
3667 3668 9320320
3668 3604 2.68674e+06
3668 3732 2.78998e+06
3668 3660 5220176
3668 3676 5037280
3668 3667 9.32366e+06
3668 3669 9430264
3669 3605 2.66626e+06
3669 3733 2.59654e+06
3669 3661 4807296
3669 3677 5064248
3669 3668 9427696
3669 3670 9307088
3670 3606 2.67834e+06
3670 3734 2807904
3670 3662 5212936
3670 3678 5043080
3670 3669 9311880
3670 3671 9472608
3671 3607 2.65456e+06
3671 3735 2.56884e+06
3671 3663 4836032
3671 3679 4951840
3671 3670 9.47055e+06
3671 3672 9235928
3672 3608 2.74842e+06
3672 3736 2.79182e+06
3672 3664 5296432
3672 3680 5071032
3672 3671 9241064
3672 3665 9.3938e+06
3673 3609 2.82164e+06
3673 3737 2705880
3673 3665 5042152
3673 3681 5230368
3673 3680 9.3496e+06
3673 3674 9320664
3674 3610 2.61994e+06
3674 3738 2738080
3674 3666 5023304
3674 3682 4862016
3674 3673 9319376
3674 3675 9351712
3342 3790 2.76497e+06
3342 3406 2.57501e+06
3342 3334 4895920
3342 3350 5.02486e+06
3342 3341 9443976
3342 3343 9269328
3675 3611 2798528
3675 3739 2.69446e+06
3675 3667 5.02293e+06
3675 3683 5192136
3675 3674 9353216
3675 3676 9310024
3676 3612 2649808
3676 3740 2.70081e+06
3676 3668 5.04042e+06
3676 3684 4.81434e+06
3676 3675 9307688
3676 3677 9450904
3677 3613 2.8062e+06
3677 3741 2.74346e+06
3677 3669 5062336
3677 3685 5.14702e+06
3677 3676 9456048
3677 3678 9280768
3678 3614 2675224
3678 3742 2745456
3678 3670 5.04407e+06
3678 3686 4925560
3678 3677 9281088
3678 3679 9398688
3679 3615 2.73029e+06
3679 3743 2.75842e+06
3679 3671 4951568
3679 3687 5190952
3679 3678 9401344
3679 3680 9256832
3680 3616 2634448
3680 3744 2.70778e+06
3680 3672 5074024
3680 3688 4737000
3680 3679 9256968
3680 3673 9344880
3681 3617 2.90081e+06
3681 3745 2868208
3681 3673 5228368
3681 3625 5.31141e+06
3681 3688 9234968
3681 3682 9372152
3682 3618 2.5718e+06
3682 3746 2576848
3682 3674 4859160
3682 3626 4795200
3682 3681 9368512
3682 3683 9309824
3683 3619 2.75667e+06
3683 3747 2.68989e+06
3683 3675 5.19014e+06
3683 3627 5124624
3683 3682 9315360
3683 3684 9264904
3684 3620 2603632
3684 3748 2.70496e+06
3684 3676 4816952
3684 3628 4735704
3684 3683 9261664
3684 3685 9393648
3343 3791 2.64594e+06
3343 3407 2751184
3343 3335 5170016
3343 3351 5081888
3343 3342 9273096
3343 3344 9.438e+06
3685 3621 2.84845e+06
3685 3749 2.84921e+06
3685 3677 5141440
3685 3629 5254312
3685 3684 9401184
3685 3686 9326776
3686 3622 2629848
3686 3750 2576952
3686 3678 4922672
3686 3630 4700184
3686 3685 9323552
3686 3687 9347912
3687 3623 2.71615e+06
3687 3751 2637744
3687 3679 5187960
3687 3631 5195032
3687 3686 9354416
3687 3688 9209520
3688 3624 2552672
3688 3752 2.6332e+06
3688 3680 4741224
3688 3632 4659600
3688 3687 9204760
3688 3681 9225792
3689 3625 2.81254e+06
3689 3753 2936120
3689 3745 5269928
3689 3697 5372352
3689 3696 9372400
3689 3690 9367952
3690 3626 2.6901e+06
3690 3754 2619696
3690 3746 4734864
3690 3698 4815144
3690 3689 9.36251e+06
3690 3691 9.36503e+06
3691 3627 2.85186e+06
3691 3755 2.70438e+06
3691 3747 5011752
3691 3699 5.23444e+06
3691 3690 9370032
3691 3692 9239992
3692 3628 2493312
3692 3756 2616080
3692 3748 4849456
3692 3700 4829216
3692 3691 9237216
3692 3693 9400672
3693 3629 2829424
3693 3757 2.76354e+06
3693 3749 5174984
3693 3701 5273440
3693 3692 9.40659e+06
3693 3694 9333296
3694 3630 2.58774e+06
3694 3758 2.66172e+06
3694 3750 4795040
3694 3702 4752616
3694 3693 9327696
3694 3695 9358312
3344 3792 2653104
3344 3408 2649904
3344 3336 4817112
3344 3352 4.94421e+06
3344 3343 9434536
3344 3337 9272824
3695 3631 2.89435e+06
3695 3759 2771640
3695 3751 5.07747e+06
3695 3703 5273320
3695 3694 9365784
3695 3696 9230824
3696 3632 2533176
3696 3760 2.55589e+06
3696 3752 4747280
3696 3704 4754016
3696 3695 9226688
3696 3689 9362656
3697 3633 2.80822e+06
3697 3761 2.76599e+06
3697 3689 5372296
3697 3705 5.20221e+06
3697 3704 9354312
3697 3698 9442448
3698 3634 2.64922e+06
3698 3762 2.65587e+06
3698 3690 4820032
3698 3706 4.87674e+06
3698 3697 9437936
3698 3699 9346840
3699 3635 2752152
3699 3763 2.81435e+06
3699 3691 5235880
3699 3707 5132688
3699 3698 9352288
3699 3700 9428368
3700 3636 2.62542e+06
3700 3764 2.64498e+06
3700 3692 4829360
3700 3708 4930552
3700 3699 9.42497e+06
3700 3701 9360120
3701 3637 2799544
3701 3765 2.79542e+06
3701 3693 5274256
3701 3709 5.22579e+06
3701 3700 9366232
3701 3702 9391280
3702 3638 2.64066e+06
3702 3766 2615720
3702 3694 4757624
3702 3710 4.8631e+06
3702 3701 9384736
3702 3703 9340936
3703 3639 2793224
3703 3767 2.8344e+06
3703 3695 5275480
3703 3711 5190672
3703 3702 9345504
3703 3704 9433232
3704 3640 2558952
3704 3768 2598552
3704 3696 4753040
3704 3712 4833768
3704 3703 9426504
3704 3697 9345928
3309 3757 2.80434e+06
3309 3373 2.63985e+06
3309 3365 4863448
3309 3317 5093896
3309 3308 9410680
3309 3310 9233832
3345 3793 2.6745e+06
3345 3409 2737784
3345 3337 5117184
3345 3353 4906680
3345 3352 9298152
3345 3346 9432136
3705 3641 2.74827e+06
3705 3769 2783088
3705 3697 5205128
3705 3713 5.04248e+06
3705 3712 9265104
3705 3706 9412824
3706 3642 2690688
3706 3770 2608496
3706 3698 4876216
3706 3714 5025792
3706 3705 9411000
3706 3707 9312856
3707 3643 2724936
3707 3771 2.76725e+06
3707 3699 5134672
3707 3715 5068488
3707 3706 9315408
3707 3708 9417072
3708 3644 2.72911e+06
3708 3772 2.60026e+06
3708 3700 4928728
3708 3716 5.0263e+06
3708 3707 9416520
3708 3709 9328472
3709 3645 2.69175e+06
3709 3773 2.81886e+06
3709 3701 5.22626e+06
3709 3717 5012984
3709 3708 9331832
3709 3710 9448576
3710 3646 2.73555e+06
3710 3774 2585920
3710 3702 4865040
3710 3718 5028928
3710 3709 9445992
3710 3711 9297104
3711 3647 2676176
3711 3775 2.80812e+06
3711 3703 5191824
3711 3719 5114152
3711 3710 9298408
3711 3712 9436264
3712 3648 2676016
3712 3776 2546688
3712 3704 4831144
3712 3720 4924944
3712 3711 9430784
3712 3705 9260280
3713 3649 2669608
3713 3777 2.70961e+06
3713 3705 5044784
3713 3721 4830024
3713 3720 9242632
3713 3714 9377744
3714 3650 2841232
3714 3778 2796680
3714 3706 5026576
3714 3722 5291264
3714 3713 9383080
3714 3715 9304088
3346 3794 2.8575e+06
3346 3410 2.58921e+06
3346 3338 4989720
3346 3354 5.17379e+06
3346 3345 9433304
3346 3347 9264616
3715 3651 2.6062e+06
3715 3779 2697160
3715 3707 5069432
3715 3723 4786928
3715 3714 9300464
3715 3716 9400176
3716 3652 2.79665e+06
3716 3780 2743176
3716 3708 5024856
3716 3724 5240320
3716 3715 9402488
3716 3717 9325808
3717 3653 2.54952e+06
3717 3781 2.74691e+06
3717 3709 5013576
3717 3725 4830432
3717 3716 9322952
3717 3718 9442440
3718 3654 2.82022e+06
3718 3782 2661472
3718 3710 5029824
3718 3726 5175264
3718 3717 9444768
3718 3719 9309296
3719 3655 2625128
3719 3783 2.78278e+06
3719 3711 5116064
3719 3727 4932016
3719 3718 9308392
3719 3720 9415976
3720 3656 2.7459e+06
3720 3784 2.66346e+06
3720 3712 4922744
3720 3728 5136624
3720 3719 9416480
3720 3713 9241576
3721 3657 2.58662e+06
3721 3785 2636280
3721 3713 4831120
3721 3729 4777352
3721 3728 9281952
3721 3722 9413392
3722 3658 2.8014e+06
3722 3786 2776608
3722 3714 5290936
3722 3730 5261576
3722 3721 9421576
3722 3723 9308088
3723 3659 2533264
3723 3787 2564112
3723 3715 4789448
3723 3731 4757064
3723 3722 9301568
3723 3724 9381824
3724 3660 2820664
3724 3788 2.75939e+06
3724 3716 5238160
3724 3732 5299616
3724 3723 9388632
3724 3725 9354768
3347 3795 2.56509e+06
3347 3411 2.7788e+06
3347 3339 5058088
3347 3355 4898456
3347 3346 9262808
3347 3348 9439848
3725 3661 2581800
3725 3789 2665752
3725 3717 4831432
3725 3733 4.76988e+06
3725 3724 9349384
3725 3726 9411584
3726 3662 2885400
3726 3790 2723784
3726 3718 5177480
3726 3734 5273400
3726 3725 9418088
3726 3727 9320128
3727 3663 2.61351e+06
3727 3791 2.67863e+06
3727 3719 4934576
3727 3735 4.79245e+06
3727 3726 9315064
3727 3728 9452448
3728 3664 2768048
3728 3792 2767104
3728 3720 5133800
3728 3736 5295664
3728 3727 9457616
3728 3721 9286592
3729 3665 2569208
3729 3793 2621288
3729 3721 4777208
3729 3737 4801912
3729 3736 9272192
3729 3730 9384944
3730 3666 2.86308e+06
3730 3794 2.79369e+06
3730 3722 5264776
3730 3738 5237376
3730 3729 9.39074e+06
3730 3731 9361064
3731 3667 2.60811e+06
3731 3795 2612280
3731 3723 4758904
3731 3739 4814512
3731 3730 9354896
3731 3732 9350912
3732 3668 2.79041e+06
3732 3796 2.77985e+06
3732 3724 5299104
3732 3740 5205848
3732 3731 9357544
3732 3733 9398472
3733 3669 2.59661e+06
3733 3797 2579560
3733 3725 4769776
3733 3741 4.86107e+06
3733 3732 9393720
3733 3734 9393048
3734 3670 2.80827e+06
3734 3798 2.82316e+06
3734 3726 5275840
3734 3742 5223040
3734 3733 9400560
3734 3735 9376992
3348 3796 2.71206e+06
3348 3412 2.68178e+06
3348 3340 4.92838e+06
3348 3356 5155344
3348 3347 9442344
3348 3349 9242144
3735 3671 2569728
3735 3799 2.56026e+06
3735 3727 4793928
3735 3743 4803768
3735 3734 9369640
3735 3736 9336040
3736 3672 2.79103e+06
3736 3800 2.78195e+06
3736 3728 5294720
3736 3744 5213320
3736 3735 9342408
3736 3729 9278128
3737 3673 2705664
3737 3801 2.59789e+06
3737 3729 4801056
3737 3745 5038712
3737 3744 9311656
3737 3738 9300824
3738 3674 2.73701e+06
3738 3802 2.83431e+06
3738 3730 5238912
3738 3746 5113688
3738 3737 9304352
3738 3739 9417464
3739 3675 2.69434e+06
3739 3803 2629984
3739 3731 4815864
3739 3747 4928968
3739 3738 9411528
3739 3740 9336136
3740 3676 2700304
3740 3804 2809592
3740 3732 5207416
3740 3748 5082672
3740 3739 9339856
3740 3741 9431224
3741 3677 2744360
3741 3805 2.58344e+06
3741 3733 4859640
3741 3749 4995056
3741 3740 9429560
3741 3742 9320344
3742 3678 2.74326e+06
3742 3806 2.85634e+06
3742 3734 5.22429e+06
3742 3750 5095200
3742 3741 9326576
3742 3743 9381856
3743 3679 2.76038e+06
3743 3807 2.6171e+06
3743 3735 4805408
3743 3751 4949240
3743 3742 9376888
3743 3744 9246256
3744 3680 2708584
3744 3808 2801712
3744 3736 5213376
3744 3752 5016008
3744 3743 9250184
3744 3737 9313688
3349 3797 2658248
3349 3413 2.72549e+06
3349 3341 5142904
3349 3357 4885048
3349 3348 9243688
3349 3350 9415696
3745 3681 2.86755e+06
3745 3809 2.63071e+06
3745 3737 5037928
3745 3689 5268768
3745 3752 9336992
3745 3746 9247576
3746 3682 2.57632e+06
3746 3810 2607072
3746 3738 5111784
3746 3690 4732128
3746 3745 9245240
3746 3747 9293560
3747 3683 2.68848e+06
3747 3811 2654744
3747 3739 4927312
3747 3691 5.00846e+06
3747 3746 9.29585e+06
3747 3748 9271576
3748 3684 2.70577e+06
3748 3812 2.82558e+06
3748 3740 5083168
3748 3692 4852448
3748 3747 9272144
3748 3749 9456064
3749 3685 2848248
3749 3813 2.65398e+06
3749 3741 4992520
3749 3693 5175760
3749 3748 9460384
3749 3750 9253832
3750 3686 2575688
3750 3814 2.67095e+06
3750 3742 5.09122e+06
3750 3694 4792320
3750 3749 9252960
3750 3751 9320448
3751 3687 2.63821e+06
3751 3815 2.62993e+06
3751 3743 4948064
3751 3695 5074792
3751 3750 9322056
3751 3752 9171080
3752 3688 2.63382e+06
3752 3816 2794592
3752 3744 5017640
3752 3696 4748568
3752 3751 9170640
3752 3745 9331192
3753 3689 2936464
3753 1385 2.79796e+06
3753 3809 5063504
3753 3761 5301048
3753 3760 9322016
3753 3754 9150712
3754 3690 2.61756e+06
3754 3306 2.66898e+06
3754 3810 4.80584e+06
3754 3762 4758544
3754 3753 9148656
3754 3755 9326192
3350 3798 2805392
3350 3414 2.62296e+06
3350 3342 5023648
3350 3358 5135104
3350 3349 9416504
3350 3351 9254552
3755 3691 2.70375e+06
3755 3307 2.65942e+06
3755 3811 4855640
3755 3763 5177736
3755 3754 9330672
3755 3756 9221656
3756 3692 2615888
3756 3308 2602784
3756 3812 5041064
3756 3764 4923512
3756 3755 9222936
3756 3757 9391272
3757 3693 2761768
3757 3309 2804720
3757 3813 5.00415e+06
3757 3765 5198248
3757 3756 9395496
3757 3758 9190592
3758 3694 2.6619e+06
3758 3310 2706504
3758 3814 4886168
3758 3766 4825112
3758 3757 9190216
3758 3759 9376648
3759 3695 2.77018e+06
3759 3311 2623640
3759 3815 4890520
3759 3767 5131872
3759 3758 9378576
3759 3760 9154168
3760 3696 2.55632e+06
3760 3312 2657992
3760 3816 5014528
3760 3768 4854856
3760 3759 9154384
3760 3753 9.31753e+06
3761 3697 2.7659e+06
3761 3313 2.8731e+06
3761 3753 5.30196e+06
3761 3769 5308304
3761 3768 9304888
3761 3762 9333096
3762 3698 2.65471e+06
3762 3314 2551080
3762 3754 4763080
3762 3770 4831552
3762 3761 9327640
3762 3763 9389392
3763 3699 2814048
3763 3315 2.7559e+06
3763 3755 5179592
3763 3771 5155040
3763 3762 9396288
3763 3764 9390272
3764 3700 2.64492e+06
3764 3316 2613976
3764 3756 4923848
3764 3772 4880144
3764 3763 9388552
3764 3765 9373112
3351 3799 2.60639e+06
3351 3415 2787408
3351 3343 5085232
3351 3359 4976536
3351 3350 9254760
3351 3352 9442176
3765 3701 2796496
3765 3317 2.86372e+06
3765 3757 5.20049e+06
3765 3773 5313624
3765 3764 9379272
3765 3766 9257048
3766 3702 2.61467e+06
3766 3318 2.56046e+06
3766 3758 4.83033e+06
3766 3774 4743552
3766 3765 9252064
3766 3767 9409144
3767 3703 2.834e+06
3767 3319 2718976
3767 3759 5130928
3767 3775 5204312
3767 3766 9415864
3767 3768 9270536
3768 3704 2.59881e+06
3768 3320 2.54179e+06
3768 3760 4853248
3768 3776 4808264
3768 3767 9265232
3768 3761 9295808
3769 3705 2781648
3769 3321 2835920
3769 3761 5309336
3769 3777 5264440
3769 3776 9264264
3769 3770 9388536
3770 3706 2.60936e+06
3770 3322 2640136
3770 3762 4833816
3770 3778 4.90553e+06
3770 3769 9382896
3770 3771 9346968
3771 3707 2.76786e+06
3771 3323 2.70534e+06
3771 3763 5155576
3771 3779 5138056
3771 3770 9351200
3771 3772 9436584
3772 3708 2602032
3772 3324 2683400
3772 3764 4879896
3772 3780 4866248
3772 3771 9432720
3772 3773 9336168
3773 3709 2.81801e+06
3773 3325 2.86775e+06
3773 3765 5314664
3773 3781 5304936
3773 3772 9343376
3773 3774 9.38798e+06
3774 3710 2.58501e+06
3774 3326 2595320
3774 3766 4744936
3774 3782 4.80363e+06
3774 3773 9380240
3774 3775 9334744
3352 3800 2.7125e+06
3352 3416 2.68814e+06
3352 3344 4940888
3352 3360 5116720
3352 3351 9443176
3352 3345 9299232
3775 3711 2808248
3775 3327 2733416
3775 3767 5204112
3775 3783 5197136
3775 3774 9339704
3775 3776 9342808
3776 3712 2.54812e+06
3776 3328 2.66398e+06
3776 3768 4806376
3776 3784 4799136
3776 3775 9337192
3776 3769 9255256
3777 3713 2.70778e+06
3777 3329 2909408
3777 3769 5267336
3777 3785 5078232
3777 3784 9260472
3777 3778 9393096
3778 3714 2.79577e+06
3778 3330 2.65589e+06
3778 3770 4907240
3778 3786 5142184
3778 3777 9391752
3778 3779 9306088
3779 3715 2.69599e+06
3779 3331 2684088
3779 3771 5.13902e+06
3779 3787 4904848
3779 3778 9307464
3779 3780 9427944
3780 3716 2.74257e+06
3780 3332 2.62158e+06
3780 3772 4866960
3780 3788 5015160
3780 3779 9426944
3780 3781 9253664
3781 3717 2747936
3781 3333 2.87239e+06
3781 3773 5307464
3781 3789 5139072
3781 3780 9258312
3781 3782 9416456
3782 3718 2.66112e+06
3782 3334 2634120
3782 3774 4805368
3782 3790 4965464
3782 3781 9411496
3782 3783 9272544
3783 3719 2.78377e+06
3783 3335 2699336
3783 3775 5196584
3783 3791 5102856
3783 3782 9276416
3783 3784 9408192
3784 3720 2.66454e+06
3784 3336 2.59028e+06
3784 3776 4799224
3784 3792 4949456
3784 3783 9404824
3784 3777 9254696
3353 3801 2.56906e+06
3353 3417 2.66563e+06
3353 3345 4906984
3353 3361 4823496
3353 3360 9316368
3353 3354 9335400
3785 3721 2.63457e+06
3785 3337 2.74154e+06
3785 3777 5080616
3785 3793 4942216
3785 3792 9279624
3785 3786 9.42839e+06
3786 3722 2.77824e+06
3786 3338 2758624
3786 3778 5.14157e+06
3786 3794 5230352
3786 3785 9431624
3786 3787 9301232
3787 3723 2.56571e+06
3787 3339 2.66252e+06
3787 3779 4906576
3787 3795 4851192
3787 3786 9298344
3787 3788 9445288
3788 3724 2.75886e+06
3788 3340 2.62365e+06
3788 3780 5.01324e+06
3788 3796 5.12326e+06
3788 3787 9.44983e+06
3788 3789 9250104
3789 3725 2665944
3789 3341 2751824
3789 3781 5140928
3789 3797 4953552
3789 3788 9252384
3789 3790 9431048
3790 3726 2723864
3790 3342 2.76487e+06
3790 3782 4.96496e+06
3790 3798 5223232
3790 3789 9432616
3790 3791 9244392
3791 3727 2.67806e+06
3791 3343 2647616
3791 3783 5103488
3791 3799 4857624
3791 3790 9242528
3791 3792 9480496
3792 3728 2768848
3792 3344 2651752
3792 3784 4946896
3792 3800 5112456
3792 3791 9482480
3792 3785 9277760
3793 3729 2.62201e+06
3793 3345 2.67294e+06
3793 3785 4942776
3793 3801 4794088
3793 3800 9267976
3793 3794 9414056
3794 3730 2793408
3794 3346 2857784
3794 3786 5230968
3794 3802 5.34056e+06
3794 3793 9421040
3794 3795 9299712
3354 3802 2876488
3354 3418 2.77724e+06
3354 3346 5173672
3354 3362 5320736
3354 3353 9340528
3354 3355 9285552
3795 3731 2.61044e+06
3795 3347 2.56506e+06
3795 3787 4853648
3795 3803 4.74606e+06
3795 3794 9293592
3795 3796 9438632
3796 3732 2779712
3796 3348 2711536
3796 3788 5.12218e+06
3796 3804 5250528
3796 3795 9446064
3796 3797 9280696
3797 3733 2578776
3797 3349 2.6596e+06
3797 3789 4.95349e+06
3797 3805 4780112
3797 3796 9277520
3797 3798 9424496
3798 3734 2822712
3798 3350 2805976
3798 3790 5.22449e+06
3798 3806 5303408
3798 3797 9431136
3798 3799 9295168
3799 3735 2560392
3799 3351 2608488
3799 3791 4859224
3799 3807 4788752
3799 3798 9289480
3799 3800 9432440
3800 3736 2.78261e+06
3800 3352 2711184
3800 3792 5111008
3800 3808 5201864
3800 3799 9437800
3800 3793 9270192
3801 3737 2.59839e+06
3801 3353 2.57058e+06
3801 3793 4792792
3801 3809 4821608
3801 3808 9351928
3801 3802 9307016
3802 3738 2833664
3802 3354 2.87577e+06
3802 3794 5340072
3802 3810 5286480
3802 3801 9313952
3802 3803 9340936
3803 3739 2.62862e+06
3803 3355 2.58154e+06
3803 3795 4747216
3803 3811 4.73991e+06
3803 3802 9334536
3803 3804 9379600
3804 3740 2811464
3804 3356 2787432
3804 3796 5251288
3804 3812 5221768
3804 3803 9387800
3804 3805 9350848
3310 3758 2.70668e+06
3310 3374 2.7971e+06
3310 3366 5006824
3310 3318 4993112
3310 3309 9237280
3310 3311 9300608
3355 3803 2.5827e+06
3355 3419 2696176
3355 3347 4899944
3355 3363 4.7273e+06
3355 3354 9280816
3355 3356 9409528
3805 3741 2.58234e+06
3805 3357 2.62098e+06
3805 3797 4780616
3805 3813 4846224
3805 3804 9345720
3805 3806 9331176
3806 3742 2.85634e+06
3806 3358 2846864
3806 3798 5305496
3806 3814 5262320
3806 3805 9339296
3806 3807 9295720
3807 3743 2617312
3807 3359 2643128
3807 3799 4791144
3807 3815 4758176
3807 3806 9289520
3807 3808 9355920
3808 3744 2802168
3808 3360 2.72098e+06
3808 3800 5200464
3808 3816 5185552
3808 3807 9362240
3808 3801 9358176
3809 3745 2628976
3809 3361 2.60192e+06
3809 3801 4821168
3809 3753 5059984
3809 3816 9363520
3809 3810 9118704
3810 3746 2606768
3810 3362 2.73555e+06
3810 3802 5285320
3810 3754 4803000
3810 3809 9120736
3810 3811 9212352
3811 3747 2.65454e+06
3811 3363 2593888
3811 3803 4738648
3811 3755 4854656
3811 3810 9211496
3811 3812 9260648
3812 3748 2.8251e+06
3812 3364 2.86412e+06
3812 3804 5220640
3812 3756 5045920
3812 3811 9266600
3812 3813 9426216
3813 3749 2.65475e+06
3813 3365 2607328
3813 3805 4844536
3813 3757 5004216
3813 3812 9423040
3813 3814 9223432
3814 3750 2.67042e+06
3814 3366 2703120
3814 3806 5261464
3814 3758 4882744
3814 3813 9.22618e+06
3814 3815 9246056
3356 3804 2786920
3356 3420 2732576
3356 3348 5.15287e+06
3356 3364 5207024
3356 3355 9415320
3356 3357 9287824
3815 3751 2.63038e+06
3815 3367 2.63918e+06
3815 3807 4.75796e+06
3815 3759 4890784
3815 3814 9243192
3815 3816 9209432
3816 3752 2793280
3816 3368 2.86682e+06
3816 3808 5184776
3816 3760 5020104
3816 3815 9214544
3816 3809 9366056
3357 3805 2.62268e+06
3357 3421 2.69967e+06
3357 3349 4887136
3357 3365 4.82778e+06
3357 3356 9283456
3357 3358 9301920
3358 3806 2.8471e+06
3358 3422 2.71884e+06
3358 3350 5134704
3358 3366 5285736
3358 3357 9308424
3358 3359 9231896
3359 3807 2.64314e+06
3359 3423 2.64378e+06
3359 3351 4979320
3359 3367 4753432
3359 3358 9226568
3359 3360 9450160
3360 3808 2.72164e+06
3360 3424 2.81988e+06
3360 3352 5114128
3360 3368 5209528
3360 3359 9455016
3360 3353 9319936
3361 3809 2604408
3361 3425 2.52394e+06
3361 3353 4821648
3361 1385 4797568
3361 3368 9317576
3361 3362 9173312
3362 3810 2736800
3362 3426 2.74406e+06
3362 3354 5318328
3362 3306 5007312
3362 3361 9175992
3362 3363 9208504
3363 3811 2594736
3363 3427 2.62126e+06
3363 3355 4727432
3363 3307 4725376
3363 3362 9202600
3363 3364 9315856
3364 3812 2.86407e+06
3364 3428 2890880
3364 3356 5203776
3364 3308 5229920
3364 3363 9323968
3364 3365 9380264
3311 3759 2.6247e+06
3311 3375 2568136
3311 3367 4686136
3311 3319 4966432
3311 3310 9297848
3311 3312 9165680
3365 3813 2.60738e+06
3365 3429 2.57865e+06
3365 3357 4825768
3365 3309 4861592
3365 3364 9374864
3365 3366 9292408
3366 3814 2.70266e+06
3366 3430 2748776
3366 3358 5.28502e+06
3366 3310 5004720
3366 3365 9295360
3366 3367 9170776
3367 3815 2.63826e+06
3367 3431 2.58153e+06
3367 3359 4754120
3367 3311 4.68546e+06
3367 3366 9166096
3367 3368 9299168
3368 3816 2866232
3368 3432 2.89602e+06
3368 3360 5.20572e+06
3368 3312 5228072
3368 3367 9308728
3368 3361 9323552
3369 1385 2693320
3369 3433 2612344
3369 3425 4663536
3369 3377 4804992
3369 3376 9328360
3369 3370 9265888
3370 3306 2.76113e+06
3370 3434 2746432
3370 3426 5071336
3370 3378 5189096
3370 3369 9273096
3370 3371 9186664
3371 3307 2539760
3371 3435 2600616
3371 3427 4681792
3371 3379 4.8374e+06
3371 3370 9181256
3371 3372 9303304
3372 3308 2.7487e+06
3372 3436 2854080
3372 3428 5258352
3372 3380 5.26178e+06
3372 3371 9310688
3372 3373 9390552
3373 3309 2.6417e+06
3373 3437 2.65478e+06
3373 3429 4784336
3373 3381 4833096
3373 3372 9383840
3373 3374 9331616
3374 3310 2796744
3374 3438 2730144
3374 3430 5.06778e+06
3374 3382 5232216
3374 3373 9337240
3374 3375 9185920
3312 3760 2.65792e+06
3312 3376 2702304
3312 3368 5222840
3312 3320 5.03441e+06
3312 3311 9170904
3312 1385 9331320
3375 3311 2568952
3375 3439 2.50031e+06
3375 3431 4652600
3375 3383 4812704
3375 3374 9179912
3375 3376 9309848
3376 3312 2.70326e+06
3376 3440 2.83199e+06
3376 3432 5297056
3376 3384 5293056
3376 3375 9316280
3376 3369 9335408
3377 3313 2.68334e+06
3377 3441 2.63268e+06
3377 3369 4807056
3377 3385 5091904
3377 3384 9393600
3377 3378 9243448
3378 3314 2.73069e+06
3378 3442 2769128
3378 3370 5192312
3378 3386 4.98252e+06
3378 3377 9245896
3378 3379 9436512
3379 3315 2.72512e+06
3379 3443 2.66155e+06
3379 3371 4836328
3379 3387 5083192
3379 3378 9434144
3379 3380 9283344
3380 3316 2709232
3380 3444 2.78957e+06
3380 3372 5262112
3380 3388 5046936
3380 3379 9287680
3380 3381 9446152
3381 3317 2734128
3381 3445 2607648
3381 3373 4834328
3381 3389 5024664
3381 3380 9444552
3381 3382 9315072
3382 3318 2.73434e+06
3382 3446 2.88931e+06
3382 3374 5237912
3382 3390 5057144
3382 3381 9318432
3382 3383 9426864
3383 3319 2733280
3383 3447 2601216
3383 3375 4814112
3383 3391 5029408
3383 3382 9423600
3383 3384 9289680
3384 3320 2680856
3384 3448 2815544
3384 3376 5294736
3384 3392 4941512
3384 3383 9292472
3384 3377 9394536
3313 3761 2873480
3313 3377 2682488
3313 1385 5087816
3313 3321 5291288
3313 3320 9.31915e+06
3313 3314 9257144
3385 3321 2846296
3385 3449 2750408
3385 3377 5094360
3385 3393 5228280
3385 3392 9434720
3385 3386 9264152
3386 3322 2652976
3386 3450 2.6711e+06
3386 3378 4984560
3386 3394 4808128
3386 3385 9262648
3386 3387 9389320
3387 3323 2.72004e+06
3387 3451 2743768
3387 3379 5081248
3387 3395 5163536
3387 3386 9394480
3387 3388 9317592
3388 3324 2.60922e+06
3388 3452 2.72845e+06
3388 3380 5048720
3388 3396 4.90677e+06
3388 3387 9317176
3388 3389 9461856
3389 3325 2769512
3389 3453 2720936
3389 3381 5025984
3389 3397 5198312
3389 3388 9465608
3389 3390 9281512
3390 3326 2.56582e+06
3390 3454 2.70361e+06
3390 3382 5060192
3390 3398 4880088
3390 3389 9280848
3390 3391 9425048
3391 3327 2.81313e+06
3391 3455 2.67186e+06
3391 3383 5028456
3391 3399 5143552
3391 3390 9426984
3391 3392 9.25675e+06
3392 3328 2593304
3392 3456 2724224
3392 3384 4941040
3392 3400 4849336
3392 3391 9255368
3392 3385 9428288
3393 3329 2.74582e+06
3393 3457 2838968
3393 3385 5228056
3393 3401 5299472
3393 3400 9383120
3393 3394 9373568
3394 3330 2.59193e+06
3394 3458 2570544
3394 3386 4807960
3394 3402 4788928
3394 3393 9369040
3394 3395 9377968
3314 3762 2.55136e+06
3314 3378 2.73089e+06
3314 3306 4932544
3314 3322 4879568
3314 3313 9255520
3314 3315 9415712
3395 3331 2812280
3395 3459 2755832
3395 3387 5163456
3395 3403 5283056
3395 3394 9386432
3395 3396 9341576
3396 3332 2.59634e+06
3396 3460 2688200
3396 3388 4908008
3396 3404 4832632
3396 3395 9338080
3396 3397 9412640
3397 3333 2.80648e+06
3397 3461 2725728
3397 3389 5197808
3397 3405 5225456
3397 3396 9419048
3397 3398 9349216
3398 3334 2.65189e+06
3398 3462 2.67676e+06
3398 3390 4881392
3398 3406 4830432
3398 3397 9345680
3398 3399 9413040
3399 3335 2.80016e+06
3399 3463 2.74027e+06
3399 3391 5139968
3399 3407 5192464
3399 3398 9418440
3399 3400 9295096
3400 3336 2632200
3400 3464 2604616
3400 3392 4852392
3400 3408 4776032
3400 3399 9.29134e+06
3400 3393 9374800
3401 3337 2835856
3401 3465 2849576
3401 3393 5301888
3401 3409 5222704
3401 3408 9296064
3401 3402 9427704
3402 3338 2.55002e+06
3402 3466 2.61066e+06
3402 3394 4.78966e+06
3402 3410 4814952
3402 3401 9422552
3402 3403 9372304
3403 3339 2.85069e+06
3403 3467 2814448
3403 3395 5.28331e+06
3403 3411 5250168
3403 3402 9379832
3403 3404 9405928
3404 3340 2.62831e+06
3404 3468 2.66062e+06
3404 3396 4831976
3404 3412 4.84629e+06
3404 3403 9401648
3404 3405 9362880
