0 1 1.412e+07 0
0 7 1.432e+07 1
0 8 7.628e+06 1
0 56 7.277e+06 2
0 64 2.612e+06 1
0 192 2.797e+06 2
1 0 1.412e+07 0
1 2 1.419e+07 0
1 9 7.745e+06 1
1 57 7.707e+06 2
1 65 2.746e+06 1
1 193 2.669e+06 2
10 2 7.585e+06 1
10 9 1.449e+07 0
10 11 1.431e+07 0
10 18 7.831e+06 2
10 74 2.663e+06 1
10 202 2.756e+06 2
100 36 2.800e+06 1
100 92 7.741e+06 2
100 99 1.446e+07 1
100 101 1.435e+07 0
100 108 8.007e+06 1
100 164 2.631e+06 2
101 37 2.625e+06 1
101 93 7.671e+06 2
101 100 1.434e+07 0
101 102 1.446e+07 0
101 109 7.514e+06 1
101 165 2.751e+06 2
102 38 2.815e+06 1
102 94 7.714e+06 2
102 101 1.447e+07 0
102 103 1.426e+07 0
102 110 7.937e+06 1
102 166 2.612e+06 2
103 39 2.574e+06 1
103 95 7.692e+06 2
103 96 1.436e+07 1
103 102 1.426e+07 0
103 111 7.414e+06 1
103 167 2.731e+06 2
104 40 2.793e+06 1
104 96 8.069e+06 1
104 105 1.444e+07 0
104 111 1.436e+07 1
104 112 8.031e+06 2
104 168 2.790e+06 2
105 41 2.676e+06 1
105 97 7.497e+06 1
105 104 1.444e+07 0
105 106 1.447e+07 0
105 113 7.565e+06 2
105 169 2.657e+06 2
106 42 2.780e+06 1
106 98 8.044e+06 1
106 105 1.448e+07 0
106 107 1.446e+07 0
106 114 8.066e+06 2
106 170 2.738e+06 2
107 43 2.649e+06 1
107 99 7.477e+06 1
107 106 1.445e+07 0
107 108 1.440e+07 1
107 115 7.424e+06 2
107 171 2.701e+06 2
108 44 2.823e+06 1
108 100 8.010e+06 1
108 107 1.441e+07 1
108 109 1.441e+07 0
108 116 8.017e+06 2
108 172 2.820e+06 2
109 45 2.627e+06 1
109 101 7.514e+06 1
109 108 1.440e+07 0
109 110 1.442e+07 0
109 117 7.405e+06 2
109 173 2.643e+06 2
11 3 7.937e+06 1
11 10 1.431e+07 0
11 12 1.448e+07 1
11 19 7.659e+06 2
11 75 2.789e+06 1
11 203 2.614e+06 2
110 46 2.791e+06 1
110 102 7.935e+06 1
110 109 1.443e+07 0
110 111 1.440e+07 0
110 118 8.088e+06 2
110 174 2.795e+06 2
111 47 2.626e+06 1
111 103 7.417e+06 1
111 104 1.434e+07 1
111 110 1.439e+07 0
111 119 7.373e+06 2
111 175 2.612e+06 2
112 48 2.682e+06 1
112 104 8.034e+06 2
112 113 1.448e+07 0
112 119 1.429e+07 1
112 120 7.863e+06 1
112 176 2.861e+06 2
113 49 2.716e+06 1
113 105 7.565e+06 2
113 112 1.448e+07 0
113 114 1.430e+07 0
113 121 7.475e+06 1
113 177 2.644e+06 2
114 50 2.706e+06 1
114 106 8.067e+06 2
114 113 1.430e+07 0
114 115 1.448e+07 0
114 122 7.936e+06 1
114 178 2.791e+06 2
115 51 2.638e+06 1
115 107 7.425e+06 2
115 114 1.448e+07 0
115 116 1.431e+07 1
115 123 7.597e+06 1
115 179 2.612e+06 2
116 52 2.704e+06 1
116 108 8.019e+06 2
116 115 1.432e+07 1
116 117 1.440e+07 0
116 124 7.872e+06 1
116 180 2.787e+06 2
117 53 2.619e+06 1
117 109 7.404e+06 2
117 116 1.439e+07 0
117 118 1.433e+07 0
117 125 7.385e+06 1
117 181 2.561e+06 2
118 54 2.762e+06 1
118 110 8.087e+06 2
118 117 1.434e+07 0
118 119 1.449e+07 0
118 126 8.126e+06 1
118 182 2.791e+06 2
119 55 2.641e+06 1
119 111 7.374e+06 2
119 112 1.428e+07 1
119 118 1.448e+07 0
119 127 7.521e+06 1
119 183 2.579e+06 2
12 4 7.657e+06 1
12 11 1.449e+07 1
12 13 1.424e+07 0
12 20 7.920e+06 2
12 76 2.609e+06 1
12 204 2.865e+06 2
120 56 2.531e+06 1
120 64 7.425e+06 2
120 112 7.865e+06 1
120 121 1.436e+07 0
120 127 1.418e+07 1
120 184 2.775e+06 2
121 57 2.817e+06 1
121 65 7.675e+06 2
121 113 7.468e+06 1
121 120 1.437e+07 0
121 122 1.421e+07 0
121 185 2.642e+06 2
122 58 2.698e+06 1
122 66 7.563e+06 2
122 114 7.935e+06 1
122 121 1.421e+07 0
122 123 1.443e+07 0
122 186 2.810e+06 2
123 59 2.742e+06 1
123 67 7.808e+06 2
123 115 7.594e+06 1
123 122 1.443e+07 0
123 124 1.421e+07 1
123 187 2.540e+06 2
124 60 2.627e+06 1
124 68 7.517e+06 2
124 116 7.872e+06 1
124 123 1.422e+07 1
124 125 1.432e+07 0
124 188 2.808e+06 2
125 61 2.701e+06 1
125 69 7.543e+06 2
125 117 7.380e+06 1
125 124 1.432e+07 0
125 126 1.421e+07 0
125 189 2.591e+06 2
126 62 2.752e+06 1
126 70 7.636e+06 2
126 118 8.125e+06 1
126 125 1.422e+07 0
126 127 1.445e+07 0
126 190 2.834e+06 2
127 63 2.805e+06 1
127 71 7.818e+06 2
127 119 7.519e+06 1
127 120 1.418e+07 1
127 126 1.445e+07 0
127 191 2.481e+06 2
128 64 2.665e+06 2
128 129 1.440e+07 0
128 135 1.410e+07 1
128 136 7.758e+06 1
128 184 8.024e+06 2
128 192 2.812e+06 1
129 65 2.712e+06 2
129 128 1.440e+07 0
129 130 1.425e+07 0
129 137 7.767e+06 1
129 185 7.408e+06 2
129 193 2.690e+06 1
13 5 7.839e+06 1
13 12 1.424e+07 0
13 14 1.448e+07 0
13 21 7.583e+06 2
13 77 2.888e+06 1
13 205 2.561e+06 2
130 66 2.715e+06 2
130 129 1.426e+07 0
130 131 1.435e+07 0
130 138 7.738e+06 1
130 186 7.871e+06 2
130 194 2.851e+06 1
131 67 2.707e+06 2
131 130 1.435e+07 0
131 132 1.419e+07 1
131 139 7.555e+06 1
131 187 7.373e+06 2
131 195 2.492e+06 1
132 68 2.656e+06 2
132 131 1.420e+07 1
132 133 1.437e+07 0
132 140 7.923e+06 1
132 188 7.973e+06 2
132 196 2.827e+06 1
133 69 2.657e+06 2
133 132 1.437e+07 0
133 134 1.427e+07 0
133 141 7.562e+06 1
133 189 7.245e+06 2
133 197 2.587e+06 1
134 70 2.784e+06 2
134 133 1.428e+07 0
134 135 1.435e+07 0
134 142 7.875e+06 1
134 190 8.017e+06 2
134 198 2.894e+06 1
135 71 2.735e+06 2
135 128 1.410e+07 1
135 134 1.434e+07 0
135 143 7.605e+06 1
135 191 7.241e+06 2
135 199 2.534e+06 1
136 72 2.557e+06 2
136 128 7.758e+06 1
136 137 1.446e+07 0
136 143 1.423e+07 1
136 144 7.528e+06 2
136 200 2.809e+06 1
137 73 2.817e+06 2
137 129 7.772e+06 1
137 136 1.447e+07 0
137 138 1.427e+07 0
137 145 7.996e+06 2
137 201 2.649e+06 1
138 74 2.682e+06 2
138 130 7.748e+06 1
138 137 1.427e+07 0
138 139 1.451e+07 0
138 146 7.560e+06 2
138 202 2.751e+06 1
139 75 2.752e+06 2
139 131 7.557e+06 1
139 138 1.451e+07 0
139 140 1.422e+07 1
139 147 7.846e+06 2
139 203 2.624e+06 1
14 6 7.489e+06 1
14 13 1.448e+07 0
14 15 1.420e+07 0
14 22 7.789e+06 2
14 78 2.601e+06 1
14 206 2.719e+06 2
140 76 2.662e+06 2
140 132 7.928e+06 1
140 139 1.422e+07 1
140 141 1.448e+07 0
140 148 7.638e+06 2
140 204 2.798e+06 1
141 77 2.789e+06 2
141 133 7.566e+06 1
141 140 1.448e+07 0
141 142 1.425e+07 0
141 149 7.873e+06 2
141 205 2.641e+06 1
142 78 2.686e+06 2
142 134 7.884e+06 1
142 141 1.425e+07 0
142 143 1.451e+07 0
142 150 7.672e+06 2
142 206 2.793e+06 1
143 79 2.839e+06 2
143 135 7.606e+06 1
143 136 1.423e+07 1
143 142 1.450e+07 0
143 151 7.796e+06 2
143 207 2.560e+06 1
144 80 2.586e+06 2
144 136 7.528e+06 2
144 145 1.443e+07 0
144 151 1.429e+07 1
144 152 7.452e+06 1
144 208 2.750e+06 1
145 81 2.824e+06 2
145 137 7.995e+06 2
145 144 1.444e+07 0
145 146 1.436e+07 0
145 153 7.953e+06 1
145 209 2.690e+06 1
146 82 2.638e+06 2
146 138 7.565e+06 2
146 145 1.435e+07 0
146 147 1.445e+07 0
146 154 7.461e+06 1
146 210 2.726e+06 1
147 83 2.794e+06 2
147 139 7.844e+06 2
147 146 1.446e+07 0
147 148 1.435e+07 1
147 155 8.071e+06 1
147 211 2.731e+06 1
148 84 2.626e+06 2
148 140 7.638e+06 2
148 147 1.435e+07 1
148 149 1.453e+07 0
148 156 7.395e+06 1
148 212 2.693e+06 1
149 85 2.818e+06 2
149 141 7.874e+06 2
149 148 1.454e+07 0
149 150 1.435e+07 0
149 157 8.044e+06 1
149 213 2.735e+06 1
15 7 7.938e+06 1
15 8 1.434e+07 1
15 14 1.420e+07 0
15 23 7.515e+06 2
15 79 2.815e+06 1
15 207 2.541e+06 2
150 86 2.633e+06 2
150 142 7.676e+06 2
150 149 1.434e+07 0
150 151 1.447e+07 0
150 158 7.515e+06 1
150 214 2.675e+06 1
151 87 2.833e+06 2
151 143 7.796e+06 2
151 144 1.429e+07 1
151 150 1.447e+07 0
151 159 7.930e+06 1
151 215 2.676e+06 1
152 88 2.573e+06 2
152 144 7.452e+06 1
152 153 1.433e+07 0
152 159 1.432e+07 1
152 160 7.373e+06 2
152 216 2.669e+06 1
153 89 2.806e+06 2
153 145 7.955e+06 1
153 152 1.434e+07 0
153 154 1.440e+07 0
153 161 8.060e+06 2
153 217 2.840e+06 1
154 90 2.589e+06 2
154 146 7.463e+06 1
154 153 1.440e+07 0
154 155 1.439e+07 0
154 162 7.366e+06 2
154 218 2.605e+06 1
155 91 2.821e+06 2
155 147 8.071e+06 1
155 154 1.440e+07 0
155 156 1.445e+07 1
155 163 8.057e+06 2
155 219 2.795e+06 1
156 92 2.592e+06 2
156 148 7.394e+06 1
156 155 1.444e+07 1
156 157 1.444e+07 0
156 164 7.367e+06 2
156 220 2.551e+06 1
157 93 2.791e+06 2
157 149 8.043e+06 1
157 156 1.445e+07 0
157 158 1.440e+07 0
157 165 8.109e+06 2
157 221 2.819e+06 1
158 94 2.619e+06 2
158 150 7.519e+06 1
158 157 1.439e+07 0
158 159 1.443e+07 0
158 166 7.380e+06 2
158 222 2.625e+06 1
159 95 2.791e+06 2
159 151 7.929e+06 1
159 152 1.433e+07 1
159 158 1.444e+07 0
159 167 8.074e+06 2
159 223 2.747e+06 1
16 8 7.986e+06 2
16 17 1.432e+07 0
16 23 1.438e+07 1
16 24 8.129e+06 1
16 80 2.751e+06 1
16 208 2.837e+06 2
160 96 2.695e+06 2
160 152 7.372e+06 2
160 161 1.435e+07 0
160 167 1.436e+07 1
160 168 7.569e+06 1
160 224 2.585e+06 1
161 97 2.721e+06 2
161 153 8.061e+06 2
161 160 1.436e+07 0
161 162 1.445e+07 0
161 169 7.876e+06 1
161 225 2.802e+06 1
162 98 2.731e+06 2
162 154 7.367e+06 2
162 161 1.444e+07 0
162 163 1.434e+07 0
162 170 7.626e+06 1
162 226 2.534e+06 1
163 99 2.712e+06 2
163 155 8.060e+06 2
163 162 1.434e+07 0
163 164 1.445e+07 1
163 171 7.877e+06 1
163 227 2.821e+06 1
164 100 2.631e+06 2
164 156 7.366e+06 2
164 163 1.444e+07 1
164 165 1.437e+07 0
164 172 7.536e+06 1
164 228 2.582e+06 1
165 101 2.750e+06 2
165 157 8.108e+06 2
165 164 1.438e+07 0
165 166 1.445e+07 0
165 173 7.905e+06 1
165 229 2.884e+06 1
166 102 2.613e+06 2
166 158 7.381e+06 2
166 165 1.445e+07 0
166 167 1.434e+07 0
166 174 7.506e+06 1
166 230 2.612e+06 1
167 103 2.731e+06 2
167 159 8.073e+06 2
167 160 1.437e+07 1
167 166 1.435e+07 0
167 175 7.948e+06 1
167 231 2.769e+06 1
168 104 2.790e+06 2
168 160 7.568e+06 1
168 169 1.433e+07 0
168 175 1.445e+07 1
168 176 7.895e+06 2
168 232 2.569e+06 1
169 105 2.659e+06 2
169 161 7.876e+06 1
169 168 1.434e+07 0
169 170 1.449e+07 0
169 177 7.668e+06 2
169 233 2.864e+06 1
17 9 7.583e+06 2
17 16 1.431e+07 0
17 18 1.445e+07 0
17 25 7.428e+06 1
17 81 2.671e+06 1
17 209 2.640e+06 2
170 106 2.739e+06 2
170 162 7.627e+06 1
170 169 1.449e+07 0
170 171 1.434e+07 0
170 178 7.802e+06 2
170 234 2.608e+06 1
171 107 2.701e+06 2
171 163 7.879e+06 1
171 170 1.434e+07 0
171 172 1.446e+07 1
171 179 7.625e+06 2
171 235 2.791e+06 1
172 108 2.820e+06 2
172 164 7.536e+06 1
172 171 1.446e+07 1
172 173 1.432e+07 0
172 180 7.859e+06 2
172 236 2.597e+06 1
173 109 2.644e+06 2
173 165 7.904e+06 1
173 172 1.432e+07 0
173 174 1.452e+07 0
173 181 7.645e+06 2
173 237 2.808e+06 1
174 110 2.795e+06 2
174 166 7.506e+06 1
174 173 1.452e+07 0
174 175 1.423e+07 0
174 182 7.783e+06 2
174 238 2.570e+06 1
175 111 2.610e+06 2
175 167 7.951e+06 1
175 168 1.445e+07 1
175 174 1.424e+07 0
175 183 7.596e+06 2
175 239 2.792e+06 1
176 112 2.863e+06 2
176 168 7.893e+06 2
176 177 1.435e+07 0
176 183 1.440e+07 1
176 184 8.040e+06 1
176 240 2.707e+06 1
177 113 2.644e+06 2
177 169 7.669e+06 2
177 176 1.435e+07 0
177 178 1.433e+07 0
177 185 7.415e+06 1
177 241 2.737e+06 1
178 114 2.791e+06 2
178 170 7.803e+06 2
178 177 1.433e+07 0
178 179 1.434e+07 0
178 186 8.045e+06 1
178 242 2.693e+06 1
179 115 2.612e+06 2
179 171 7.629e+06 2
179 178 1.433e+07 0
179 180 1.448e+07 1
179 187 7.373e+06 1
179 243 2.701e+06 1
18 10 7.829e+06 2
18 17 1.446e+07 0
18 19 1.437e+07 0
18 26 7.896e+06 1
18 82 2.744e+06 1
18 210 2.706e+06 2
180 116 2.787e+06 2
180 172 7.856e+06 2
180 179 1.449e+07 1
180 181 1.428e+07 0
180 188 7.916e+06 1
180 244 2.745e+06 1
181 117 2.562e+06 2
181 173 7.644e+06 2
181 180 1.428e+07 0
181 182 1.444e+07 0
181 189 7.438e+06 1
181 245 2.745e+06 1
182 118 2.791e+06 2
182 174 7.783e+06 2
182 181 1.444e+07 0
182 183 1.429e+07 0
182 190 8.112e+06 1
182 246 2.759e+06 1
183 119 2.578e+06 2
183 175 7.602e+06 2
183 176 1.439e+07 1
183 182 1.429e+07 0
183 191 7.288e+06 1
183 247 2.708e+06 1
184 120 2.777e+06 2
184 128 8.027e+06 2
184 176 8.036e+06 1
184 185 1.442e+07 0
184 191 1.420e+07 1
184 248 2.867e+06 1
185 121 2.643e+06 2
185 129 7.407e+06 2
185 177 7.408e+06 1
185 184 1.442e+07 0
185 186 1.429e+07 0
185 249 2.577e+06 1
186 122 2.810e+06 2
186 130 7.867e+06 2
186 178 8.040e+06 1
186 185 1.430e+07 0
186 187 1.427e+07 0
186 250 2.689e+06 1
187 123 2.540e+06 2
187 131 7.371e+06 2
187 179 7.377e+06 1
187 186 1.426e+07 0
187 188 1.437e+07 1
187 251 2.705e+06 1
188 124 2.810e+06 2
188 132 7.975e+06 2
188 180 7.910e+06 1
188 187 1.437e+07 1
188 189 1.434e+07 0
188 252 2.848e+06 1
189 125 2.590e+06 2
189 133 7.246e+06 2
189 181 7.434e+06 1
189 188 1.434e+07 0
189 190 1.434e+07 0
189 253 2.576e+06 1
19 11 7.660e+06 2
19 18 1.437e+07 0
19 20 1.448e+07 1
19 27 7.521e+06 1
19 83 2.728e+06 1
19 211 2.685e+06 2
190 126 2.833e+06 2
190 134 8.010e+06 2
190 182 8.108e+06 1
190 189 1.435e+07 0
190 191 1.426e+07 0
190 254 2.637e+06 1
191 127 2.480e+06 2
191 135 7.238e+06 2
191 183 7.292e+06 1
191 184 1.418e+07 1
191 190 1.425e+07 0
191 255 2.632e+06 1
192 0 2.798e+06 2
192 128 2.812e+06 1
192 193 1.421e+07 0
192 199 1.435e+07 1
192 200 8.181e+06 1
192 248 7.910e+06 2
193 1 2.670e+06 2
193 129 2.689e+06 1
193 192 1.421e+07 0
193 194 1.436e+07 0
193 201 7.350e+06 1
193 249 7.369e+06 2
194 2 2.660e+06 2
194 130 2.851e+06 1
194 193 1.437e+07 0
194 195 1.419e+07 0
194 202 7.985e+06 1
194 250 7.618e+06 2
195 3 2.603e+06 2
195 131 2.493e+06 1
195 194 1.419e+07 0
195 196 1.441e+07 1
195 203 7.483e+06 1
195 251 7.585e+06 2
196 4 2.805e+06 2
196 132 2.828e+06 1
196 195 1.442e+07 1
196 197 1.421e+07 0
196 204 8.072e+06 1
196 252 7.845e+06 2
197 5 2.706e+06 2
197 133 2.589e+06 1
197 196 1.421e+07 0
197 198 1.438e+07 0
197 205 7.351e+06 1
197 253 7.408e+06 2
198 6 2.625e+06 2
198 134 2.893e+06 1
198 197 1.438e+07 0
198 199 1.410e+07 0
198 206 7.961e+06 1
198 254 7.653e+06 2
199 7 2.658e+06 2
199 135 2.533e+06 1
199 192 1.434e+07 1
199 198 1.410e+07 0
199 207 7.395e+06 1
199 255 7.503e+06 2
2 1 1.418e+07 0
2 3 1.428e+07 0
2 10 7.585e+06 1
2 58 7.285e+06 2
2 66 2.601e+06 1
2 194 2.659e+06 2
20 12 7.922e+06 2
20 19 1.449e+07 1
20 21 1.431e+07 0
20 28 8.103e+06 1
20 84 2.720e+06 1
20 212 2.869e+06 2
200 8 2.873e+06 2
200 136 2.808e+06 1
200 192 8.182e+06 1
200 201 1.439e+07 0
200 207 1.432e+07 1
200 208 8.076e+06 2
201 9 2.552e+06 2
201 137 2.649e+06 1
201 193 7.357e+06 1
201 200 1.439e+07 0
201 202 1.438e+07 0
201 209 7.475e+06 2
202 10 2.756e+06 2
202 138 2.753e+06 1
202 194 7.987e+06 1
202 201 1.438e+07 0
202 203 1.447e+07 0
202 210 7.883e+06 2
203 11 2.614e+06 2
203 139 2.625e+06 1
203 195 7.483e+06 1
203 202 1.447e+07 0
203 204 1.439e+07 1
203 211 7.560e+06 2
204 12 2.863e+06 2
204 140 2.800e+06 1
204 196 8.075e+06 1
204 203 1.440e+07 1
204 205 1.430e+07 0
204 212 8.086e+06 2
205 13 2.561e+06 2
205 141 2.640e+06 1
205 197 7.359e+06 1
205 204 1.429e+07 0
205 206 1.441e+07 0
205 213 7.413e+06 2
206 14 2.719e+06 2
206 142 2.793e+06 1
206 198 7.962e+06 1
206 205 1.441e+07 0
206 207 1.434e+07 0
206 214 7.947e+06 2
207 15 2.542e+06 2
207 143 2.558e+06 1
207 199 7.393e+06 1
207 200 1.430e+07 1
207 206 1.433e+07 0
207 215 7.427e+06 2
208 16 2.837e+06 2
208 144 2.750e+06 1
208 200 8.078e+06 2
208 209 1.443e+07 0
208 215 1.424e+07 1
208 216 7.927e+06 1
209 17 2.640e+06 2
209 145 2.690e+06 1
209 201 7.476e+06 2
209 208 1.443e+07 0
209 210 1.434e+07 0
209 217 7.635e+06 1
21 13 7.589e+06 2
21 20 1.431e+07 0
21 22 1.446e+07 0
21 29 7.441e+06 1
21 85 2.703e+06 1
21 213 2.595e+06 2
210 18 2.705e+06 2
210 146 2.725e+06 1
210 202 7.886e+06 2
210 209 1.434e+07 0
210 211 1.449e+07 0
210 218 7.797e+06 1
211 19 2.684e+06 2
211 147 2.730e+06 1
211 203 7.559e+06 2
211 210 1.449e+07 0
211 212 1.434e+07 1
211 219 7.637e+06 1
212 20 2.867e+06 2
212 148 2.692e+06 1
212 204 8.087e+06 2
212 211 1.435e+07 1
212 213 1.446e+07 0
212 220 7.896e+06 1
213 21 2.596e+06 2
213 149 2.735e+06 1
213 205 7.415e+06 2
213 212 1.445e+07 0
213 214 1.435e+07 0
213 221 7.611e+06 1
214 22 2.733e+06 2
214 150 2.676e+06 1
214 206 7.948e+06 2
214 213 1.435e+07 0
214 215 1.441e+07 0
214 222 7.848e+06 1
215 23 2.664e+06 2
215 151 2.677e+06 1
215 207 7.424e+06 2
215 208 1.423e+07 1
215 214 1.440e+07 0
215 223 7.509e+06 1
216 24 2.910e+06 2
216 152 2.669e+06 1
216 208 7.930e+06 1
216 217 1.441e+07 0
216 223 1.421e+07 1
216 224 7.657e+06 2
217 25 2.656e+06 2
217 153 2.840e+06 1
217 209 7.637e+06 1
217 216 1.442e+07 0
217 218 1.429e+07 0
217 225 7.975e+06 2
218 26 2.684e+06 2
218 154 2.604e+06 1
218 210 7.798e+06 1
218 217 1.429e+07 0
218 219 1.447e+07 0
218 226 7.460e+06 2
219 27 2.623e+06 2
219 155 2.795e+06 1
219 211 7.637e+06 1
219 218 1.447e+07 0
219 220 1.428e+07 1
219 227 7.848e+06 2
22 14 7.786e+06 2
22 21 1.446e+07 0
22 23 1.423e+07 0
22 30 7.882e+06 1
22 86 2.672e+06 1
22 214 2.733e+06 2
220 28 2.872e+06 2
220 156 2.551e+06 1
220 212 7.898e+06 1
220 219 1.428e+07 1
220 221 1.448e+07 0
220 228 7.672e+06 2
221 29 2.635e+06 2
221 157 2.820e+06 1
221 213 7.613e+06 1
221 220 1.448e+07 0
221 222 1.429e+07 0
221 229 7.833e+06 2
222 30 2.699e+06 2
222 158 2.625e+06 1
222 214 7.848e+06 1
222 221 1.430e+07 0
222 223 1.445e+07 0
222 230 7.660e+06 2
223 31 2.591e+06 2
223 159 2.746e+06 1
223 215 7.507e+06 1
223 216 1.421e+07 1
223 222 1.445e+07 0
223 231 7.745e+06 2
224 32 2.742e+06 2
224 160 2.585e+06 1
224 216 7.659e+06 2
224 225 1.447e+07 0
224 231 1.426e+07 1
224 232 7.466e+06 1
225 33 2.758e+06 2
225 161 2.801e+06 1
225 217 7.976e+06 2
225 224 1.448e+07 0
225 226 1.429e+07 0
225 233 8.071e+06 1
226 34 2.661e+06 2
226 162 2.533e+06 1
226 218 7.463e+06 2
226 225 1.429e+07 0
226 227 1.447e+07 0
226 234 7.383e+06 1
227 35 2.624e+06 2
227 163 2.819e+06 1
227 219 7.846e+06 2
227 226 1.448e+07 0
227 228 1.427e+07 1
227 235 7.982e+06 1
228 36 2.751e+06 2
228 164 2.582e+06 1
228 220 7.674e+06 2
228 227 1.427e+07 1
228 229 1.446e+07 0
228 236 7.483e+06 1
229 37 2.765e+06 2
229 165 2.885e+06 1
229 221 7.835e+06 2
229 228 1.447e+07 0
229 230 1.426e+07 0
229 237 8.074e+06 1
23 15 7.516e+06 2
23 16 1.437e+07 1
23 22 1.423e+07 0
23 31 7.410e+06 1
23 87 2.725e+06 1
23 215 2.665e+06 2
230 38 2.648e+06 2
230 166 2.613e+06 1
230 222 7.662e+06 2
230 229 1.426e+07 0
230 231 1.452e+07 0
230 238 7.401e+06 1
231 39 2.651e+06 2
231 167 2.768e+06 1
231 223 7.741e+06 2
231 224 1.426e+07 1
231 230 1.453e+07 0
231 239 7.980e+06 1
232 40 2.673e+06 2
232 168 2.570e+06 1
232 224 7.466e+06 1
232 233 1.443e+07 0
232 239 1.429e+07 1
232 240 7.389e+06 2
233 41 2.858e+06 2
233 169 2.864e+06 1
233 225 8.075e+06 1
233 232 1.444e+07 0
233 234 1.432e+07 0
233 241 8.120e+06 2
234 42 2.566e+06 2
234 170 2.607e+06 1
234 226 7.385e+06 1
234 233 1.431e+07 0
234 235 1.445e+07 0
234 242 7.356e+06 2
235 43 2.712e+06 2
235 171 2.790e+06 1
235 227 7.981e+06 1
235 234 1.446e+07 0
235 236 1.434e+07 1
235 243 8.014e+06 2
236 44 2.659e+06 2
236 172 2.596e+06 1
236 228 7.483e+06 1
236 235 1.434e+07 1
236 237 1.443e+07 0
236 244 7.440e+06 2
237 45 2.806e+06 2
237 173 2.808e+06 1
237 229 8.076e+06 1
237 236 1.444e+07 0
237 238 1.435e+07 0
237 245 8.065e+06 2
238 46 2.609e+06 2
238 174 2.570e+06 1
238 230 7.404e+06 1
238 237 1.434e+07 0
238 239 1.439e+07 0
238 246 7.409e+06 2
239 47 2.711e+06 2
239 175 2.791e+06 1
239 231 7.979e+06 1
239 232 1.430e+07 1
239 238 1.440e+07 0
239 247 7.976e+06 2
24 16 8.131e+06 1
24 25 1.442e+07 0
24 31 1.434e+07 1
24 32 8.131e+06 2
24 88 2.838e+06 1
24 216 2.910e+06 2
240 48 2.570e+06 2
240 176 2.705e+06 1
240 232 7.387e+06 2
240 241 1.428e+07 0
240 247 1.438e+07 1
240 248 7.613e+06 1
241 49 2.876e+06 2
241 177 2.738e+06 1
241 233 8.119e+06 2
241 240 1.429e+07 0
241 242 1.438e+07 0
241 249 7.983e+06 1
242 50 2.582e+06 2
242 178 2.694e+06 1
242 234 7.358e+06 2
242 241 1.437e+07 0
242 243 1.437e+07 0
242 250 7.440e+06 1
243 51 2.787e+06 2
243 179 2.700e+06 1
243 235 8.016e+06 2
243 242 1.438e+07 0
243 244 1.443e+07 1
243 251 7.882e+06 1
244 52 2.622e+06 2
244 180 2.743e+06 1
244 236 7.440e+06 2
244 243 1.443e+07 1
244 245 1.431e+07 0
244 252 7.583e+06 1
245 53 2.846e+06 2
245 181 2.744e+06 1
245 237 8.067e+06 2
245 244 1.432e+07 0
245 246 1.433e+07 0
245 253 7.944e+06 1
246 54 2.643e+06 2
246 182 2.760e+06 1
246 238 7.412e+06 2
246 245 1.432e+07 0
246 247 1.430e+07 0
246 254 7.492e+06 1
247 55 2.720e+06 2
247 183 2.708e+06 1
247 239 7.975e+06 2
247 240 1.439e+07 1
247 246 1.431e+07 0
247 255 7.788e+06 1
248 56 2.603e+06 2
248 184 2.866e+06 1
248 192 7.908e+06 2
248 240 7.612e+06 1
248 249 1.411e+07 0
248 255 1.438e+07 1
249 57 2.736e+06 2
249 185 2.576e+06 1
249 193 7.365e+06 2
249 241 7.980e+06 1
249 248 1.411e+07 0
249 250 1.423e+07 0
25 17 7.429e+06 1
25 24 1.442e+07 0
25 26 1.441e+07 0
25 33 7.458e+06 2
25 89 2.570e+06 1
25 217 2.656e+06 2
250 58 2.594e+06 2
250 186 2.688e+06 1
250 194 7.614e+06 2
250 242 7.439e+06 1
250 249 1.423e+07 0
250 251 1.425e+07 0
251 59 2.864e+06 2
251 187 2.705e+06 1
251 195 7.591e+06 2
251 243 7.880e+06 1
251 250 1.425e+07 0
251 252 1.449e+07 1
252 60 2.608e+06 2
252 188 2.848e+06 1
252 196 7.847e+06 2
252 244 7.579e+06 1
252 251 1.449e+07 1
252 253 1.420e+07 0
253 61 2.703e+06 2
253 189 2.576e+06 1
253 197 7.405e+06 2
253 245 7.939e+06 1
253 252 1.420e+07 0
253 254 1.426e+07 0
254 62 2.639e+06 2
254 190 2.638e+06 1
254 198 7.650e+06 2
254 246 7.492e+06 1
254 253 1.426e+07 0
254 255 1.412e+07 0
255 63 2.867e+06 2
255 191 2.633e+06 1
255 199 7.507e+06 2
255 247 7.788e+06 1
255 248 1.437e+07 1
255 254 1.412e+07 0
26 18 7.896e+06 1
26 25 1.442e+07 0
26 27 1.441e+07 0
26 34 7.996e+06 2
26 90 2.754e+06 1
26 218 2.683e+06 2
27 19 7.523e+06 1
27 26 1.440e+07 0
27 28 1.438e+07 1
27 35 7.431e+06 2
27 91 2.689e+06 1
27 219 2.621e+06 2
28 20 8.103e+06 1
28 27 1.439e+07 1
28 29 1.440e+07 0
28 36 8.060e+06 2
28 92 2.726e+06 1
28 220 2.873e+06 2
29 21 7.443e+06 1
29 28 1.440e+07 0
29 30 1.441e+07 0
29 37 7.490e+06 2
29 93 2.677e+06 1
29 221 2.635e+06 2
3 2 1.430e+07 0
3 4 1.442e+07 1
3 11 7.935e+06 1
3 59 8.043e+06 2
3 67 2.854e+06 1
3 195 2.603e+06 2
30 22 7.878e+06 1
30 29 1.441e+07 0
30 31 1.433e+07 0
30 38 7.938e+06 2
30 94 2.740e+06 1
30 222 2.698e+06 2
31 23 7.413e+06 1
31 24 1.433e+07 1
31 30 1.433e+07 0
31 39 7.363e+06 2
31 95 2.604e+06 1
31 223 2.591e+06 2
32 24 8.134e+06 2
32 33 1.447e+07 0
32 39 1.424e+07 1
32 40 7.910e+06 1
32 96 2.849e+06 1
32 224 2.741e+06 2
33 25 7.459e+06 2
33 32 1.447e+07 0
33 34 1.435e+07 0
33 41 7.610e+06 1
33 97 2.611e+06 1
33 225 2.760e+06 2
34 26 7.997e+06 2
34 33 1.435e+07 0
34 35 1.447e+07 0
34 42 7.869e+06 1
34 98 2.813e+06 1
34 226 2.662e+06 2
35 27 7.430e+06 2
35 34 1.447e+07 0
35 36 1.430e+07 1
35 43 7.512e+06 1
35 99 2.661e+06 1
35 227 2.624e+06 2
36 28 8.061e+06 2
36 35 1.431e+07 1
36 37 1.449e+07 0
36 44 7.985e+06 1
36 100 2.800e+06 1
36 228 2.751e+06 2
37 29 7.492e+06 2
37 36 1.449e+07 0
37 38 1.433e+07 0
37 45 7.609e+06 1
37 101 2.626e+06 1
37 229 2.765e+06 2
38 30 7.938e+06 2
38 37 1.433e+07 0
38 39 1.442e+07 0
38 46 7.930e+06 1
38 102 2.815e+06 1
38 230 2.647e+06 2
39 31 7.362e+06 2
39 32 1.423e+07 1
39 38 1.442e+07 0
39 47 7.469e+06 1
39 103 2.574e+06 1
39 231 2.653e+06 2
4 3 1.442e+07 1
4 5 1.421e+07 0
4 12 7.654e+06 1
4 60 7.452e+06 2
4 68 2.654e+06 1
4 196 2.805e+06 2
40 32 7.913e+06 1
40 41 1.449e+07 0
40 47 1.425e+07 1
40 48 7.648e+06 2
40 104 2.792e+06 1
40 232 2.675e+06 2
41 33 7.614e+06 1
41 40 1.449e+07 0
41 42 1.429e+07 0
41 49 7.853e+06 2
41 105 2.676e+06 1
41 233 2.858e+06 2
42 34 7.871e+06 1
42 41 1.430e+07 0
42 43 1.450e+07 0
42 50 7.672e+06 2
42 106 2.779e+06 1
42 234 2.565e+06 2
43 35 7.509e+06 1
43 42 1.451e+07 0
43 44 1.425e+07 1
43 51 7.799e+06 2
43 107 2.648e+06 1
43 235 2.712e+06 2
44 36 7.986e+06 1
44 43 1.426e+07 1
44 45 1.447e+07 0
44 52 7.658e+06 2
44 108 2.822e+06 1
44 236 2.659e+06 2
45 37 7.610e+06 1
45 44 1.447e+07 0
45 46 1.429e+07 0
45 53 7.724e+06 2
45 109 2.626e+06 1
45 237 2.806e+06 2
46 38 7.932e+06 1
46 45 1.429e+07 0
46 47 1.449e+07 0
46 54 7.811e+06 2
46 110 2.790e+06 1
46 238 2.608e+06 2
47 39 7.464e+06 1
47 40 1.425e+07 1
47 46 1.449e+07 0
47 55 7.721e+06 2
47 111 2.625e+06 1
47 239 2.712e+06 2
48 40 7.650e+06 2
48 49 1.437e+07 0
48 55 1.427e+07 1
48 56 7.452e+06 1
48 112 2.680e+06 1
48 240 2.570e+06 2
49 41 7.852e+06 2
49 48 1.438e+07 0
49 50 1.428e+07 0
49 57 8.040e+06 1
49 113 2.716e+06 1
49 241 2.876e+06 2
5 4 1.422e+07 0
5 6 1.421e+07 0
5 13 7.829e+06 1
5 61 7.688e+06 2
5 69 2.730e+06 1
5 197 2.706e+06 2
50 42 7.673e+06 2
50 49 1.427e+07 0
50 51 1.446e+07 0
50 58 7.338e+06 1
50 114 2.706e+06 1
50 242 2.582e+06 2
51 43 7.795e+06 2
51 50 1.447e+07 0
51 52 1.426e+07 1
51 59 7.944e+06 1
51 115 2.637e+06 1
51 243 2.787e+06 2
52 44 7.660e+06 2
52 51 1.425e+07 1
52 53 1.434e+07 0
52 60 7.539e+06 1
52 116 2.701e+06 1
52 244 2.622e+06 2
53 45 7.723e+06 2
53 52 1.435e+07 0
53 54 1.422e+07 0
53 61 7.955e+06 1
53 117 2.619e+06 1
53 245 2.847e+06 2
54 46 7.814e+06 2
54 53 1.422e+07 0
54 55 1.452e+07 0
54 62 7.453e+06 1
54 118 2.763e+06 1
54 246 2.643e+06 2
55 47 7.718e+06 2
55 48 1.428e+07 1
55 54 1.452e+07 0
55 63 7.976e+06 1
55 119 2.641e+06 1
55 247 2.721e+06 2
56 0 7.275e+06 2
56 48 7.450e+06 1
56 57 1.411e+07 0
56 63 1.430e+07 1
56 120 2.529e+06 1
56 248 2.604e+06 2
57 1 7.704e+06 2
57 49 8.039e+06 1
57 56 1.412e+07 0
57 58 1.417e+07 0
57 121 2.817e+06 1
57 249 2.737e+06 2
58 2 7.286e+06 2
58 50 7.338e+06 1
58 57 1.416e+07 0
58 59 1.437e+07 0
58 122 2.696e+06 1
58 250 2.595e+06 2
59 3 8.045e+06 2
59 51 7.941e+06 1
59 58 1.438e+07 0
59 60 1.434e+07 1
59 123 2.741e+06 1
59 251 2.864e+06 2
6 5 1.421e+07 0
6 7 1.419e+07 0
6 14 7.488e+06 1
6 62 7.227e+06 2
6 70 2.500e+06 1
6 198 2.625e+06 2
60 4 7.447e+06 2
60 52 7.536e+06 1
60 59 1.434e+07 1
60 61 1.427e+07 0
60 124 2.627e+06 1
60 252 2.607e+06 2
61 5 7.685e+06 2
61 53 7.953e+06 1
61 60 1.427e+07 0
61 62 1.413e+07 0
61 125 2.700e+06 1
61 253 2.703e+06 2
62 6 7.228e+06 2
62 54 7.453e+06 1
62 61 1.412e+07 0
62 63 1.434e+07 0
62 126 2.752e+06 1
62 254 2.640e+06 2
63 7 8.073e+06 2
63 55 7.970e+06 1
63 56 1.430e+07 1
63 62 1.435e+07 0
63 127 2.804e+06 1
63 255 2.866e+06 2
64 0 2.613e+06 1
64 65 1.428e+07 0
64 71 1.418e+07 1
64 72 7.279e+06 1
64 120 7.427e+06 2
64 128 2.665e+06 2
65 1 2.746e+06 1
65 64 1.429e+07 0
65 66 1.417e+07 0
65 73 8.059e+06 1
65 121 7.675e+06 2
65 129 2.709e+06 2
66 2 2.603e+06 1
66 65 1.417e+07 0
66 67 1.443e+07 0
66 74 7.427e+06 1
66 122 7.563e+06 2
66 130 2.714e+06 2
67 3 2.855e+06 1
67 66 1.444e+07 0
67 68 1.421e+07 1
67 75 7.961e+06 1
67 123 7.813e+06 2
67 131 2.708e+06 2
68 4 2.654e+06 1
68 67 1.420e+07 1
68 69 1.429e+07 0
68 76 7.429e+06 1
68 124 7.519e+06 2
68 132 2.655e+06 2
69 5 2.730e+06 1
69 68 1.430e+07 0
69 70 1.416e+07 0
69 77 8.042e+06 1
69 125 7.546e+06 2
69 133 2.657e+06 2
7 0 1.433e+07 1
7 6 1.420e+07 0
7 15 7.937e+06 1
7 63 8.067e+06 2
7 71 2.831e+06 1
7 199 2.659e+06 2
70 6 2.501e+06 1
70 69 1.416e+07 0
70 71 1.444e+07 0
70 78 7.450e+06 1
70 126 7.635e+06 2
70 134 2.784e+06 2
71 7 2.834e+06 1
71 64 1.419e+07 1
71 70 1.445e+07 0
71 79 8.083e+06 1
71 127 7.822e+06 2
71 135 2.735e+06 2
72 8 2.634e+06 1
72 64 7.280e+06 1
72 73 1.433e+07 0
72 79 1.433e+07 1
72 80 7.405e+06 2
72 136 2.556e+06 2
73 9 2.770e+06 1
73 65 8.063e+06 1
73 72 1.435e+07 0
73 74 1.440e+07 0
73 81 8.005e+06 2
73 137 2.815e+06 2
74 10 2.662e+06 1
74 66 7.432e+06 1
74 73 1.439e+07 0
74 75 1.440e+07 0
74 82 7.501e+06 2
74 138 2.681e+06 2
75 11 2.788e+06 1
75 67 7.966e+06 1
75 74 1.441e+07 0
75 76 1.434e+07 1
75 83 7.987e+06 2
75 139 2.750e+06 2
76 12 2.610e+06 1
76 68 7.434e+06 1
76 75 1.434e+07 1
76 77 1.444e+07 0
76 84 7.478e+06 2
76 140 2.663e+06 2
77 13 2.890e+06 1
77 69 8.048e+06 1
77 76 1.445e+07 0
77 78 1.438e+07 0
77 85 7.997e+06 2
77 141 2.789e+06 2
78 14 2.602e+06 1
78 70 7.455e+06 1
78 77 1.437e+07 0
78 79 1.441e+07 0
78 86 7.500e+06 2
78 142 2.685e+06 2
79 15 2.817e+06 1
79 71 8.083e+06 1
79 72 1.434e+07 1
79 78 1.441e+07 0
79 87 8.045e+06 2
79 143 2.840e+06 2
8 0 7.632e+06 1
8 9 1.422e+07 0
8 15 1.435e+07 1
8 16 7.985e+06 2
8 72 2.634e+06 1
8 200 2.874e+06 2
80 16 2.752e+06 1
80 72 7.405e+06 2
80 81 1.431e+07 0
80 87 1.446e+07 1
80 88 7.666e+06 1
80 144 2.586e+06 2
81 17 2.672e+06 1
81 73 8.007e+06 2
81 80 1.432e+07 0
81 82 1.446e+07 0
81 89 7.734e+06 1
81 145 2.824e+06 2
82 18 2.744e+06 1
82 74 7.501e+06 2
82 81 1.446e+07 0
82 83 1.438e+07 0
82 90 7.612e+06 1
82 146 2.637e+06 2
83 19 2.728e+06 1
83 75 7.990e+06 2
83 82 1.439e+07 0
83 84 1.448e+07 1
83 91 7.930e+06 1
83 147 2.794e+06 2
84 20 2.722e+06 1
84 76 7.479e+06 2
84 83 1.447e+07 1
84 85 1.433e+07 0
84 92 7.576e+06 1
84 148 2.628e+06 2
85 21 2.704e+06 1
85 77 7.995e+06 2
85 84 1.434e+07 0
85 86 1.445e+07 0
85 93 7.863e+06 1
85 149 2.817e+06 2
86 22 2.673e+06 1
86 78 7.500e+06 2
86 85 1.444e+07 0
86 87 1.431e+07 0
86 94 7.543e+06 1
86 150 2.633e+06 2
87 23 2.724e+06 1
87 79 8.047e+06 2
87 80 1.447e+07 1
87 86 1.432e+07 0
87 95 7.891e+06 1
87 151 2.832e+06 2
88 24 2.838e+06 1
88 80 7.667e+06 1
88 89 1.425e+07 0
88 95 1.445e+07 1
88 96 7.873e+06 2
88 152 2.573e+06 2
89 25 2.572e+06 1
89 81 7.735e+06 1
89 88 1.426e+07 0
89 90 1.446e+07 0
89 97 7.627e+06 2
89 153 2.806e+06 2
9 1 7.751e+06 1
9 8 1.422e+07 0
9 10 1.449e+07 0
9 17 7.580e+06 2
9 73 2.768e+06 1
9 201 2.551e+06 2
90 26 2.756e+06 1
90 82 7.610e+06 1
90 89 1.446e+07 0
90 91 1.430e+07 0
90 98 7.851e+06 2
90 154 2.590e+06 2
91 27 2.687e+06 1
91 83 7.934e+06 1
91 90 1.430e+07 0
91 92 1.448e+07 1
91 99 7.677e+06 2
91 155 2.820e+06 2
92 28 2.726e+06 1
92 84 7.575e+06 1
92 91 1.448e+07 1
92 93 1.426e+07 0
92 100 7.740e+06 2
92 156 2.591e+06 2
93 29 2.676e+06 1
93 85 7.864e+06 1
93 92 1.426e+07 0
93 94 1.445e+07 0
93 101 7.669e+06 2
93 157 2.790e+06 2
94 30 2.741e+06 1
94 86 7.542e+06 1
94 93 1.445e+07 0
94 95 1.428e+07 0
94 102 7.715e+06 2
94 158 2.618e+06 2
95 31 2.605e+06 1
95 87 7.893e+06 1
95 88 1.444e+07 1
95 94 1.428e+07 0
95 103 7.690e+06 2
95 159 2.790e+06 2
96 32 2.850e+06 1
96 88 7.875e+06 2
96 97 1.434e+07 0
96 103 1.437e+07 1
96 104 8.067e+06 1
96 160 2.695e+06 2
97 33 2.612e+06 1
97 89 7.626e+06 2
97 96 1.434e+07 0
97 98 1.450e+07 0
97 105 7.497e+06 1
97 161 2.725e+06 2
98 34 2.814e+06 1
98 90 7.851e+06 2
98 97 1.451e+07 0
98 99 1.435e+07 0
98 106 8.046e+06 1
98 162 2.731e+06 2
99 35 2.662e+06 1
99 91 7.678e+06 2
99 98 1.435e+07 0
99 100 1.446e+07 1
99 107 7.473e+06 1
99 163 2.714e+06 2
