0 1 1.381e+07 1
0 2 1.227e+07 1
0 3 1.642e+05 2
0 4 6.656e+06 1
0 8 1.600e+01 1
0 16 1.600e+01 1
1 0 1.446e+07 1
1 2 4.096e+06 2
1 3 9.381e+06 1
1 4 3.328e+06 2
1 5 7.332e+06 1
1 9 1.600e+01 1
1 17 1.600e+01 1
10 2 1.600e+01 1
10 8 9.545e+06 1
10 9 1.188e+06 2
10 11 1.143e+07 1
10 12 3.584e+06 2
10 14 1.243e+07 1
10 26 1.600e+01 1
11 3 1.600e+01 1
11 8 1.024e+06 2
11 9 1.159e+07 1
11 10 1.192e+07 1
11 12 1.024e+06 3
11 13 3.072e+06 2
11 14 3.400e+06 2
11 15 7.333e+06 1
11 27 1.600e+01 1
12 4 6.400e+01 1
12 6 9.801e+06 2
12 7 1.024e+06 3
12 8 1.066e+07 1
12 9 1.444e+06 2
12 10 3.584e+06 2
12 11 1.188e+06 3
12 13 1.355e+07 1
12 14 9.216e+06 1
12 15 1.024e+06 2
12 18 4.772e+06 4
12 24 6.985e+06 2
12 28 8.800e+01 1
13 5 4.000e+01 1
13 6 2.048e+06 3
13 7 6.308e+06 2
13 9 8.356e+06 1
13 11 3.072e+06 2
13 12 1.371e+07 1
13 14 3.236e+06 2
13 15 8.521e+06 1
13 18 1.024e+06 5
13 19 2.212e+06 4
13 24 3.236e+06 3
13 25 5.284e+06 2
13 29 8.800e+01 1
14 6 1.600e+01 1
14 9 1.600e+01 3
14 10 1.178e+07 1
14 11 3.236e+06 2
14 12 9.216e+06 1
14 13 3.072e+06 2
14 15 1.466e+07 1
14 24 1.024e+06 3
14 25 1.024e+06 4
14 26 1.134e+07 2
14 30 6.400e+01 1
15 7 1.600e+01 1
15 11 7.168e+06 1
15 12 1.024e+06 2
15 13 8.192e+06 1
15 14 1.499e+07 1
15 25 4.424e+06 3
15 26 1.188e+06 3
15 27 5.120e+06 2
15 31 8.800e+01 1
16 0 1.600e+01 1
16 4 9.216e+06 2
16 5 2.048e+06 3
16 7 1.024e+06 4
16 17 1.541e+07 1
16 18 8.357e+06 1
16 19 1.024e+06 2
16 20 8.869e+06 1
16 24 1.600e+01 1
17 1 1.600e+01 1
17 5 7.168e+06 2
17 7 1.024e+06 3
17 16 1.541e+07 1
17 18 2.048e+06 2
17 19 7.332e+06 1
17 20 5.540e+06 2
17 21 7.332e+06 1
17 25 1.600e+01 1
18 2 1.120e+02 1
18 6 1.006e+07 2
18 7 1.352e+06 3
18 12 4.608e+06 4
18 13 1.024e+06 5
18 16 8.357e+06 1
18 17 2.048e+06 2
18 19 1.373e+07 1
18 20 1.280e+06 2
18 22 1.141e+07 1
18 24 8.612e+06 2
18 25 1.024e+06 3
18 26 4.000e+01 1
19 3 6.400e+01 1
19 7 7.332e+06 2
19 13 2.212e+06 4
19 16 1.024e+06 2
19 17 7.168e+06 1
19 18 1.423e+07 1
19 21 1.024e+06 2
19 22 1.024e+06 2
19 23 7.497e+06 1
19 24 1.024e+06 3
19 25 7.168e+06 2
19 27 1.600e+01 1
2 0 1.243e+07 1
2 1 4.260e+06 2
2 3 1.595e+07 1
2 4 2.560e+05 2
2 6 9.033e+06 1
2 8 1.176e+07 2
2 10 8.800e+01 1
2 18 1.600e+01 1
20 4 1.600e+01 1
20 16 8.704e+06 1
20 17 5.705e+06 2
20 18 1.280e+06 2
20 21 1.772e+07 1
20 22 1.066e+07 1
20 23 1.024e+06 2
20 28 1.600e+01 1
21 5 1.600e+01 1
21 17 7.168e+06 1
21 19 1.188e+06 2
21 20 1.755e+07 1
21 22 2.048e+06 2
21 23 8.521e+06 1
21 29 1.600e+01 1
22 6 1.600e+01 1
22 18 1.075e+07 1
22 19 1.188e+06 2
22 20 1.066e+07 1
22 21 2.048e+06 2
22 23 1.476e+07 1
22 24 2.468e+06 3
22 25 1.024e+06 4
22 28 1.024e+07 2
22 29 1.024e+06 3
22 30 4.000e+01 1
23 7 1.600e+01 1
23 19 7.168e+06 1
23 20 1.024e+06 2
23 21 8.192e+06 1
23 22 1.525e+07 1
23 25 1.188e+06 3
23 28 1.024e+06 3
23 29 9.545e+06 2
23 31 8.800e+01 1
24 8 4.000e+01 1
24 12 6.656e+06 2
24 13 3.236e+06 3
24 14 1.024e+06 3
24 16 6.400e+01 1
24 18 8.612e+06 2
24 19 1.024e+06 3
24 22 2.468e+06 3
24 25 1.541e+07 1
24 26 1.141e+07 1
24 27 2.048e+06 2
24 28 8.192e+06 1
24 30 1.024e+06 2
25 9 4.000e+01 1
25 13 5.284e+06 2
25 14 1.024e+06 4
25 15 4.096e+06 3
25 17 1.600e+01 1
25 18 1.024e+06 3
25 19 7.168e+06 2
25 22 1.024e+06 4
25 23 1.024e+06 3
25 24 1.525e+07 1
25 26 2.048e+06 2
25 27 1.192e+07 1
25 28 1.188e+06 2
25 29 6.144e+06 1
26 10 1.600e+01 1
26 14 1.101e+07 2
26 15 1.024e+06 3
26 18 1.600e+01 1
26 24 1.108e+07 1
26 25 2.048e+06 2
26 27 1.245e+07 1
26 28 1.024e+06 2
26 30 1.082e+07 1
27 11 1.600e+01 1
27 15 5.120e+06 2
27 19 1.600e+01 1
27 24 2.048e+06 2
27 25 1.126e+07 1
27 26 1.295e+07 1
27 28 1.642e+05 3
27 29 1.024e+06 2
27 30 2.212e+06 2
27 31 6.308e+06 1
28 12 1.600e+01 1
28 20 4.000e+01 1
28 22 1.024e+07 2
28 23 1.024e+06 3
28 24 8.192e+06 1
28 25 1.024e+06 2
28 26 1.024e+06 2
28 27 1.200e+01 3
28 29 1.331e+07 1
28 30 1.168e+07 1
28 31 1.024e+06 2
29 13 1.600e+01 1
29 21 4.000e+01 1
29 22 1.024e+06 3
29 23 9.216e+06 2
29 25 6.144e+06 1
29 27 1.024e+06 2
29 28 1.397e+07 1
29 31 7.168e+06 1
3 0 1.600e+01 2
3 1 9.709e+06 1
3 2 1.644e+07 1
3 4 1.024e+06 3
3 5 2.048e+06 2
3 6 4.096e+06 2
3 7 8.357e+06 1
3 8 1.024e+06 3
3 9 8.685e+06 2
3 11 1.120e+02 1
3 19 1.600e+01 1
30 14 1.600e+01 1
30 22 1.600e+01 1
30 24 1.024e+06 2
30 26 1.050e+07 1
30 27 2.048e+06 2
30 28 1.168e+07 1
30 31 1.552e+07 1
31 15 1.600e+01 1
31 23 1.600e+01 1
31 27 6.144e+06 1
31 28 1.024e+06 2
31 29 7.168e+06 1
31 30 1.602e+07 1
4 0 6.985e+06 1
4 1 3.328e+06 2
4 2 2.560e+05 2
4 3 1.024e+06 3
4 5 1.499e+07 1
4 6 1.040e+07 1
4 7 1.188e+06 2
4 12 1.600e+01 1
4 16 9.216e+06 2
4 20 1.600e+01 1
5 1 7.332e+06 1
5 3 2.212e+06 2
5 4 1.532e+07 1
5 6 2.048e+06 2
5 7 1.057e+07 1
5 13 1.600e+01 1
5 16 2.048e+06 3
5 17 7.168e+06 2
5 21 1.600e+01 1
6 2 8.704e+06 1
6 3 4.260e+06 2
6 4 1.040e+07 1
6 5 2.212e+06 2
6 7 1.185e+07 1
6 8 1.024e+06 3
6 9 1.188e+06 4
6 12 9.965e+06 2
6 13 2.212e+06 3
6 14 1.360e+02 1
6 18 1.006e+07 2
6 22 6.400e+01 1
7 3 8.356e+06 1
7 4 1.024e+06 2
7 5 1.073e+07 1
7 6 1.218e+07 1
7 9 2.048e+06 3
7 12 1.024e+06 3
7 13 6.473e+06 2
7 15 6.400e+01 1
7 16 1.024e+06 4
7 17 1.024e+06 3
7 18 1.188e+06 3
7 19 7.332e+06 2
7 23 6.400e+01 1
8 0 8.800e+01 1
8 2 1.176e+07 2
8 3 1.024e+06 3
8 6 1.024e+06 3
8 9 1.467e+07 1
8 10 9.709e+06 1
8 11 1.188e+06 2
8 12 1.099e+07 1
8 24 1.600e+01 1
9 1 8.800e+01 1
9 3 8.685e+06 2
9 6 1.024e+06 4
9 7 2.048e+06 3
9 8 1.516e+07 1
9 10 1.024e+06 2
9 11 1.176e+07 1
9 12 1.280e+06 2
9 13 8.356e+06 1
9 14 8.000e+00 3
9 25 1.600e+01 1
