0 1 9.390e+06 1
0 7 9.272e+06 2
0 8 5.034e+06 1
0 24 5.053e+06 1
0 32 2.658e+06 1
0 96 2.766e+06 2
1 0 9.390e+06 1
1 2 9.343e+06 2
1 9 5.077e+06 1
1 25 4.939e+06 1
1 33 2.742e+06 1
1 97 2.706e+06 2
10 2 5.006e+06 1
10 9 9.410e+06 2
10 11 9.428e+06 1
10 18 5.021e+06 1
10 42 2.687e+06 1
10 106 2.773e+06 2
100 4 2.745e+06 2
100 68 2.655e+06 1
100 99 9.378e+06 2
100 101 9.378e+06 1
100 108 5.082e+06 1
100 124 5.085e+06 1
101 5 2.722e+06 2
101 69 2.710e+06 1
101 100 9.378e+06 1
101 102 9.292e+06 2
101 109 5.042e+06 1
101 125 4.963e+06 1
102 6 2.674e+06 2
102 70 2.723e+06 1
102 101 9.294e+06 2
102 103 9.400e+06 1
102 110 5.010e+06 1
102 126 5.044e+06 1
103 7 2.703e+06 2
103 71 2.698e+06 1
103 96 9.362e+06 2
103 102 9.401e+06 1
103 111 5.002e+06 1
103 127 5.077e+06 1
104 8 2.708e+06 2
104 72 2.648e+06 1
104 96 5.003e+06 1
104 105 9.421e+06 1
104 111 9.356e+06 2
104 112 5.038e+06 1
105 9 2.709e+06 2
105 73 2.789e+06 1
105 97 5.151e+06 1
105 104 9.423e+06 1
105 106 9.388e+06 2
105 113 5.054e+06 1
106 10 2.773e+06 2
106 74 2.647e+06 1
106 98 4.979e+06 1
106 105 9.388e+06 2
106 107 9.371e+06 1
106 114 5.069e+06 1
107 11 2.622e+06 2
107 75 2.758e+06 1
107 99 5.048e+06 1
107 106 9.372e+06 1
107 108 9.362e+06 2
107 115 5.001e+06 1
108 12 2.738e+06 2
108 76 2.695e+06 1
108 100 5.083e+06 1
108 107 9.363e+06 2
108 109 9.340e+06 1
108 116 5.048e+06 1
109 13 2.609e+06 2
109 77 2.744e+06 1
109 101 5.041e+06 1
109 108 9.340e+06 1
109 110 9.324e+06 2
109 117 4.970e+06 1
11 3 5.103e+06 1
11 10 9.428e+06 1
11 12 9.388e+06 2
11 19 5.026e+06 1
11 43 2.746e+06 1
11 107 2.624e+06 2
110 14 2.728e+06 2
110 78 2.690e+06 1
110 102 5.010e+06 1
110 109 9.325e+06 2
110 111 9.388e+06 1
110 118 5.029e+06 1
111 15 2.632e+06 2
111 79 2.745e+06 1
111 103 5.001e+06 1
111 104 9.355e+06 2
111 110 9.388e+06 1
111 119 5.041e+06 1
112 16 2.614e+06 2
112 80 2.733e+06 1
112 104 5.040e+06 1
112 113 9.366e+06 1
112 119 9.388e+06 2
112 120 4.991e+06 1
113 17 2.666e+06 2
113 81 2.703e+06 1
113 105 5.054e+06 1
113 112 9.368e+06 1
113 114 9.389e+06 2
113 121 5.024e+06 1
114 18 2.695e+06 2
114 82 2.750e+06 1
114 106 5.069e+06 1
114 113 9.391e+06 2
114 115 9.386e+06 1
114 122 5.072e+06 1
115 19 2.669e+06 2
115 83 2.657e+06 1
115 107 5.002e+06 1
115 114 9.386e+06 1
115 116 9.380e+06 2
115 123 4.974e+06 1
116 20 2.685e+06 2
116 84 2.674e+06 1
116 108 5.047e+06 1
116 115 9.382e+06 2
116 117 9.298e+06 1
116 124 5.080e+06 1
117 21 2.724e+06 2
117 85 2.701e+06 1
117 109 4.970e+06 1
117 116 9.297e+06 1
117 118 9.306e+06 2
117 125 5.036e+06 1
118 22 2.658e+06 2
118 86 2.627e+06 1
118 110 5.028e+06 1
118 117 9.308e+06 2
118 119 9.392e+06 1
118 126 5.006e+06 1
119 23 2.753e+06 2
119 87 2.665e+06 1
119 111 5.042e+06 1
119 112 9.388e+06 2
119 118 9.393e+06 1
119 127 5.055e+06 1
12 4 5.010e+06 1
12 11 9.389e+06 2
12 13 9.358e+06 1
12 20 5.102e+06 1
12 44 2.653e+06 1
12 108 2.738e+06 2
120 24 2.653e+06 2
120 88 2.726e+06 1
120 96 5.029e+06 1
120 112 4.992e+06 1
120 121 9.355e+06 1
120 127 9.371e+06 2
121 25 2.743e+06 2
121 89 2.656e+06 1
121 97 5.003e+06 1
121 113 5.024e+06 1
121 120 9.355e+06 1
121 122 9.324e+06 2
122 26 2.688e+06 2
122 90 2.653e+06 1
122 98 4.978e+06 1
122 114 5.071e+06 1
122 121 9.325e+06 2
122 123 9.417e+06 1
123 27 2.681e+06 2
123 91 2.675e+06 1
123 99 5.051e+06 1
123 115 4.977e+06 1
123 122 9.420e+06 1
123 124 9.389e+06 2
124 28 2.728e+06 2
124 92 2.838e+06 1
124 100 5.083e+06 1
124 116 5.084e+06 1
124 123 9.392e+06 2
124 125 9.353e+06 1
125 29 2.686e+06 2
125 93 2.607e+06 1
125 101 4.961e+06 1
125 117 5.034e+06 1
125 124 9.352e+06 1
125 126 9.269e+06 2
126 30 2.638e+06 2
126 94 2.817e+06 1
126 102 5.045e+06 1
126 118 5.006e+06 1
126 125 9.271e+06 2
126 127 9.402e+06 1
127 31 2.796e+06 2
127 95 2.680e+06 1
127 103 5.078e+06 1
127 119 5.056e+06 1
127 120 9.373e+06 2
127 126 9.404e+06 1
13 5 5.043e+06 1
13 12 9.357e+06 1
13 14 9.345e+06 2
13 21 4.983e+06 1
13 45 2.722e+06 1
13 109 2.611e+06 2
14 6 5.028e+06 1
14 13 9.346e+06 2
14 15 9.401e+06 1
14 22 4.961e+06 1
14 46 2.625e+06 1
14 110 2.727e+06 2
15 7 4.979e+06 1
15 8 9.280e+06 2
15 14 9.403e+06 1
15 23 5.065e+06 1
15 47 2.710e+06 1
15 111 2.633e+06 2
16 8 5.067e+06 1
16 17 9.394e+06 1
16 23 9.374e+06 2
16 24 4.990e+06 1
16 48 2.715e+06 1
16 112 2.614e+06 2
17 9 5.094e+06 1
17 16 9.394e+06 1
17 18 9.413e+06 2
17 25 5.040e+06 1
17 49 2.759e+06 1
17 113 2.667e+06 2
18 10 5.020e+06 1
18 17 9.414e+06 2
18 19 9.373e+06 1
18 26 5.079e+06 1
18 50 2.672e+06 1
18 114 2.695e+06 2
19 11 5.028e+06 1
19 18 9.375e+06 1
19 20 9.395e+06 2
19 27 5.014e+06 1
19 51 2.749e+06 1
19 115 2.669e+06 2
2 1 9.344e+06 2
2 3 9.416e+06 1
2 10 5.005e+06 1
2 26 5.032e+06 1
2 34 2.686e+06 1
2 98 2.683e+06 2
20 12 5.103e+06 1
20 19 9.395e+06 2
20 21 9.336e+06 1
20 28 5.034e+06 1
20 52 2.674e+06 1
20 116 2.687e+06 2
21 13 4.985e+06 1
21 20 9.336e+06 1
21 22 9.362e+06 2
21 29 5.039e+06 1
21 53 2.705e+06 1
21 117 2.724e+06 2
22 14 4.960e+06 1
22 21 9.364e+06 2
22 23 9.388e+06 1
22 30 5.015e+06 1
22 54 2.708e+06 1
22 118 2.659e+06 2
23 15 5.069e+06 1
23 16 9.373e+06 2
23 22 9.391e+06 1
23 31 5.100e+06 1
23 55 2.795e+06 1
23 119 2.755e+06 2
24 0 5.052e+06 1
24 16 4.991e+06 1
24 25 9.367e+06 1
24 31 9.356e+06 2
24 56 2.765e+06 1
24 120 2.653e+06 2
25 1 4.938e+06 1
25 17 5.039e+06 1
25 24 9.369e+06 1
25 26 9.318e+06 2
25 57 2.558e+06 1
25 121 2.744e+06 2
26 2 5.032e+06 1
26 18 5.079e+06 1
26 25 9.321e+06 2
26 27 9.383e+06 1
26 58 2.716e+06 1
26 122 2.688e+06 2
27 3 5.051e+06 1
27 19 5.017e+06 1
27 26 9.384e+06 1
27 28 9.404e+06 2
27 59 2.720e+06 1
27 123 2.682e+06 2
28 4 5.020e+06 1
28 20 5.036e+06 1
28 27 9.406e+06 2
28 29 9.355e+06 1
28 60 2.749e+06 1
28 124 2.728e+06 2
29 5 5.004e+06 1
29 21 5.037e+06 1
29 28 9.358e+06 1
29 30 9.315e+06 2
29 61 2.614e+06 1
29 125 2.684e+06 2
3 2 9.419e+06 1
3 4 9.394e+06 2
3 11 5.103e+06 1
3 27 5.053e+06 1
3 35 2.698e+06 1
3 99 2.754e+06 2
30 6 4.997e+06 1
30 22 5.015e+06 1
30 29 9.317e+06 2
30 31 9.368e+06 1
30 62 2.762e+06 1
30 126 2.638e+06 2
31 7 5.125e+06 1
31 23 5.099e+06 1
31 24 9.356e+06 2
31 30 9.370e+06 1
31 63 2.603e+06 1
31 127 2.796e+06 2
32 0 2.659e+06 1
32 33 9.417e+06 1
32 39 9.227e+06 2
32 40 5.053e+06 1
32 56 5.003e+06 1
32 64 2.644e+06 2
33 1 2.741e+06 1
33 32 9.418e+06 1
33 34 9.349e+06 2
33 41 4.990e+06 1
33 57 4.980e+06 1
33 65 2.662e+06 2
34 2 2.688e+06 1
34 33 9.351e+06 2
34 35 9.398e+06 1
34 42 5.060e+06 1
34 58 5.045e+06 1
34 66 2.770e+06 2
35 3 2.698e+06 1
35 34 9.401e+06 1
35 36 9.412e+06 2
35 43 5.106e+06 1
35 59 5.035e+06 1
35 67 2.734e+06 2
36 4 2.664e+06 1
36 35 9.413e+06 2
36 37 9.419e+06 1
36 44 4.986e+06 1
36 60 5.020e+06 1
36 68 2.681e+06 2
37 5 2.751e+06 1
37 36 9.423e+06 1
37 38 9.407e+06 2
37 45 5.042e+06 1
37 61 5.096e+06 1
37 69 2.685e+06 2
38 6 2.699e+06 1
38 37 9.408e+06 2
38 39 9.384e+06 1
38 46 5.157e+06 1
38 62 5.054e+06 1
38 70 2.778e+06 2
39 7 2.730e+06 1
39 32 9.228e+06 2
39 38 9.384e+06 1
39 47 4.959e+06 1
39 63 5.057e+06 1
39 71 2.617e+06 2
4 3 9.394e+06 2
4 5 9.370e+06 1
4 12 5.009e+06 1
4 28 5.021e+06 1
4 36 2.663e+06 1
4 100 2.746e+06 2
40 8 2.709e+06 1
40 32 5.055e+06 1
40 41 9.410e+06 1
40 47 9.233e+06 2
40 48 5.066e+06 1
40 72 2.831e+06 2
41 9 2.709e+06 1
41 33 4.990e+06 1
41 40 9.409e+06 1
41 42 9.356e+06 2
41 49 5.079e+06 1
41 73 2.597e+06 2
42 10 2.687e+06 1
42 34 5.061e+06 1
42 41 9.357e+06 2
42 43 9.430e+06 1
42 50 4.966e+06 1
42 74 2.689e+06 2
43 11 2.747e+06 1
43 35 5.106e+06 1
43 42 9.432e+06 1
43 44 9.409e+06 2
43 51 5.116e+06 1
43 75 2.647e+06 2
44 12 2.654e+06 1
44 36 4.987e+06 1
44 43 9.409e+06 2
44 45 9.371e+06 1
44 52 5.012e+06 1
44 76 2.717e+06 2
45 13 2.723e+06 1
45 37 5.045e+06 1
45 44 9.372e+06 1
45 46 9.430e+06 2
45 53 5.009e+06 1
45 77 2.695e+06 2
46 14 2.627e+06 1
46 38 5.158e+06 1
46 45 9.431e+06 2
46 47 9.424e+06 1
46 54 5.043e+06 1
46 78 2.776e+06 2
47 15 2.709e+06 1
47 39 4.960e+06 1
47 40 9.231e+06 2
47 46 9.425e+06 1
47 55 5.053e+06 1
47 79 2.712e+06 2
48 16 2.716e+06 1
48 40 5.067e+06 1
48 49 9.389e+06 1
48 55 9.336e+06 2
48 56 5.000e+06 1
48 80 2.672e+06 2
49 17 2.760e+06 1
49 41 5.080e+06 1
49 48 9.391e+06 1
49 50 9.376e+06 2
49 57 5.075e+06 1
49 81 2.756e+06 2
5 4 9.371e+06 1
5 6 9.321e+06 2
5 13 5.043e+06 1
5 29 5.004e+06 1
5 37 2.751e+06 1
5 101 2.723e+06 2
50 18 2.672e+06 1
50 42 4.967e+06 1
50 49 9.375e+06 2
50 51 9.397e+06 1
50 58 5.005e+06 1
50 82 2.670e+06 2
51 19 2.750e+06 1
51 43 5.117e+06 1
51 50 9.399e+06 1
51 52 9.371e+06 2
51 59 5.109e+06 1
51 83 2.754e+06 2
52 20 2.672e+06 1
52 44 5.013e+06 1
52 51 9.371e+06 2
52 53 9.351e+06 1
52 60 4.992e+06 1
52 84 2.696e+06 2
53 21 2.705e+06 1
53 45 5.010e+06 1
53 52 9.353e+06 1
53 54 9.424e+06 2
53 61 5.032e+06 1
53 85 2.677e+06 2
54 22 2.709e+06 1
54 46 5.043e+06 1
54 53 9.427e+06 2
54 55 9.402e+06 1
54 62 5.075e+06 1
54 86 2.729e+06 2
55 23 2.796e+06 1
55 47 5.055e+06 1
55 48 9.334e+06 2
55 54 9.404e+06 1
55 63 5.072e+06 1
55 87 2.676e+06 2
56 24 2.764e+06 1
56 32 5.005e+06 1
56 48 5.003e+06 1
56 57 9.383e+06 1
56 63 9.305e+06 2
56 88 2.647e+06 2
57 25 2.558e+06 1
57 33 4.980e+06 1
57 49 5.074e+06 1
57 56 9.384e+06 1
57 58 9.345e+06 2
57 89 2.737e+06 2
58 26 2.715e+06 1
58 34 5.043e+06 1
58 50 5.007e+06 1
58 57 9.346e+06 2
58 59 9.366e+06 1
58 90 2.610e+06 2
59 27 2.720e+06 1
59 35 5.034e+06 1
59 51 5.109e+06 1
59 58 9.370e+06 1
59 60 9.388e+06 2
59 91 2.723e+06 2
6 5 9.323e+06 2
6 7 9.384e+06 1
6 14 5.028e+06 1
6 30 4.997e+06 1
6 38 2.697e+06 1
6 102 2.675e+06 2
60 28 2.749e+06 1
60 36 5.020e+06 1
60 52 4.994e+06 1
60 59 9.390e+06 2
60 61 9.389e+06 1
60 92 2.635e+06 2
61 29 2.614e+06 1
61 37 5.095e+06 1
61 53 5.031e+06 1
61 60 9.393e+06 1
61 62 9.408e+06 2
61 93 2.777e+06 2
62 30 2.763e+06 1
62 38 5.054e+06 1
62 54 5.073e+06 1
62 61 9.410e+06 2
62 63 9.385e+06 1
62 94 2.657e+06 2
63 31 2.603e+06 1
63 39 5.058e+06 1
63 55 5.072e+06 1
63 56 9.304e+06 2
63 62 9.387e+06 1
63 95 2.753e+06 2
64 32 2.644e+06 2
64 65 9.401e+06 1
64 71 9.343e+06 2
64 72 5.037e+06 1
64 88 4.976e+06 1
64 96 2.670e+06 1
65 33 2.662e+06 2
65 64 9.402e+06 1
65 66 9.359e+06 2
65 73 5.073e+06 1
65 89 5.046e+06 1
65 97 2.700e+06 1
66 34 2.770e+06 2
66 65 9.359e+06 2
66 67 9.371e+06 1
66 74 5.006e+06 1
66 90 4.979e+06 1
66 98 2.659e+06 1
67 35 2.735e+06 2
67 66 9.375e+06 1
67 68 9.362e+06 2
67 75 5.071e+06 1
67 91 5.043e+06 1
67 99 2.727e+06 1
68 36 2.680e+06 2
68 67 9.365e+06 2
68 69 9.415e+06 1
68 76 5.050e+06 1
68 92 5.039e+06 1
68 100 2.655e+06 1
69 37 2.686e+06 2
69 68 9.417e+06 1
69 70 9.369e+06 2
69 77 5.060e+06 1
69 93 5.081e+06 1
69 101 2.710e+06 1
7 0 9.271e+06 2
7 6 9.386e+06 1
7 15 4.979e+06 1
7 31 5.125e+06 1
7 39 2.731e+06 1
7 103 2.703e+06 2
70 38 2.777e+06 2
70 69 9.371e+06 2
70 71 9.414e+06 1
70 78 5.101e+06 1
70 94 5.086e+06 1
70 102 2.724e+06 1
71 39 2.617e+06 2
71 64 9.343e+06 2
71 70 9.413e+06 1
71 79 4.994e+06 1
71 95 5.039e+06 1
71 103 2.697e+06 1
72 40 2.833e+06 2
72 64 5.039e+06 1
72 73 9.381e+06 1
72 79 9.321e+06 2
72 80 5.075e+06 1
72 104 2.648e+06 1
73 41 2.597e+06 2
73 65 5.074e+06 1
73 72 9.382e+06 1
73 74 9.345e+06 2
73 81 5.027e+06 1
73 105 2.787e+06 1
74 42 2.690e+06 2
74 66 5.008e+06 1
74 73 9.345e+06 2
74 75 9.399e+06 1
74 82 5.039e+06 1
74 106 2.646e+06 1
75 43 2.646e+06 2
75 67 5.071e+06 1
75 74 9.401e+06 1
75 76 9.376e+06 2
75 83 5.076e+06 1
75 107 2.758e+06 1
76 44 2.717e+06 2
76 68 5.052e+06 1
76 75 9.377e+06 2
76 77 9.385e+06 1
76 84 5.002e+06 1
76 108 2.693e+06 1
77 45 2.695e+06 2
77 69 5.060e+06 1
77 76 9.386e+06 1
77 78 9.403e+06 2
77 85 5.007e+06 1
77 109 2.744e+06 1
78 46 2.776e+06 2
78 70 5.100e+06 1
78 77 9.406e+06 2
78 79 9.406e+06 1
78 86 5.107e+06 1
78 110 2.692e+06 1
79 47 2.713e+06 2
79 71 4.995e+06 1
79 72 9.321e+06 2
79 78 9.406e+06 1
79 87 4.996e+06 1
79 111 2.745e+06 1
8 0 5.036e+06 1
8 9 9.415e+06 1
8 15 9.283e+06 2
8 16 5.067e+06 1
8 40 2.708e+06 1
8 104 2.707e+06 2
80 48 2.672e+06 2
80 72 5.073e+06 1
80 81 9.345e+06 1
80 87 9.346e+06 2
80 88 5.027e+06 1
80 112 2.733e+06 1
81 49 2.755e+06 2
81 73 5.030e+06 1
81 80 9.346e+06 1
81 82 9.355e+06 2
81 89 5.006e+06 1
81 113 2.702e+06 1
82 50 2.672e+06 2
82 74 5.041e+06 1
82 81 9.356e+06 2
82 83 9.407e+06 1
82 90 5.011e+06 1
82 114 2.751e+06 1
83 51 2.755e+06 2
83 75 5.076e+06 1
83 82 9.409e+06 1
83 84 9.352e+06 2
83 91 5.067e+06 1
83 115 2.657e+06 1
84 52 2.696e+06 2
84 76 5.003e+06 1
84 83 9.352e+06 2
84 85 9.327e+06 1
84 92 5.044e+06 1
84 116 2.672e+06 1
85 53 2.677e+06 2
85 77 5.007e+06 1
85 84 9.329e+06 1
85 86 9.368e+06 2
85 93 5.037e+06 1
85 117 2.700e+06 1
86 54 2.729e+06 2
86 78 5.106e+06 1
86 85 9.370e+06 2
86 87 9.395e+06 1
86 94 5.073e+06 1
86 118 2.627e+06 1
87 55 2.676e+06 2
87 79 4.996e+06 1
87 80 9.345e+06 2
87 86 9.395e+06 1
87 95 5.007e+06 1
87 119 2.665e+06 1
88 56 2.647e+06 2
88 64 4.976e+06 1
88 80 5.028e+06 1
88 89 9.331e+06 1
88 95 9.357e+06 2
88 120 2.726e+06 1
89 57 2.737e+06 2
89 65 5.045e+06 1
89 81 5.007e+06 1
89 88 9.331e+06 1
89 90 9.364e+06 2
89 121 2.656e+06 1
9 1 5.077e+06 1
9 8 9.415e+06 1
9 10 9.410e+06 2
9 17 5.095e+06 1
9 41 2.712e+06 1
9 105 2.710e+06 2
90 58 2.610e+06 2
90 66 4.977e+06 1
90 82 5.011e+06 1
90 89 9.365e+06 2
90 91 9.366e+06 1
90 122 2.652e+06 1
91 59 2.723e+06 2
91 67 5.041e+06 1
91 83 5.068e+06 1
91 90 9.372e+06 1
91 92 9.361e+06 2
91 123 2.676e+06 1
92 60 2.634e+06 2
92 68 5.038e+06 1
92 84 5.046e+06 1
92 91 9.362e+06 2
92 93 9.379e+06 1
92 124 2.839e+06 1
93 61 2.778e+06 2
93 69 5.080e+06 1
93 85 5.038e+06 1
93 92 9.380e+06 1
93 94 9.368e+06 2
93 125 2.607e+06 1
94 62 2.658e+06 2
94 70 5.085e+06 1
94 86 5.074e+06 1
94 93 9.370e+06 2
94 95 9.420e+06 1
94 126 2.818e+06 1
95 63 2.754e+06 2
95 71 5.040e+06 1
95 87 5.007e+06 1
95 88 9.358e+06 2
95 94 9.420e+06 1
95 127 2.679e+06 1
96 0 2.767e+06 2
96 64 2.670e+06 1
96 97 9.417e+06 1
96 103 9.362e+06 2
96 104 5.003e+06 1
96 120 5.030e+06 1
97 1 2.706e+06 2
97 65 2.700e+06 1
97 96 9.418e+06 1
97 98 9.346e+06 2
97 105 5.149e+06 1
97 121 5.003e+06 1
98 2 2.683e+06 2
98 66 2.658e+06 1
98 97 9.345e+06 2
98 99 9.387e+06 1
98 106 4.978e+06 1
98 122 4.980e+06 1
99 3 2.753e+06 2
99 67 2.728e+06 1
99 98 9.392e+06 1
99 100 9.376e+06 2
99 107 5.048e+06 1
99 123 5.054e+06 1
