3433 3481 2786328
3433 3449 2.7012e+06
3433 3445 5127992
3433 3437 5019344
3433 3436 9283160
3433 3434 9367920
3434 3482 2.67616e+06
3434 3450 2.74938e+06
3434 3446 4932832
3434 3438 5084480
3434 3433 9.36786e+06
3434 3435 9358072
3443 3491 2.71918e+06
3443 3459 2651176
3443 3439 5067760
3443 3447 5060096
3443 3442 9423816
3443 3444 9369368
3444 3492 2.69102e+06
3444 3460 2.77703e+06
3444 3440 4979296
3444 3448 5060336
3444 3443 9368632
3444 3441 9338304
3445 3493 2710328
3445 3461 2.7686e+06
3445 3441 4958736
3445 3433 5126120
3445 3448 9355376
3445 3446 9376192
3446 3494 2740560
3446 3462 2.57631e+06
3446 3442 5045568
3446 3434 4931840
3446 3445 9376544
3446 3447 9327840
3447 3495 2681464
3447 3463 2723024
3447 3443 5.05958e+06
3447 3435 5032192
3447 3446 9330616
3447 3448 9349464
3448 3496 2.73222e+06
3448 3464 2667672
3448 3444 5060360
3448 3436 5012256
3448 3447 9350336
3448 3445 9355048
3449 3433 2.70082e+06
3449 3465 2.69711e+06
3449 3461 5023376
3449 3453 5.05129e+06
3449 3452 9297792
3449 3450 9398560
3450 3434 2748056
3450 3466 2652352
3450 3462 4976856
3450 3454 5.00646e+06
3450 3449 9399816
3450 3451 9354440
3451 3435 2701016
3451 3467 2.76584e+06
3451 3463 5050584
3451 3455 5073840
3451 3450 9357176
3451 3452 9387200
3452 3436 2.7045e+06
3452 3468 2714976
3452 3464 5060736
3452 3456 5037512
3452 3451 9387912
3452 3449 9297568
3435 3483 2690600
3435 3451 2.69866e+06
3435 3447 5032256
3435 3439 5012592
3435 3434 9358240
3435 3436 9383824
3453 3437 2.67402e+06
3453 3469 2.77486e+06
3453 3449 5051872
3453 3457 4986464
3453 3456 9280728
3453 3454 9400824
3454 3438 2722160
3454 3470 2.61005e+06
3454 3450 5006424
3454 3458 5091112
3454 3453 9.40173e+06
3454 3455 9363272
3455 3439 2713968
3455 3471 2.68882e+06
3455 3451 5074824
3455 3459 4964416
3455 3454 9362744
3455 3456 9414912
3456 3440 2688264
3456 3472 2.71809e+06
3456 3452 5036528
3456 3460 5102392
3456 3455 9415416
3456 3453 9279944
3457 3441 2657800
3457 3473 2.64423e+06
3457 3453 4987272
3457 3461 4.9971e+06
3457 3460 9294200
3457 3458 9407128
3458 3442 2752520
3458 3474 2.74993e+06
3458 3454 5092896
3458 3462 5075960
3458 3457 9409448
3458 3459 9383560
3459 3443 2.65127e+06
3459 3475 2.67784e+06
3459 3455 4964240
3459 3463 4991992
3459 3458 9.38395e+06
3459 3460 9395600
3460 3444 2.77814e+06
3460 3476 2.7419e+06
3460 3456 5103040
3460 3464 5099568
3460 3459 9397272
3460 3457 9293992
3461 3445 2767576
3461 3477 2679528
3461 3457 4999112
3461 3449 5024504
3461 3464 9321096
3461 3462 9394056
3462 3446 2.57613e+06
3462 3478 2730256
3462 3458 5074648
3462 3450 4977536
3462 3461 9394968
3462 3463 9345736
3436 3484 2647968
3436 3452 2703792
3436 3448 5013424
3436 3440 5.00621e+06
3436 3435 9384616
3436 3433 9280736
3463 3447 2721968
3463 3479 2.61265e+06
3463 3459 4992680
3463 3451 5049224
3463 3462 9.34786e+06
3463 3464 9360664
3464 3448 2.66757e+06
3464 3480 2779640
3464 3460 5097520
3464 3452 5060216
3464 3463 9363864
3464 3461 9320120
3465 3449 2697008
3465 3481 2.7075e+06
3465 3477 5.03802e+06
3465 3469 5006680
3465 3468 9320992
3465 3466 9383200
3466 3450 2.65222e+06
3466 3482 2.69161e+06
3466 3478 5024728
3466 3470 5072168
3466 3465 9.38467e+06
3466 3467 9367320
3467 3451 2766672
3467 3483 2665736
3467 3479 4991200
3467 3471 5033144
3467 3466 9367984
3467 3468 9373376
3468 3452 2716848
3468 3484 2.73665e+06
3468 3480 5062736
3468 3472 5.04898e+06
3468 3467 9376712
3468 3465 9320176
3469 3453 2.77454e+06
3469 3485 2563424
3469 3465 5006136
3469 3473 5015792
3469 3472 9273504
3469 3470 9373688
3470 3454 2.61078e+06
3470 3486 2.77888e+06
3470 3466 5073112
3470 3474 5000296
3470 3469 9376712
3470 3471 9364832
3471 3455 2.68849e+06
3471 3487 2.6691e+06
3471 3467 5035176
3471 3475 5041376
3471 3470 9364720
3471 3472 9402200
3472 3456 2.7172e+06
3472 3488 2713800
3472 3468 5049272
3472 3476 5086616
3472 3471 9.40293e+06
3472 3469 9273536
3437 3485 2726224
3437 3453 2.67402e+06
3437 3433 5020400
3437 3441 5037760
3437 3440 9273440
3437 3438 9387528
3473 3457 2644696
3473 3489 2729496
3473 3469 5015504
3473 3477 5042232
3473 3476 9292488
3473 3474 9356664
3474 3458 2749504
3474 3490 2.6903e+06
3474 3470 5002984
3474 3478 5007128
3474 3473 9357448
3474 3475 9353056
3475 3459 2.6795e+06
3475 3491 2766416
3475 3471 5042712
3475 3479 5029856
3475 3474 9354288
3475 3476 9412016
3476 3460 2.74192e+06
3476 3492 2658568
3476 3472 5085848
3476 3480 5068968
3476 3475 9414496
3476 3473 9291624
3477 3461 2679504
3477 3493 2748368
3477 3473 5042840
3477 3465 5037368
3477 3480 9355648
3477 3478 9354336
3478 3462 2731368
3478 3494 2.67756e+06
3478 3474 5008256
3478 3466 5024648
3478 3477 9355376
3478 3479 9349224
3479 3463 2.61343e+06
3479 3495 2.66286e+06
3479 3475 5029104
3479 3467 4989472
3479 3478 9.35104e+06
3479 3480 9361488
3480 3464 2779208
3480 3496 2.69041e+06
3480 3476 5068864
3480 3468 5063008
3480 3479 9365704
3480 3477 9354368
3481 3465 2708152
3481 3433 2.78542e+06
3481 3493 5141576
3481 3485 5006608
3481 3484 9352512
3481 3482 9.3714e+06
3482 3466 2.69201e+06
3482 3434 2675592
3482 3494 4985336
3482 3486 5134688
3482 3481 9371584
3482 3483 9360432
3438 3486 2.71426e+06
3438 3454 2.72407e+06
3438 3434 5084344
3438 3442 5098456
3438 3437 9388200
3438 3439 9411168
3483 3467 2.66435e+06
3483 3435 2.69042e+06
3483 3495 4.98721e+06
3483 3487 5.00793e+06
3483 3482 9359640
3483 3484 9373512
3484 3468 2.73674e+06
3484 3436 2.64742e+06
3484 3496 5033288
3484 3488 5016080
3484 3483 9376688
3484 3481 9350328
3485 3469 2563096
3485 3437 2.72497e+06
3485 3481 5004336
3485 3489 5024872
3485 3488 9.31951e+06
3485 3486 9386480
3486 3470 2781192
3486 3438 2.71322e+06
3486 3482 5.13697e+06
3486 3490 5028360
3486 3485 9388448
3486 3487 9398840
3487 3471 2.66969e+06
3487 3439 2786584
3487 3483 5009456
3487 3491 5125000
3487 3486 9398456
3487 3488 9373384
3488 3472 2714304
3488 3440 2654184
3488 3484 5016584
3488 3492 4974088
3488 3487 9372896
3488 3485 9318080
3489 3473 2729304
3489 3441 2.64046e+06
3489 3485 5025192
3489 3493 4989648
3489 3492 9344664
3489 3490 9349056
3490 3474 2.69116e+06
3490 3442 2.6596e+06
3490 3486 5028416
3490 3494 5023456
3490 3489 9351320
3490 3491 9393736
3491 3475 2.76571e+06
3491 3443 2719424
3491 3487 5124776
3491 3495 5090952
3491 3490 9397328
3491 3492 9393576
3492 3476 2657704
3492 3444 2690712
3492 3488 4975720
3492 3496 5044896
3492 3491 9391552
3492 3489 9345824
3439 3487 2.78748e+06
3439 3455 2714144
3439 3435 5013744
3439 3443 5068648
3439 3438 9411368
3439 3440 9401688
3493 3477 2750088
3493 3445 2.71004e+06
3493 3489 4992448
3493 3481 5140592
3493 3496 9391928
3493 3494 9348480
3494 3478 2.67815e+06
3494 3446 2740040
3494 3490 5.02313e+06
3494 3482 4984760
3494 3493 9347944
3494 3495 9329880
3495 3479 2.66471e+06
3495 3447 2.68208e+06
3495 3491 5.0893e+06
3495 3483 4985344
3495 3494 9330752
3495 3496 9385528
3496 3480 2.69049e+06
3496 3448 2731344
3496 3492 5046856
3496 3484 5033568
3496 3495 9387960
3496 3493 9389992
3440 3488 2.6553e+06
3440 3456 2688360
3440 3436 5006632
3440 3444 4978616
3440 3439 9400904
3440 3437 9272216
3441 3489 2640928
3441 3457 2657888
3441 3437 5.03742e+06
3441 3445 4957408
3441 3444 9338224
3441 3442 9391016
3442 3490 2659296
3442 3458 2.75042e+06
3442 3438 5096336
3442 3446 5045928
3442 3441 9393040
3442 3443 9422120
