0 1 4.197e+07 0
0 7 4.203e+07 1
0 8 3.885e+07 1
0 56 3.893e+07 2
0 64 3.539e+07 2
0 448 3.538e+07 4
1 0 4.199e+07 0
1 2 4.201e+07 0
1 9 3.890e+07 1
1 57 3.884e+07 2
1 65 3.536e+07 2
1 449 3.540e+07 4
10 2 3.899e+07 1
10 9 4.202e+07 0
10 11 4.199e+07 0
10 18 3.901e+07 1
10 74 3.536e+07 2
10 458 3.537e+07 4
100 36 3.539e+07 2
100 92 3.888e+07 2
100 99 4.200e+07 1
100 101 4.199e+07 0
100 108 3.885e+07 1
100 164 3.539e+07 3
101 37 3.541e+07 2
101 93 3.883e+07 2
101 100 4.201e+07 0
101 102 4.198e+07 0
101 109 3.892e+07 1
101 165 3.537e+07 3
102 38 3.540e+07 2
102 94 3.890e+07 2
102 101 4.200e+07 0
102 103 4.198e+07 0
102 110 3.898e+07 1
102 166 3.537e+07 3
103 39 3.541e+07 2
103 95 3.892e+07 2
103 96 4.193e+07 1
103 102 4.201e+07 0
103 111 3.899e+07 1
103 167 3.538e+07 3
104 40 3.540e+07 2
104 96 3.903e+07 1
104 105 4.199e+07 0
104 111 4.195e+07 1
104 112 3.888e+07 1
104 168 3.542e+07 3
105 41 3.540e+07 2
105 97 3.895e+07 1
105 104 4.201e+07 0
105 106 4.199e+07 0
105 113 3.883e+07 1
105 169 3.539e+07 3
106 42 3.541e+07 2
106 98 3.890e+07 1
106 105 4.201e+07 0
106 107 4.199e+07 0
106 114 3.884e+07 1
106 170 3.539e+07 3
107 43 3.540e+07 2
107 99 3.883e+07 1
107 106 4.201e+07 0
107 108 4.198e+07 1
107 115 3.892e+07 1
107 171 3.537e+07 3
108 44 3.541e+07 2
108 100 3.887e+07 1
108 107 4.201e+07 1
108 109 4.200e+07 0
108 116 3.900e+07 1
108 172 3.536e+07 3
109 45 3.541e+07 2
109 101 3.894e+07 1
109 108 4.202e+07 0
109 110 4.198e+07 0
109 117 3.902e+07 1
109 173 3.538e+07 3
11 3 3.904e+07 1
11 10 4.201e+07 0
11 12 4.200e+07 1
11 19 3.893e+07 1
11 75 3.538e+07 2
11 459 3.538e+07 4
110 46 3.539e+07 2
110 102 3.900e+07 1
110 109 4.199e+07 0
110 111 4.198e+07 0
110 118 3.898e+07 1
110 174 3.538e+07 3
111 47 3.539e+07 2
111 103 3.901e+07 1
111 104 4.193e+07 1
111 110 4.200e+07 0
111 119 3.893e+07 1
111 175 3.537e+07 3
112 48 3.539e+07 2
112 104 3.890e+07 1
112 113 4.199e+07 0
112 119 4.197e+07 1
112 120 3.888e+07 1
112 176 3.540e+07 3
113 49 3.541e+07 2
113 105 3.885e+07 1
113 112 4.201e+07 0
113 114 4.198e+07 0
113 121 3.889e+07 1
113 177 3.538e+07 3
114 50 3.541e+07 2
114 106 3.886e+07 1
114 113 4.201e+07 0
114 115 4.198e+07 0
114 122 3.899e+07 1
114 178 3.537e+07 3
115 51 3.541e+07 2
115 107 3.893e+07 1
115 114 4.200e+07 0
115 116 4.197e+07 1
115 123 3.903e+07 1
115 179 3.537e+07 3
116 52 3.539e+07 2
116 108 3.902e+07 1
116 115 4.199e+07 1
116 117 4.199e+07 0
116 124 3.899e+07 1
116 180 3.539e+07 3
117 53 3.540e+07 2
117 109 3.903e+07 1
117 116 4.201e+07 0
117 118 4.198e+07 0
117 125 3.894e+07 1
117 181 3.539e+07 3
118 54 3.539e+07 2
118 110 3.900e+07 1
118 117 4.200e+07 0
118 119 4.197e+07 0
118 126 3.884e+07 1
118 182 3.540e+07 3
119 55 3.538e+07 2
119 111 3.895e+07 1
119 112 4.195e+07 1
119 118 4.199e+07 0
119 127 3.886e+07 1
119 183 3.538e+07 3
12 4 3.900e+07 1
12 11 4.202e+07 1
12 13 4.199e+07 0
12 20 3.886e+07 1
12 76 3.539e+07 2
12 460 3.540e+07 4
120 56 3.541e+07 2
120 64 3.897e+07 2
120 112 3.890e+07 1
120 121 4.200e+07 0
120 127 4.198e+07 1
120 184 3.539e+07 3
121 57 3.540e+07 2
121 65 3.903e+07 2
121 113 3.891e+07 1
121 120 4.203e+07 0
121 122 4.197e+07 0
121 185 3.537e+07 3
122 58 3.540e+07 2
122 66 3.901e+07 2
122 114 3.900e+07 1
122 121 4.199e+07 0
122 123 4.195e+07 0
122 186 3.538e+07 3
123 59 3.540e+07 2
123 67 3.894e+07 2
123 115 3.905e+07 1
123 122 4.197e+07 0
123 124 4.200e+07 1
123 187 3.539e+07 3
124 60 3.539e+07 2
124 68 3.887e+07 2
124 116 3.901e+07 1
124 123 4.201e+07 1
124 125 4.198e+07 0
124 188 3.540e+07 3
125 61 3.538e+07 2
125 69 3.886e+07 2
125 117 3.896e+07 1
125 124 4.200e+07 0
125 126 4.197e+07 0
125 189 3.539e+07 3
126 62 3.539e+07 2
126 70 3.886e+07 2
126 118 3.886e+07 1
126 125 4.199e+07 0
126 127 4.198e+07 0
126 190 3.537e+07 3
127 63 3.539e+07 2
127 71 3.892e+07 2
127 119 3.888e+07 1
127 120 4.196e+07 1
127 126 4.201e+07 0
127 191 3.537e+07 3
128 64 3.539e+07 3
128 129 4.200e+07 0
128 135 4.200e+07 1
128 136 3.886e+07 1
128 184 3.894e+07 2
128 192 3.540e+07 2
129 65 3.541e+07 3
129 128 4.203e+07 0
129 130 4.200e+07 0
129 137 3.890e+07 1
129 185 3.885e+07 2
129 193 3.538e+07 2
13 5 3.895e+07 1
13 12 4.201e+07 0
13 14 4.198e+07 0
13 21 3.882e+07 1
13 77 3.538e+07 2
13 461 3.537e+07 4
130 66 3.540e+07 3
130 129 4.202e+07 0
130 131 4.200e+07 0
130 138 3.895e+07 1
130 186 3.887e+07 2
130 194 3.538e+07 2
131 67 3.543e+07 3
131 130 4.203e+07 0
131 132 4.199e+07 1
131 139 3.903e+07 1
131 187 3.894e+07 2
131 195 3.537e+07 2
132 68 3.539e+07 3
132 131 4.201e+07 1
132 133 4.201e+07 0
132 140 3.900e+07 1
132 188 3.900e+07 2
132 196 3.536e+07 2
133 69 3.538e+07 3
133 132 4.202e+07 0
133 134 4.196e+07 0
133 141 3.894e+07 1
133 189 3.904e+07 2
133 197 3.540e+07 2
134 70 3.541e+07 3
134 133 4.198e+07 0
134 135 4.199e+07 0
134 142 3.886e+07 1
134 190 3.901e+07 2
134 198 3.540e+07 2
135 71 3.539e+07 3
135 128 4.198e+07 1
135 134 4.201e+07 0
135 143 3.886e+07 1
135 191 3.895e+07 2
135 199 3.538e+07 2
136 72 3.540e+07 3
136 128 3.887e+07 1
136 137 4.198e+07 0
136 143 4.199e+07 1
136 144 3.897e+07 1
136 200 3.539e+07 2
137 73 3.542e+07 3
137 129 3.892e+07 1
137 136 4.200e+07 0
137 138 4.196e+07 0
137 145 3.901e+07 1
137 201 3.539e+07 2
138 74 3.541e+07 3
138 130 3.897e+07 1
138 137 4.198e+07 0
138 139 4.198e+07 0
138 146 3.900e+07 1
138 202 3.537e+07 2
139 75 3.538e+07 3
139 131 3.905e+07 1
139 138 4.200e+07 0
139 140 4.199e+07 1
139 147 3.896e+07 1
139 203 3.538e+07 2
14 6 3.886e+07 1
14 13 4.201e+07 0
14 15 4.198e+07 0
14 22 3.885e+07 1
14 78 3.537e+07 2
14 462 3.541e+07 4
140 76 3.539e+07 3
140 132 3.902e+07 1
140 139 4.200e+07 1
140 141 4.199e+07 0
140 148 3.886e+07 1
140 204 3.541e+07 2
141 77 3.541e+07 3
141 133 3.896e+07 1
141 140 4.201e+07 0
141 142 4.196e+07 0
141 149 3.883e+07 1
141 205 3.540e+07 2
142 78 3.539e+07 3
142 134 3.888e+07 1
142 141 4.198e+07 0
142 143 4.197e+07 0
142 150 3.886e+07 1
142 206 3.539e+07 2
143 79 3.540e+07 3
143 135 3.888e+07 1
143 136 4.197e+07 1
143 142 4.199e+07 0
143 151 3.890e+07 1
143 207 3.537e+07 2
144 80 3.542e+07 3
144 136 3.899e+07 1
144 145 4.199e+07 0
144 151 4.199e+07 1
144 152 3.900e+07 1
144 208 3.540e+07 2
145 81 3.538e+07 3
145 137 3.902e+07 1
145 144 4.200e+07 0
145 146 4.198e+07 0
145 153 3.897e+07 1
145 209 3.538e+07 2
146 82 3.537e+07 3
146 138 3.902e+07 1
146 145 4.200e+07 0
146 147 4.198e+07 0
146 154 3.887e+07 1
146 210 3.541e+07 2
147 83 3.541e+07 3
147 139 3.898e+07 1
147 146 4.200e+07 0
147 148 4.199e+07 1
147 155 3.884e+07 1
147 211 3.540e+07 2
148 84 3.539e+07 3
148 140 3.888e+07 1
148 147 4.201e+07 1
148 149 4.198e+07 0
148 156 3.884e+07 1
148 212 3.538e+07 2
149 85 3.541e+07 3
149 141 3.885e+07 1
149 148 4.200e+07 0
149 150 4.199e+07 0
149 157 3.892e+07 1
149 213 3.537e+07 2
15 7 3.887e+07 1
15 8 4.197e+07 1
15 14 4.200e+07 0
15 23 3.893e+07 1
15 79 3.536e+07 2
15 463 3.538e+07 4
150 86 3.541e+07 3
150 142 3.887e+07 1
150 149 4.202e+07 0
150 151 4.198e+07 0
150 158 3.898e+07 1
150 214 3.538e+07 2
151 87 3.541e+07 3
151 143 3.891e+07 1
151 144 4.197e+07 1
151 150 4.200e+07 0
151 159 3.898e+07 1
151 215 3.537e+07 2
152 88 3.539e+07 3
152 144 3.902e+07 1
152 153 4.198e+07 0
152 159 4.197e+07 1
152 160 3.889e+07 2
152 216 3.540e+07 2
153 89 3.540e+07 3
153 145 3.898e+07 1
153 152 4.200e+07 0
153 154 4.201e+07 0
153 161 3.883e+07 2
153 217 3.540e+07 2
154 90 3.540e+07 3
154 146 3.890e+07 1
154 153 4.203e+07 0
154 155 4.199e+07 0
154 162 3.883e+07 2
154 218 3.539e+07 2
155 91 3.539e+07 3
155 147 3.886e+07 1
155 154 4.202e+07 0
155 156 4.201e+07 1
155 163 3.891e+07 2
155 219 3.536e+07 2
156 92 3.541e+07 3
156 148 3.885e+07 1
156 155 4.203e+07 1
156 157 4.200e+07 0
156 164 3.896e+07 2
156 220 3.538e+07 2
157 93 3.542e+07 3
157 149 3.894e+07 1
157 156 4.202e+07 0
157 158 4.197e+07 0
157 165 3.904e+07 2
157 221 3.538e+07 2
158 94 3.539e+07 3
158 150 3.900e+07 1
158 157 4.199e+07 0
158 159 4.196e+07 0
158 166 3.901e+07 2
158 222 3.537e+07 2
159 95 3.538e+07 3
159 151 3.900e+07 1
159 152 4.195e+07 1
159 158 4.197e+07 0
159 167 3.891e+07 2
159 223 3.537e+07 2
16 8 3.897e+07 1
16 17 4.197e+07 0
16 23 4.196e+07 1
16 24 3.899e+07 1
16 80 3.537e+07 2
16 464 3.538e+07 4
160 96 3.539e+07 3
160 152 3.891e+07 2
160 161 4.197e+07 0
160 167 4.199e+07 1
160 168 3.885e+07 1
160 224 3.540e+07 2
161 97 3.540e+07 3
161 153 3.885e+07 2
161 160 4.200e+07 0
161 162 4.199e+07 0
161 169 3.891e+07 1
161 225 3.538e+07 2
162 98 3.542e+07 3
162 154 3.884e+07 2
162 161 4.202e+07 0
162 163 4.200e+07 0
162 170 3.897e+07 1
162 226 3.539e+07 2
163 99 3.541e+07 3
163 155 3.892e+07 2
163 162 4.202e+07 0
163 164 4.197e+07 1
163 171 3.903e+07 1
163 227 3.538e+07 2
164 100 3.540e+07 3
164 156 3.898e+07 2
164 163 4.199e+07 1
164 165 4.198e+07 0
164 172 3.899e+07 1
164 228 3.537e+07 2
165 101 3.539e+07 3
165 157 3.906e+07 2
165 164 4.199e+07 0
165 166 4.196e+07 0
165 173 3.892e+07 1
165 229 3.538e+07 2
166 102 3.539e+07 3
166 158 3.902e+07 2
166 165 4.198e+07 0
166 167 4.200e+07 0
166 174 3.885e+07 1
166 230 3.540e+07 2
167 103 3.540e+07 3
167 159 3.893e+07 2
167 160 4.197e+07 1
167 166 4.201e+07 0
167 175 3.885e+07 1
167 231 3.538e+07 2
168 104 3.543e+07 3
168 160 3.886e+07 1
168 169 4.200e+07 0
168 175 4.201e+07 1
168 176 3.898e+07 1
168 232 3.539e+07 2
169 105 3.540e+07 3
169 161 3.893e+07 1
169 168 4.202e+07 0
169 170 4.199e+07 0
169 177 3.901e+07 1
169 233 3.536e+07 2
17 9 3.905e+07 1
17 16 4.199e+07 0
17 18 4.201e+07 0
17 25 3.892e+07 1
17 81 3.537e+07 2
17 465 3.539e+07 4
170 106 3.541e+07 3
170 162 3.899e+07 1
170 169 4.201e+07 0
170 171 4.199e+07 0
170 178 3.900e+07 1
170 234 3.539e+07 2
171 107 3.539e+07 3
171 163 3.905e+07 1
171 170 4.201e+07 0
171 172 4.199e+07 1
171 179 3.895e+07 1
171 235 3.540e+07 2
172 108 3.538e+07 3
172 164 3.901e+07 1
172 171 4.201e+07 1
172 173 4.200e+07 0
172 180 3.885e+07 1
172 236 3.540e+07 2
173 109 3.539e+07 3
173 165 3.894e+07 1
173 172 4.202e+07 0
173 174 4.196e+07 0
173 181 3.882e+07 1
173 237 3.539e+07 2
174 110 3.539e+07 3
174 166 3.887e+07 1
174 173 4.198e+07 0
174 175 4.199e+07 0
174 182 3.886e+07 1
174 238 3.537e+07 2
175 111 3.538e+07 3
175 167 3.887e+07 1
175 168 4.198e+07 1
175 174 4.201e+07 0
175 183 3.891e+07 1
175 239 3.537e+07 2
176 112 3.541e+07 3
176 168 3.900e+07 1
176 177 4.197e+07 0
176 183 4.197e+07 1
176 184 3.900e+07 1
176 240 3.538e+07 2
177 113 3.539e+07 3
177 169 3.903e+07 1
177 176 4.199e+07 0
177 178 4.198e+07 0
177 185 3.894e+07 1
177 241 3.539e+07 2
178 114 3.539e+07 3
178 170 3.902e+07 1
178 177 4.200e+07 0
178 179 4.198e+07 0
178 186 3.887e+07 1
178 242 3.541e+07 2
179 115 3.539e+07 3
179 171 3.897e+07 1
179 178 4.199e+07 0
179 180 4.198e+07 1
179 187 3.883e+07 1
179 243 3.539e+07 2
18 10 3.903e+07 1
18 17 4.202e+07 0
18 19 4.200e+07 0
18 26 3.888e+07 1
18 82 3.540e+07 2
18 466 3.539e+07 4
180 116 3.541e+07 3
180 172 3.887e+07 1
180 179 4.200e+07 1
180 181 4.200e+07 0
180 188 3.886e+07 1
180 244 3.538e+07 2
181 117 3.541e+07 3
181 173 3.884e+07 1
181 180 4.202e+07 0
181 182 4.200e+07 0
181 189 3.892e+07 1
181 245 3.537e+07 2
182 118 3.541e+07 3
182 174 3.888e+07 1
182 181 4.202e+07 0
182 183 4.199e+07 0
182 190 3.898e+07 1
182 246 3.538e+07 2
183 119 3.539e+07 3
183 175 3.892e+07 1
183 176 4.195e+07 1
183 182 4.201e+07 0
183 191 3.899e+07 1
183 247 3.536e+07 2
184 120 3.540e+07 3
184 128 3.891e+07 2
184 176 3.902e+07 1
184 185 4.199e+07 0
184 191 4.196e+07 1
184 248 3.540e+07 2
185 121 3.539e+07 3
185 129 3.883e+07 2
185 177 3.896e+07 1
185 184 4.201e+07 0
185 186 4.199e+07 0
185 249 3.540e+07 2
186 122 3.540e+07 3
186 130 3.885e+07 2
186 178 3.889e+07 1
186 185 4.201e+07 0
186 187 4.199e+07 0
186 250 3.537e+07 2
187 123 3.541e+07 3
187 131 3.892e+07 2
187 179 3.885e+07 1
187 186 4.201e+07 0
187 188 4.200e+07 1
187 251 3.539e+07 2
188 124 3.541e+07 3
188 132 3.898e+07 2
188 180 3.888e+07 1
188 187 4.202e+07 1
188 189 4.198e+07 0
188 252 3.538e+07 2
189 125 3.540e+07 3
189 133 3.902e+07 2
189 181 3.894e+07 1
189 188 4.200e+07 0
189 190 4.199e+07 0
189 253 3.536e+07 2
19 11 3.895e+07 1
19 18 4.201e+07 0
19 20 4.198e+07 1
19 27 3.883e+07 1
19 83 3.538e+07 2
19 467 3.538e+07 4
190 126 3.539e+07 3
190 134 3.899e+07 2
190 182 3.900e+07 1
190 189 4.200e+07 0
190 191 4.198e+07 0
190 254 3.538e+07 2
191 127 3.539e+07 3
191 135 3.893e+07 2
191 183 3.901e+07 1
191 184 4.194e+07 1
191 190 4.199e+07 0
191 255 3.538e+07 2
192 128 3.542e+07 2
192 193 4.196e+07 0
192 199 4.197e+07 1
192 200 3.902e+07 1
192 248 3.898e+07 2
192 256 3.539e+07 4
193 129 3.540e+07 2
193 192 4.198e+07 0
193 194 4.200e+07 0
193 201 3.897e+07 1
193 249 3.905e+07 2
193 257 3.537e+07 4
194 130 3.540e+07 2
194 193 4.201e+07 0
194 195 4.196e+07 0
194 202 3.888e+07 1
194 250 3.902e+07 2
194 258 3.541e+07 4
195 131 3.539e+07 2
195 194 4.198e+07 0
195 196 4.196e+07 1
195 203 3.884e+07 1
195 251 3.898e+07 2
195 259 3.539e+07 4
196 132 3.537e+07 2
196 195 4.198e+07 1
196 197 4.199e+07 0
196 204 3.883e+07 1
196 252 3.888e+07 2
196 260 3.540e+07 4
197 133 3.541e+07 2
197 196 4.201e+07 0
197 198 4.198e+07 0
197 205 3.892e+07 1
197 253 3.886e+07 2
197 261 3.538e+07 4
198 134 3.542e+07 2
198 197 4.201e+07 0
198 199 4.200e+07 0
198 206 3.898e+07 1
198 254 3.889e+07 2
198 262 3.539e+07 4
199 135 3.539e+07 2
199 192 4.195e+07 1
199 198 4.202e+07 0
199 207 3.898e+07 1
199 255 3.893e+07 2
199 263 3.538e+07 4
2 1 4.203e+07 0
2 3 4.198e+07 0
2 10 3.898e+07 1
2 58 3.888e+07 2
2 66 3.537e+07 2
2 450 3.541e+07 4
20 12 3.888e+07 1
20 19 4.200e+07 1
20 21 4.197e+07 0
20 28 3.885e+07 1
20 84 3.536e+07 2
20 468 3.538e+07 4
200 136 3.541e+07 2
200 192 3.903e+07 1
200 201 4.196e+07 0
200 207 4.196e+07 1
200 208 3.890e+07 1
200 264 3.539e+07 4
201 137 3.540e+07 2
201 193 3.899e+07 1
201 200 4.198e+07 0
201 202 4.198e+07 0
201 209 3.883e+07 1
201 265 3.541e+07 4
202 138 3.538e+07 2
202 194 3.890e+07 1
202 201 4.200e+07 0
202 203 4.197e+07 0
202 210 3.883e+07 1
202 266 3.538e+07 4
203 139 3.539e+07 2
203 195 3.885e+07 1
203 202 4.199e+07 0
203 204 4.196e+07 1
203 211 3.890e+07 1
203 267 3.538e+07 4
204 140 3.543e+07 2
204 196 3.885e+07 1
204 203 4.198e+07 1
204 205 4.199e+07 0
204 212 3.897e+07 1
204 268 3.538e+07 4
205 141 3.541e+07 2
205 197 3.894e+07 1
205 204 4.201e+07 0
205 206 4.199e+07 0
205 213 3.904e+07 1
205 269 3.538e+07 4
206 142 3.541e+07 2
206 198 3.899e+07 1
206 205 4.201e+07 0
206 207 4.197e+07 0
206 214 3.899e+07 1
206 270 3.537e+07 4
207 143 3.539e+07 2
207 199 3.900e+07 1
207 200 4.194e+07 1
207 206 4.199e+07 0
207 215 3.893e+07 1
207 271 3.538e+07 4
208 144 3.541e+07 2
208 200 3.892e+07 1
208 209 4.197e+07 0
208 215 4.198e+07 1
208 216 3.885e+07 1
208 272 3.539e+07 4
209 145 3.539e+07 2
209 201 3.885e+07 1
209 208 4.199e+07 0
209 210 4.196e+07 0
209 217 3.891e+07 1
209 273 3.537e+07 4
21 13 3.883e+07 1
21 20 4.199e+07 0
21 22 4.199e+07 0
21 29 3.893e+07 1
21 85 3.536e+07 2
21 469 3.541e+07 4
210 146 3.542e+07 2
210 202 3.885e+07 1
210 209 4.198e+07 0
210 211 4.198e+07 0
210 218 3.896e+07 1
210 274 3.537e+07 4
211 147 3.542e+07 2
211 203 3.891e+07 1
211 210 4.201e+07 0
211 212 4.199e+07 1
211 219 3.902e+07 1
211 275 3.539e+07 4
212 148 3.539e+07 2
212 204 3.899e+07 1
212 211 4.201e+07 1
212 213 4.198e+07 0
212 220 3.900e+07 1
212 276 3.538e+07 4
213 149 3.539e+07 2
213 205 3.906e+07 1
213 212 4.200e+07 0
213 214 4.197e+07 0
213 221 3.894e+07 1
213 277 3.539e+07 4
214 150 3.539e+07 2
214 206 3.901e+07 1
214 213 4.199e+07 0
214 215 4.199e+07 0
214 222 3.886e+07 1
214 278 3.539e+07 4
215 151 3.539e+07 2
215 207 3.895e+07 1
215 208 4.196e+07 1
215 214 4.201e+07 0
215 223 3.885e+07 1
215 279 3.539e+07 4
216 152 3.542e+07 2
216 208 3.887e+07 1
216 217 4.198e+07 0
216 223 4.199e+07 1
216 224 3.898e+07 2
216 280 3.538e+07 4
217 153 3.542e+07 2
217 209 3.892e+07 1
217 216 4.200e+07 0
217 218 4.198e+07 0
217 225 3.901e+07 2
217 281 3.538e+07 4
218 154 3.541e+07 2
218 210 3.897e+07 1
218 217 4.200e+07 0
218 219 4.198e+07 0
218 226 3.901e+07 2
218 282 3.537e+07 4
219 155 3.538e+07 2
219 211 3.904e+07 1
219 218 4.200e+07 0
219 220 4.197e+07 1
219 227 3.894e+07 2
219 283 3.537e+07 4
22 14 3.886e+07 1
22 21 4.202e+07 0
22 23 4.198e+07 0
22 30 3.899e+07 1
22 86 3.535e+07 2
22 470 3.540e+07 4
220 156 3.540e+07 2
220 212 3.902e+07 1
220 219 4.198e+07 1
220 221 4.198e+07 0
220 228 3.887e+07 2
220 284 3.540e+07 4
221 157 3.540e+07 2
221 213 3.896e+07 1
221 220 4.200e+07 0
221 222 4.196e+07 0
221 229 3.881e+07 2
221 285 3.540e+07 4
222 158 3.539e+07 2
222 214 3.888e+07 1
222 221 4.198e+07 0
222 223 4.197e+07 0
222 230 3.885e+07 2
222 286 3.539e+07 4
223 159 3.538e+07 2
223 215 3.887e+07 1
223 216 4.197e+07 1
223 222 4.199e+07 0
223 231 3.890e+07 2
223 287 3.536e+07 4
224 160 3.541e+07 2
224 216 3.899e+07 2
224 225 4.196e+07 0
224 231 4.195e+07 1
224 232 3.900e+07 1
224 288 3.539e+07 4
225 161 3.540e+07 2
225 217 3.903e+07 2
225 224 4.198e+07 0
225 226 4.198e+07 0
225 233 3.894e+07 1
225 289 3.538e+07 4
226 162 3.540e+07 2
226 218 3.903e+07 2
226 225 4.200e+07 0
226 227 4.198e+07 0
226 234 3.887e+07 1
226 290 3.540e+07 4
227 163 3.540e+07 2
227 219 3.896e+07 2
227 226 4.200e+07 0
227 228 4.196e+07 1
227 235 3.883e+07 1
227 291 3.539e+07 4
228 164 3.538e+07 2
228 220 3.889e+07 2
228 227 4.198e+07 1
228 229 4.198e+07 0
228 236 3.884e+07 1
228 292 3.538e+07 4
229 165 3.540e+07 2
229 221 3.883e+07 2
229 228 4.200e+07 0
229 230 4.200e+07 0
229 237 3.892e+07 1
229 293 3.537e+07 4
23 15 3.894e+07 1
23 16 4.194e+07 1
23 22 4.200e+07 0
23 31 3.899e+07 1
23 87 3.538e+07 2
23 471 3.538e+07 4
230 166 3.542e+07 2
230 222 3.887e+07 2
230 229 4.203e+07 0
230 231 4.198e+07 0
230 238 3.900e+07 1
230 294 3.538e+07 4
231 167 3.540e+07 2
231 223 3.892e+07 2
231 224 4.193e+07 1
231 230 4.200e+07 0
231 239 3.897e+07 1
231 295 3.539e+07 4
232 168 3.541e+07 2
232 224 3.902e+07 1
232 233 4.197e+07 0
232 239 4.199e+07 1
232 240 3.888e+07 1
232 296 3.540e+07 4
233 169 3.537e+07 2
233 225 3.897e+07 1
233 232 4.199e+07 0
233 234 4.196e+07 0
233 241 3.882e+07 1
233 297 3.540e+07 4
234 170 3.541e+07 2
234 226 3.889e+07 1
234 233 4.198e+07 0
234 235 4.198e+07 0
234 242 3.885e+07 1
234 298 3.539e+07 4
235 171 3.541e+07 2
235 227 3.885e+07 1
235 234 4.200e+07 0
235 236 4.199e+07 1
235 243 3.891e+07 1
235 299 3.539e+07 4
236 172 3.541e+07 2
236 228 3.886e+07 1
236 235 4.201e+07 1
236 237 4.198e+07 0
236 244 3.898e+07 1
236 300 3.538e+07 4
237 173 3.541e+07 2
237 229 3.893e+07 1
237 236 4.200e+07 0
237 238 4.195e+07 0
237 245 3.902e+07 1
237 301 3.537e+07 4
238 174 3.539e+07 2
238 230 3.901e+07 1
238 237 4.197e+07 0
238 239 4.195e+07 0
238 246 3.900e+07 1
238 302 3.538e+07 4
239 175 3.538e+07 2
239 231 3.899e+07 1
239 232 4.198e+07 1
239 238 4.197e+07 0
239 247 3.892e+07 1
239 303 3.537e+07 4
24 16 3.901e+07 1
24 25 4.200e+07 0
24 31 4.199e+07 1
24 32 3.887e+07 2
24 88 3.540e+07 2
24 472 3.538e+07 4
240 176 3.540e+07 2
240 232 3.890e+07 1
240 241 4.197e+07 0
240 247 4.198e+07 1
240 248 3.887e+07 1
240 304 3.538e+07 4
241 177 3.541e+07 2
241 233 3.883e+07 1
241 240 4.199e+07 0
241 242 4.200e+07 0
241 249 3.889e+07 1
241 305 3.538e+07 4
242 178 3.543e+07 2
242 234 3.887e+07 1
242 241 4.202e+07 0
242 243 4.197e+07 0
242 250 3.898e+07 1
242 306 3.538e+07 4
243 179 3.541e+07 2
243 235 3.893e+07 1
243 242 4.200e+07 0
243 244 4.199e+07 1
243 251 3.903e+07 1
243 307 3.539e+07 4
244 180 3.539e+07 2
244 236 3.899e+07 1
244 243 4.201e+07 1
244 245 4.198e+07 0
244 252 3.899e+07 1
244 308 3.539e+07 4
245 181 3.539e+07 2
245 237 3.904e+07 1
245 244 4.200e+07 0
245 246 4.200e+07 0
245 253 3.891e+07 1
245 309 3.539e+07 4
246 182 3.540e+07 2
246 238 3.902e+07 1
246 245 4.201e+07 0
246 247 4.198e+07 0
246 254 3.887e+07 1
246 310 3.540e+07 4
247 183 3.538e+07 2
247 239 3.894e+07 1
247 240 4.196e+07 1
247 246 4.200e+07 0
247 255 3.886e+07 1
247 311 3.538e+07 4
248 184 3.542e+07 2
248 192 3.896e+07 2
248 240 3.889e+07 1
248 249 4.196e+07 0
248 255 4.197e+07 1
248 312 3.539e+07 4
249 185 3.541e+07 2
249 193 3.903e+07 2
249 241 3.891e+07 1
249 248 4.198e+07 0
249 250 4.200e+07 0
249 313 3.537e+07 4
25 17 3.894e+07 1
25 24 4.202e+07 0
25 26 4.199e+07 0
25 33 3.883e+07 2
25 89 3.538e+07 2
25 473 3.537e+07 4
250 186 3.539e+07 2
250 194 3.900e+07 2
250 242 3.900e+07 1
250 249 4.202e+07 0
250 251 4.196e+07 0
250 314 3.537e+07 4
251 187 3.540e+07 2
251 195 3.896e+07 2
251 243 3.905e+07 1
251 250 4.198e+07 0
251 252 4.197e+07 1
251 315 3.539e+07 4
252 188 3.540e+07 2
252 196 3.886e+07 2
252 244 3.901e+07 1
252 251 4.198e+07 1
252 253 4.197e+07 0
252 316 3.539e+07 4
253 189 3.538e+07 2
253 197 3.884e+07 2
253 245 3.894e+07 1
253 252 4.199e+07 0
253 254 4.197e+07 0
253 317 3.539e+07 4
254 190 3.539e+07 2
254 198 3.887e+07 2
254 246 3.889e+07 1
254 253 4.199e+07 0
254 255 4.198e+07 0
254 318 3.536e+07 4
255 191 3.540e+07 2
255 199 3.891e+07 2
255 247 3.888e+07 1
255 248 4.195e+07 1
255 254 4.201e+07 0
255 319 3.536e+07 4
256 192 3.541e+07 4
256 257 4.200e+07 0
256 263 4.203e+07 1
256 264 3.885e+07 1
256 312 3.893e+07 2
256 320 3.540e+07 2
257 193 3.539e+07 4
257 256 4.202e+07 0
257 258 4.200e+07 0
257 265 3.888e+07 1
257 313 3.886e+07 2
257 321 3.539e+07 2
258 194 3.542e+07 4
258 257 4.202e+07 0
258 259 4.201e+07 0
258 266 3.897e+07 1
258 314 3.887e+07 2
258 322 3.537e+07 2
259 195 3.541e+07 4
259 258 4.203e+07 0
259 260 4.201e+07 1
259 267 3.903e+07 1
259 315 3.893e+07 2
259 323 3.539e+07 2
26 18 3.890e+07 1
26 25 4.201e+07 0
26 27 4.198e+07 0
26 34 3.886e+07 2
26 90 3.536e+07 2
26 474 3.538e+07 4
260 196 3.542e+07 4
260 259 4.203e+07 1
260 261 4.200e+07 0
260 268 3.901e+07 1
260 316 3.900e+07 2
260 324 3.539e+07 2
261 197 3.539e+07 4
261 260 4.201e+07 0
261 262 4.200e+07 0
261 269 3.895e+07 1
261 317 3.901e+07 2
261 325 3.540e+07 2
262 198 3.541e+07 4
262 261 4.201e+07 0
262 263 4.198e+07 0
262 270 3.888e+07 1
262 318 3.903e+07 2
262 326 3.539e+07 2
263 199 3.539e+07 4
263 256 4.201e+07 1
263 262 4.200e+07 0
263 271 3.886e+07 1
263 319 3.895e+07 2
263 327 3.539e+07 2
264 200 3.540e+07 4
264 256 3.886e+07 1
264 265 4.200e+07 0
264 271 4.200e+07 1
264 272 3.897e+07 1
264 328 3.539e+07 2
265 201 3.543e+07 4
265 257 3.890e+07 1
265 264 4.202e+07 0
265 266 4.198e+07 0
265 273 3.900e+07 1
265 329 3.538e+07 2
266 202 3.540e+07 4
266 258 3.898e+07 1
266 265 4.200e+07 0
266 267 4.198e+07 0
266 274 3.902e+07 1
266 330 3.538e+07 2
267 203 3.540e+07 4
267 259 3.905e+07 1
267 266 4.200e+07 0
267 268 4.197e+07 1
267 275 3.895e+07 1
267 331 3.538e+07 2
268 204 3.540e+07 4
268 260 3.902e+07 1
268 267 4.198e+07 1
268 269 4.198e+07 0
268 276 3.888e+07 1
268 332 3.539e+07 2
269 205 3.540e+07 4
269 261 3.897e+07 1
269 268 4.200e+07 0
269 270 4.199e+07 0
269 277 3.882e+07 1
269 333 3.540e+07 2
27 19 3.884e+07 1
27 26 4.200e+07 0
27 28 4.202e+07 1
27 35 3.891e+07 2
27 91 3.536e+07 2
27 475 3.538e+07 4
270 206 3.539e+07 4
270 262 3.890e+07 1
270 269 4.202e+07 0
270 271 4.195e+07 0
270 278 3.884e+07 1
270 334 3.539e+07 2
271 207 3.540e+07 4
271 263 3.888e+07 1
271 264 4.198e+07 1
271 270 4.197e+07 0
271 279 3.890e+07 1
271 335 3.536e+07 2
272 208 3.541e+07 4
272 264 3.899e+07 1
272 273 4.198e+07 0
272 279 4.199e+07 1
272 280 3.902e+07 1
272 336 3.539e+07 2
273 209 3.539e+07 4
273 265 3.902e+07 1
273 272 4.200e+07 0
273 274 4.199e+07 0
273 281 3.896e+07 1
273 337 3.539e+07 2
274 210 3.539e+07 4
274 266 3.904e+07 1
274 273 4.201e+07 0
274 275 4.200e+07 0
274 282 3.887e+07 1
274 338 3.540e+07 2
275 211 3.540e+07 4
275 267 3.897e+07 1
275 274 4.202e+07 0
275 276 4.198e+07 1
275 283 3.883e+07 1
275 339 3.540e+07 2
276 212 3.540e+07 4
276 268 3.890e+07 1
276 275 4.200e+07 1
276 277 4.196e+07 0
276 284 3.885e+07 1
276 340 3.537e+07 2
277 213 3.540e+07 4
277 269 3.883e+07 1
277 276 4.198e+07 0
277 278 4.201e+07 0
277 285 3.891e+07 1
277 341 3.538e+07 2
278 214 3.541e+07 4
278 270 3.886e+07 1
278 277 4.203e+07 0
278 279 4.198e+07 0
278 286 3.898e+07 1
278 342 3.538e+07 2
279 215 3.541e+07 4
279 271 3.891e+07 1
279 272 4.197e+07 1
279 278 4.201e+07 0
279 287 3.899e+07 1
279 343 3.537e+07 2
28 20 3.887e+07 1
28 27 4.205e+07 1
28 29 4.200e+07 0
28 36 3.900e+07 2
28 92 3.536e+07 2
28 476 3.542e+07 4
280 216 3.540e+07 4
280 272 3.904e+07 1
280 281 4.200e+07 0
280 287 4.200e+07 1
280 288 3.887e+07 2
280 344 3.541e+07 2
281 217 3.540e+07 4
281 273 3.898e+07 1
281 280 4.202e+07 0
281 282 4.197e+07 0
281 289 3.883e+07 2
281 345 3.540e+07 2
282 218 3.539e+07 4
282 274 3.889e+07 1
282 281 4.199e+07 0
282 283 4.198e+07 0
282 290 3.883e+07 2
282 346 3.537e+07 2
283 219 3.539e+07 4
283 275 3.885e+07 1
283 282 4.200e+07 0
283 284 4.199e+07 1
283 291 3.890e+07 2
283 347 3.539e+07 2
284 220 3.542e+07 4
284 276 3.887e+07 1
284 283 4.201e+07 1
284 285 4.199e+07 0
284 292 3.898e+07 2
284 348 3.538e+07 2
285 221 3.542e+07 4
285 277 3.893e+07 1
285 284 4.201e+07 0
285 286 4.197e+07 0
285 293 3.902e+07 2
285 349 3.539e+07 2
286 222 3.541e+07 4
286 278 3.899e+07 1
286 285 4.199e+07 0
286 287 4.198e+07 0
286 294 3.900e+07 2
286 350 3.539e+07 2
287 223 3.537e+07 4
287 279 3.900e+07 1
287 280 4.198e+07 1
287 286 4.200e+07 0
287 295 3.895e+07 2
287 351 3.536e+07 2
288 224 3.541e+07 4
288 280 3.889e+07 2
288 289 4.199e+07 0
288 295 4.200e+07 1
288 296 3.886e+07 1
288 352 3.539e+07 2
289 225 3.540e+07 4
289 281 3.884e+07 2
289 288 4.202e+07 0
289 290 4.199e+07 0
289 297 3.888e+07 1
289 353 3.538e+07 2
29 21 3.895e+07 1
29 28 4.202e+07 0
29 30 4.198e+07 0
29 37 3.902e+07 2
29 93 3.535e+07 2
29 477 3.536e+07 4
290 226 3.542e+07 4
290 282 3.884e+07 2
290 289 4.202e+07 0
290 291 4.200e+07 0
290 298 3.896e+07 1
290 354 3.539e+07 2
291 227 3.541e+07 4
291 283 3.891e+07 2
291 290 4.202e+07 0
291 292 4.198e+07 1
291 299 3.902e+07 1
291 355 3.537e+07 2
292 228 3.540e+07 4
292 284 3.899e+07 2
292 291 4.200e+07 1
292 293 4.201e+07 0
292 300 3.901e+07 1
292 356 3.537e+07 2
293 229 3.539e+07 4
293 285 3.904e+07 2
293 292 4.203e+07 0
293 294 4.200e+07 0
293 301 3.894e+07 1
293 357 3.539e+07 2
294 230 3.540e+07 4
294 286 3.902e+07 2
294 293 4.202e+07 0
294 295 4.196e+07 0
294 302 3.886e+07 1
294 358 3.539e+07 2
295 231 3.540e+07 4
295 287 3.896e+07 2
295 288 4.198e+07 1
295 294 4.198e+07 0
295 303 3.885e+07 1
295 359 3.538e+07 2
296 232 3.542e+07 4
296 288 3.887e+07 1
296 297 4.197e+07 0
296 303 4.200e+07 1
296 304 3.895e+07 1
296 360 3.539e+07 2
297 233 3.541e+07 4
297 289 3.890e+07 1
297 296 4.200e+07 0
297 298 4.200e+07 0
297 305 3.904e+07 1
297 361 3.538e+07 2
298 234 3.540e+07 4
298 290 3.898e+07 1
298 297 4.202e+07 0
298 299 4.199e+07 0
298 306 3.902e+07 1
298 362 3.538e+07 2
299 235 3.540e+07 4
299 291 3.904e+07 1
299 298 4.201e+07 0
299 300 4.196e+07 1
299 307 3.894e+07 1
299 363 3.540e+07 2
3 2 4.200e+07 0
3 4 4.200e+07 1
3 11 3.903e+07 1
3 59 3.893e+07 2
3 67 3.537e+07 2
3 451 3.540e+07 4
30 22 3.901e+07 1
30 29 4.200e+07 0
30 31 4.200e+07 0
30 38 3.898e+07 2
30 94 3.537e+07 2
30 478 3.538e+07 4
300 236 3.540e+07 4
300 292 3.903e+07 1
300 299 4.198e+07 1
300 301 4.195e+07 0
300 308 3.888e+07 1
300 364 3.539e+07 2
301 237 3.539e+07 4
301 293 3.896e+07 1
301 300 4.197e+07 0
301 302 4.199e+07 0
301 309 3.882e+07 1
301 365 3.539e+07 2
302 238 3.539e+07 4
302 294 3.888e+07 1
302 301 4.201e+07 0
302 303 4.197e+07 0
302 310 3.883e+07 1
302 366 3.538e+07 2
303 239 3.539e+07 4
303 295 3.886e+07 1
303 296 4.197e+07 1
303 302 4.199e+07 0
303 311 3.890e+07 1
303 367 3.537e+07 2
304 240 3.540e+07 4
304 296 3.897e+07 1
304 305 4.198e+07 0
304 311 4.199e+07 1
304 312 3.900e+07 1
304 368 3.538e+07 2
305 241 3.540e+07 4
305 297 3.905e+07 1
305 304 4.200e+07 0
305 306 4.198e+07 0
305 313 3.895e+07 1
305 369 3.540e+07 2
306 242 3.540e+07 4
306 298 3.904e+07 1
306 305 4.200e+07 0
306 307 4.199e+07 0
306 314 3.889e+07 1
306 370 3.540e+07 2
307 243 3.540e+07 4
307 299 3.896e+07 1
307 306 4.200e+07 0
307 308 4.200e+07 1
307 315 3.882e+07 1
307 371 3.538e+07 2
308 244 3.540e+07 4
308 300 3.890e+07 1
308 307 4.202e+07 1
308 309 4.196e+07 0
308 316 3.883e+07 1
308 372 3.539e+07 2
309 245 3.541e+07 4
309 301 3.884e+07 1
309 308 4.198e+07 0
309 310 4.198e+07 0
309 317 3.892e+07 1
309 373 3.538e+07 2
31 23 3.901e+07 1
31 24 4.197e+07 1
31 30 4.202e+07 0
31 39 3.893e+07 2
31 95 3.536e+07 2
31 479 3.540e+07 4
310 246 3.542e+07 4
310 302 3.885e+07 1
310 309 4.201e+07 0
310 311 4.199e+07 0
310 318 3.900e+07 1
310 374 3.539e+07 2
311 247 3.540e+07 4
311 303 3.892e+07 1
311 304 4.197e+07 1
311 310 4.201e+07 0
311 319 3.897e+07 1
311 375 3.536e+07 2
312 248 3.541e+07 4
312 256 3.891e+07 2
312 304 3.902e+07 1
312 313 4.198e+07 0
312 319 4.197e+07 1
312 376 3.540e+07 2
313 249 3.539e+07 4
313 257 3.884e+07 2
313 305 3.897e+07 1
313 312 4.200e+07 0
313 314 4.197e+07 0
313 377 3.540e+07 2
314 250 3.538e+07 4
314 258 3.885e+07 2
314 306 3.891e+07 1
314 313 4.199e+07 0
314 315 4.197e+07 0
314 378 3.538e+07 2
315 251 3.541e+07 4
315 259 3.891e+07 2
315 307 3.884e+07 1
315 314 4.199e+07 0
315 316 4.198e+07 1
315 379 3.537e+07 2
316 252 3.540e+07 4
316 260 3.898e+07 2
316 308 3.885e+07 1
316 315 4.201e+07 1
316 317 4.201e+07 0
316 380 3.537e+07 2
317 253 3.540e+07 4
317 261 3.899e+07 2
317 309 3.893e+07 1
317 316 4.203e+07 0
317 318 4.199e+07 0
317 381 3.537e+07 2
318 254 3.538e+07 4
318 262 3.901e+07 2
318 310 3.902e+07 1
318 317 4.201e+07 0
318 319 4.197e+07 0
318 382 3.538e+07 2
319 255 3.538e+07 4
319 263 3.893e+07 2
319 311 3.899e+07 1
319 312 4.195e+07 1
319 318 4.199e+07 0
319 383 3.539e+07 2
32 24 3.889e+07 2
32 33 4.199e+07 0
32 39 4.199e+07 1
32 40 3.887e+07 1
32 96 3.538e+07 2
32 480 3.539e+07 4
320 256 3.541e+07 2
320 321 4.198e+07 0
320 327 4.198e+07 1
320 328 3.901e+07 1
320 376 3.897e+07 2
320 384 3.539e+07 3
321 257 3.540e+07 2
321 320 4.199e+07 0
321 322 4.197e+07 0
321 329 3.898e+07 1
321 377 3.903e+07 2
321 385 3.537e+07 3
322 258 3.539e+07 2
322 321 4.198e+07 0
322 323 4.198e+07 0
322 330 3.890e+07 1
322 378 3.905e+07 2
322 386 3.539e+07 3
323 259 3.540e+07 2
323 322 4.200e+07 0
323 324 4.198e+07 1
323 331 3.882e+07 1
323 379 3.895e+07 2
323 387 3.541e+07 3
324 260 3.541e+07 2
324 323 4.200e+07 1
324 325 4.195e+07 0
324 332 3.884e+07 1
324 380 3.892e+07 2
324 388 3.539e+07 3
325 261 3.542e+07 2
325 324 4.198e+07 0
325 326 4.199e+07 0
325 333 3.890e+07 1
325 381 3.886e+07 2
325 389 3.538e+07 3
326 262 3.541e+07 2
326 325 4.201e+07 0
326 327 4.199e+07 0
326 334 3.897e+07 1
326 382 3.890e+07 2
326 390 3.538e+07 3
327 263 3.541e+07 2
327 320 4.195e+07 1
327 326 4.201e+07 0
327 335 3.898e+07 1
327 383 3.893e+07 2
327 391 3.538e+07 3
328 264 3.541e+07 2
328 320 3.902e+07 1
328 329 4.200e+07 0
328 335 4.198e+07 1
328 336 3.890e+07 1
328 392 3.540e+07 3
329 265 3.540e+07 2
329 321 3.900e+07 1
329 328 4.202e+07 0
329 330 4.196e+07 0
329 337 3.882e+07 1
329 393 3.540e+07 3
33 25 3.885e+07 2
33 32 4.201e+07 0
33 34 4.200e+07 0
33 41 3.890e+07 1
33 97 3.536e+07 2
33 481 3.539e+07 4
330 266 3.539e+07 2
330 322 3.892e+07 1
330 329 4.198e+07 0
330 331 4.198e+07 0
330 338 3.883e+07 1
330 394 3.539e+07 3
331 267 3.539e+07 2
331 323 3.884e+07 1
331 330 4.201e+07 0
331 332 4.198e+07 1
331 339 3.890e+07 1
331 395 3.537e+07 3
332 268 3.540e+07 2
332 324 3.885e+07 1
332 331 4.200e+07 1
332 333 4.198e+07 0
332 340 3.896e+07 1
332 396 3.536e+07 3
333 269 3.541e+07 2
333 325 3.892e+07 1
333 332 4.200e+07 0
333 334 4.199e+07 0
333 341 3.902e+07 1
333 397 3.538e+07 3
334 270 3.540e+07 2
334 326 3.899e+07 1
334 333 4.201e+07 0
334 335 4.198e+07 0
334 342 3.899e+07 1
334 398 3.537e+07 3
335 271 3.538e+07 2
335 327 3.900e+07 1
335 328 4.196e+07 1
335 334 4.200e+07 0
335 343 3.893e+07 1
335 399 3.537e+07 3
336 272 3.541e+07 2
336 328 3.892e+07 1
336 337 4.197e+07 0
336 343 4.197e+07 1
336 344 3.884e+07 1
336 400 3.540e+07 3
337 273 3.540e+07 2
337 329 3.884e+07 1
337 336 4.200e+07 0
337 338 4.196e+07 0
337 345 3.889e+07 1
337 401 3.536e+07 3
338 274 3.542e+07 2
338 330 3.885e+07 1
338 337 4.198e+07 0
338 339 4.197e+07 0
338 346 3.894e+07 1
338 402 3.538e+07 3
339 275 3.541e+07 2
339 331 3.892e+07 1
339 338 4.199e+07 0
339 340 4.196e+07 1
339 347 3.901e+07 1
339 403 3.538e+07 3
34 26 3.887e+07 2
34 33 4.202e+07 0
34 35 4.197e+07 0
34 42 3.900e+07 1
34 98 3.536e+07 2
34 482 3.540e+07 4
340 276 3.539e+07 2
340 332 3.898e+07 1
340 339 4.198e+07 1
340 341 4.198e+07 0
340 348 3.902e+07 1
340 404 3.538e+07 3
341 277 3.540e+07 2
341 333 3.903e+07 1
341 340 4.199e+07 0
341 342 4.201e+07 0
341 349 3.892e+07 1
341 405 3.539e+07 3
342 278 3.539e+07 2
342 334 3.901e+07 1
342 341 4.202e+07 0
342 343 4.196e+07 0
342 350 3.887e+07 1
342 406 3.540e+07 3
343 279 3.539e+07 2
343 335 3.896e+07 1
343 336 4.195e+07 1
343 342 4.198e+07 0
343 351 3.887e+07 1
343 407 3.538e+07 3
344 280 3.542e+07 2
344 336 3.886e+07 1
344 345 4.198e+07 0
344 351 4.196e+07 1
344 352 3.896e+07 2
344 408 3.538e+07 3
345 281 3.542e+07 2
345 337 3.890e+07 1
345 344 4.201e+07 0
345 346 4.198e+07 0
345 353 3.903e+07 2
345 409 3.537e+07 3
346 282 3.539e+07 2
346 338 3.896e+07 1
346 345 4.200e+07 0
346 347 4.200e+07 0
346 354 3.900e+07 2
346 410 3.538e+07 3
347 283 3.540e+07 2
347 339 3.903e+07 1
347 346 4.201e+07 0
347 348 4.198e+07 1
347 355 3.894e+07 2
347 411 3.539e+07 3
348 284 3.540e+07 2
348 340 3.904e+07 1
348 347 4.200e+07 1
348 349 4.200e+07 0
348 356 3.887e+07 2
348 412 3.540e+07 3
349 285 3.540e+07 2
349 341 3.894e+07 1
349 348 4.201e+07 0
349 350 4.199e+07 0
349 357 3.884e+07 2
349 413 3.539e+07 3
35 27 3.893e+07 2
35 34 4.199e+07 0
35 36 4.197e+07 1
35 43 3.903e+07 1
35 99 3.538e+07 2
35 483 3.540e+07 4
350 286 3.541e+07 2
350 342 3.889e+07 1
350 349 4.201e+07 0
350 351 4.200e+07 0
350 358 3.885e+07 2
350 414 3.538e+07 3
351 287 3.537e+07 2
351 343 3.889e+07 1
351 344 4.194e+07 1
351 350 4.202e+07 0
351 359 3.890e+07 2
351 415 3.536e+07 3
352 288 3.541e+07 2
352 344 3.897e+07 2
352 353 4.200e+07 0
352 359 4.196e+07 1
352 360 3.900e+07 1
352 416 3.537e+07 3
353 289 3.539e+07 2
353 345 3.904e+07 2
353 352 4.202e+07 0
353 354 4.196e+07 0
353 361 3.896e+07 1
353 417 3.539e+07 3
354 290 3.540e+07 2
354 346 3.902e+07 2
354 353 4.198e+07 0
354 355 4.197e+07 0
354 362 3.891e+07 1
354 418 3.539e+07 3
355 291 3.539e+07 2
355 347 3.895e+07 2
355 354 4.199e+07 0
355 356 4.196e+07 1
355 363 3.882e+07 1
355 419 3.539e+07 3
356 292 3.539e+07 2
356 348 3.890e+07 2
356 355 4.198e+07 1
356 357 4.196e+07 0
356 364 3.883e+07 1
356 420 3.539e+07 3
357 293 3.541e+07 2
357 349 3.886e+07 2
357 356 4.198e+07 0
357 358 4.198e+07 0
357 365 3.890e+07 1
357 421 3.537e+07 3
358 294 3.540e+07 2
358 350 3.886e+07 2
358 357 4.200e+07 0
358 359 4.196e+07 0
358 366 3.900e+07 1
358 422 3.537e+07 3
359 295 3.540e+07 2
359 351 3.892e+07 2
359 352 4.194e+07 1
359 358 4.198e+07 0
359 367 3.897e+07 1
359 423 3.539e+07 3
36 28 3.901e+07 2
36 35 4.199e+07 1
36 37 4.198e+07 0
36 44 3.897e+07 1
36 100 3.536e+07 2
36 484 3.538e+07 4
360 296 3.540e+07 2
360 352 3.902e+07 1
360 361 4.200e+07 0
360 367 4.197e+07 1
360 368 3.890e+07 1
360 424 3.541e+07 3
361 297 3.539e+07 2
361 353 3.898e+07 1
361 360 4.202e+07 0
361 362 4.198e+07 0
361 369 3.884e+07 1
361 425 3.539e+07 3
362 298 3.540e+07 2
362 354 3.893e+07 1
362 361 4.200e+07 0
362 363 4.200e+07 0
362 370 3.882e+07 1
362 426 3.539e+07 3
363 299 3.542e+07 2
363 355 3.884e+07 1
363 362 4.202e+07 0
363 364 4.198e+07 1
363 371 3.890e+07 1
363 427 3.538e+07 3
364 300 3.540e+07 2
364 356 3.885e+07 1
364 363 4.201e+07 1
364 365 4.199e+07 0
364 372 3.898e+07 1
364 428 3.537e+07 3
365 301 3.541e+07 2
365 357 3.891e+07 1
365 364 4.201e+07 0
365 366 4.200e+07 0
365 373 3.902e+07 1
365 429 3.538e+07 3
366 302 3.539e+07 2
366 358 3.901e+07 1
366 365 4.202e+07 0
366 367 4.197e+07 0
366 374 3.900e+07 1
366 430 3.538e+07 3
367 303 3.539e+07 2
367 359 3.899e+07 1
367 360 4.196e+07 1
367 366 4.198e+07 0
367 375 3.894e+07 1
367 431 3.537e+07 3
368 304 3.540e+07 2
368 360 3.891e+07 1
368 369 4.197e+07 0
368 375 4.198e+07 1
368 376 3.886e+07 1
368 432 3.537e+07 3
369 305 3.542e+07 2
369 361 3.886e+07 1
369 368 4.199e+07 0
369 370 4.197e+07 0
369 377 3.890e+07 1
369 433 3.537e+07 3
37 29 3.903e+07 2
37 36 4.200e+07 0
37 38 4.199e+07 0
37 45 3.893e+07 1
37 101 3.538e+07 2
37 485 3.538e+07 4
370 306 3.541e+07 2
370 362 3.884e+07 1
370 369 4.199e+07 0
370 371 4.199e+07 0
370 378 3.897e+07 1
370 434 3.538e+07 3
371 307 3.540e+07 2
371 363 3.891e+07 1
371 370 4.201e+07 0
371 372 4.197e+07 1
371 379 3.902e+07 1
371 435 3.537e+07 3
372 308 3.540e+07 2
372 364 3.900e+07 1
372 371 4.199e+07 1
372 373 4.198e+07 0
372 380 3.900e+07 1
372 436 3.539e+07 3
373 309 3.539e+07 2
373 365 3.903e+07 1
373 372 4.200e+07 0
373 374 4.199e+07 0
373 381 3.894e+07 1
373 437 3.540e+07 3
374 310 3.540e+07 2
374 366 3.902e+07 1
374 373 4.201e+07 0
374 375 4.198e+07 0
374 382 3.887e+07 1
374 438 3.540e+07 3
375 311 3.538e+07 2
375 367 3.896e+07 1
375 368 4.196e+07 1
375 374 4.200e+07 0
375 383 3.885e+07 1
375 439 3.540e+07 3
376 312 3.541e+07 2
376 320 3.895e+07 2
376 368 3.888e+07 1
376 377 4.199e+07 0
376 383 4.198e+07 1
376 440 3.538e+07 3
377 313 3.541e+07 2
377 321 3.902e+07 2
377 369 3.892e+07 1
377 376 4.202e+07 0
377 378 4.195e+07 0
377 441 3.538e+07 3
378 314 3.540e+07 2
378 322 3.903e+07 2
378 370 3.899e+07 1
378 377 4.197e+07 0
378 379 4.200e+07 0
378 442 3.537e+07 3
379 315 3.539e+07 2
379 323 3.893e+07 2
379 371 3.904e+07 1
379 378 4.202e+07 0
379 380 4.200e+07 1
379 443 3.539e+07 3
38 30 3.900e+07 2
38 37 4.200e+07 0
38 39 4.197e+07 0
38 46 3.884e+07 1
38 102 3.538e+07 2
38 486 3.539e+07 4
380 316 3.538e+07 2
380 324 3.890e+07 2
380 372 3.902e+07 1
380 379 4.201e+07 1
380 381 4.199e+07 0
380 444 3.539e+07 3
381 317 3.539e+07 2
381 325 3.885e+07 2
381 373 3.896e+07 1
381 380 4.201e+07 0
381 382 4.199e+07 0
381 445 3.540e+07 3
382 318 3.540e+07 2
382 326 3.888e+07 2
382 374 3.889e+07 1
382 381 4.201e+07 0
382 383 4.197e+07 0
382 446 3.537e+07 3
383 319 3.540e+07 2
383 327 3.892e+07 2
383 375 3.888e+07 1
383 376 4.196e+07 1
383 382 4.199e+07 0
383 447 3.536e+07 3
384 320 3.540e+07 3
384 385 4.200e+07 0
384 391 4.199e+07 1
384 392 3.883e+07 1
384 440 3.895e+07 2
384 448 3.541e+07 2
385 321 3.539e+07 3
385 384 4.203e+07 0
385 386 4.200e+07 0
385 393 3.888e+07 1
385 441 3.885e+07 2
385 449 3.537e+07 2
386 322 3.541e+07 3
386 385 4.202e+07 0
386 387 4.201e+07 0
386 394 3.896e+07 1
386 442 3.886e+07 2
386 450 3.539e+07 2
387 323 3.543e+07 3
387 386 4.203e+07 0
387 388 4.197e+07 1
387 395 3.902e+07 1
387 443 3.892e+07 2
387 451 3.539e+07 2
388 324 3.541e+07 3
388 387 4.199e+07 1
388 389 4.199e+07 0
388 396 3.901e+07 1
388 444 3.898e+07 2
388 452 3.537e+07 2
389 325 3.540e+07 3
389 388 4.201e+07 0
389 390 4.200e+07 0
389 397 3.896e+07 1
389 445 3.904e+07 2
389 453 3.539e+07 2
39 31 3.895e+07 2
39 32 4.197e+07 1
39 38 4.199e+07 0
39 47 3.886e+07 1
39 103 3.538e+07 2
39 487 3.535e+07 4
390 326 3.540e+07 3
390 389 4.202e+07 0
390 391 4.198e+07 0
390 398 3.888e+07 1
390 446 3.901e+07 2
390 454 3.540e+07 2
391 327 3.539e+07 3
391 384 4.197e+07 1
391 390 4.200e+07 0
391 399 3.886e+07 1
391 447 3.897e+07 2
391 455 3.537e+07 2
392 328 3.542e+07 3
392 384 3.885e+07 1
392 393 4.198e+07 0
392 399 4.199e+07 1
392 400 3.896e+07 1
392 456 3.539e+07 2
393 329 3.542e+07 3
393 385 3.890e+07 1
393 392 4.201e+07 0
393 394 4.198e+07 0
393 401 3.900e+07 1
393 457 3.538e+07 2
394 330 3.541e+07 3
394 386 3.898e+07 1
394 393 4.200e+07 0
394 395 4.199e+07 0
394 402 3.903e+07 1
394 458 3.537e+07 2
395 331 3.539e+07 3
395 387 3.903e+07 1
395 394 4.201e+07 0
395 396 4.199e+07 1
395 403 3.895e+07 1
395 459 3.538e+07 2
396 332 3.537e+07 3
396 388 3.903e+07 1
396 395 4.201e+07 1
396 397 4.198e+07 0
396 404 3.888e+07 1
396 460 3.540e+07 2
397 333 3.539e+07 3
397 389 3.898e+07 1
397 396 4.200e+07 0
397 398 4.200e+07 0
397 405 3.884e+07 1
397 461 3.538e+07 2
398 334 3.539e+07 3
398 390 3.889e+07 1
398 397 4.202e+07 0
398 399 4.198e+07 0
398 406 3.884e+07 1
398 462 3.539e+07 2
399 335 3.538e+07 3
399 391 3.888e+07 1
399 392 4.197e+07 1
399 398 4.200e+07 0
399 407 3.889e+07 1
399 463 3.537e+07 2
4 3 4.202e+07 1
4 5 4.198e+07 0
4 12 3.898e+07 1
4 60 3.900e+07 2
4 68 3.536e+07 2
4 452 3.538e+07 4
40 32 3.889e+07 1
40 41 4.197e+07 0
40 47 4.199e+07 1
40 48 3.899e+07 1
40 104 3.537e+07 2
40 488 3.541e+07 4
400 336 3.541e+07 3
400 392 3.897e+07 1
400 401 4.199e+07 0
400 407 4.201e+07 1
400 408 3.901e+07 1
400 464 3.539e+07 2
401 337 3.537e+07 3
401 393 3.902e+07 1
401 400 4.201e+07 0
401 402 4.197e+07 0
401 409 3.896e+07 1
401 465 3.537e+07 2
402 338 3.540e+07 3
402 394 3.905e+07 1
402 401 4.199e+07 0
402 403 4.199e+07 0
402 410 3.890e+07 1
402 466 3.541e+07 2
403 339 3.540e+07 3
403 395 3.897e+07 1
403 402 4.201e+07 0
403 404 4.199e+07 1
403 411 3.883e+07 1
403 467 3.540e+07 2
404 340 3.539e+07 3
404 396 3.890e+07 1
404 403 4.201e+07 1
404 405 4.197e+07 0
404 412 3.884e+07 1
404 468 3.539e+07 2
405 341 3.541e+07 3
405 397 3.886e+07 1
405 404 4.199e+07 0
405 406 4.198e+07 0
405 413 3.891e+07 1
405 469 3.537e+07 2
406 342 3.542e+07 3
406 398 3.886e+07 1
406 405 4.200e+07 0
406 407 4.197e+07 0
406 414 3.897e+07 1
406 470 3.539e+07 2
407 343 3.540e+07 3
407 399 3.891e+07 1
407 400 4.199e+07 1
407 406 4.199e+07 0
407 415 3.898e+07 1
407 471 3.537e+07 2
408 344 3.540e+07 3
408 400 3.903e+07 1
408 409 4.200e+07 0
408 415 4.197e+07 1
408 416 3.891e+07 2
408 472 3.541e+07 2
409 345 3.539e+07 3
409 401 3.898e+07 1
409 408 4.201e+07 0
409 410 4.198e+07 0
409 417 3.884e+07 2
409 473 3.541e+07 2
41 33 3.892e+07 1
41 40 4.200e+07 0
41 42 4.202e+07 0
41 49 3.900e+07 1
41 105 3.537e+07 2
41 489 3.540e+07 4
410 346 3.540e+07 3
410 402 3.892e+07 1
410 409 4.200e+07 0
410 411 4.198e+07 0
410 418 3.884e+07 2
410 474 3.538e+07 2
411 347 3.540e+07 3
411 403 3.885e+07 1
411 410 4.200e+07 0
411 412 4.199e+07 1
411 419 3.889e+07 2
411 475 3.537e+07 2
412 348 3.541e+07 3
412 404 3.885e+07 1
412 411 4.201e+07 1
412 413 4.199e+07 0
412 420 3.897e+07 2
412 476 3.538e+07 2
413 349 3.541e+07 3
413 405 3.892e+07 1
413 412 4.201e+07 0
413 414 4.198e+07 0
413 421 3.902e+07 2
413 477 3.538e+07 2
414 350 3.540e+07 3
414 406 3.898e+07 1
414 413 4.200e+07 0
414 415 4.196e+07 0
414 422 3.902e+07 2
414 478 3.537e+07 2
415 351 3.538e+07 3
415 407 3.900e+07 1
415 408 4.195e+07 1
415 414 4.198e+07 0
415 423 3.894e+07 2
415 479 3.537e+07 2
416 352 3.539e+07 3
416 408 3.893e+07 2
416 417 4.198e+07 0
416 423 4.199e+07 1
416 424 3.886e+07 1
416 480 3.541e+07 2
417 353 3.541e+07 3
417 409 3.886e+07 2
417 416 4.200e+07 0
417 418 4.199e+07 0
417 425 3.889e+07 1
417 481 3.539e+07 2
418 354 3.541e+07 3
418 410 3.885e+07 2
418 417 4.201e+07 0
418 419 4.200e+07 0
418 426 3.896e+07 1
418 482 3.539e+07 2
419 355 3.541e+07 3
419 411 3.891e+07 2
419 418 4.202e+07 0
419 420 4.197e+07 1
419 427 3.901e+07 1
419 483 3.538e+07 2
42 34 3.901e+07 1
42 41 4.204e+07 0
42 43 4.198e+07 0
42 50 3.900e+07 1
42 106 3.538e+07 2
42 490 3.538e+07 4
420 356 3.540e+07 3
420 412 3.898e+07 2
420 419 4.199e+07 1
420 421 4.197e+07 0
420 428 3.903e+07 1
420 484 3.538e+07 2
421 357 3.538e+07 3
421 413 3.903e+07 2
421 420 4.198e+07 0
421 422 4.200e+07 0
421 429 3.895e+07 1
421 485 3.538e+07 2
422 358 3.538e+07 3
422 414 3.904e+07 2
422 421 4.202e+07 0
422 423 4.199e+07 0
422 430 3.886e+07 1
422 486 3.539e+07 2
423 359 3.541e+07 3
423 415 3.896e+07 2
423 416 4.197e+07 1
423 422 4.200e+07 0
423 431 3.885e+07 1
423 487 3.539e+07 2
424 360 3.543e+07 3
424 416 3.888e+07 1
424 425 4.201e+07 0
424 431 4.200e+07 1
424 432 3.897e+07 1
424 488 3.540e+07 2
425 361 3.541e+07 3
425 417 3.891e+07 1
425 424 4.203e+07 0
425 426 4.197e+07 0
425 433 3.901e+07 1
425 489 3.538e+07 2
426 362 3.540e+07 3
426 418 3.897e+07 1
426 425 4.199e+07 0
426 427 4.200e+07 0
426 434 3.901e+07 1
426 490 3.538e+07 2
427 363 3.540e+07 3
427 419 3.903e+07 1
427 426 4.202e+07 0
427 428 4.199e+07 1
427 435 3.895e+07 1
427 491 3.538e+07 2
428 364 3.539e+07 3
428 420 3.904e+07 1
428 427 4.201e+07 1
428 429 4.199e+07 0
428 436 3.887e+07 1
428 492 3.540e+07 2
429 365 3.540e+07 3
429 421 3.896e+07 1
429 428 4.200e+07 0
429 430 4.199e+07 0
429 437 3.883e+07 1
429 493 3.539e+07 2
43 35 3.905e+07 1
43 42 4.200e+07 0
43 44 4.198e+07 1
43 51 3.892e+07 1
43 107 3.537e+07 2
43 491 3.537e+07 4
430 366 3.539e+07 3
430 422 3.888e+07 1
430 429 4.201e+07 0
430 431 4.197e+07 0
430 438 3.884e+07 1
430 494 3.538e+07 2
431 367 3.538e+07 3
431 423 3.887e+07 1
431 424 4.198e+07 1
431 430 4.199e+07 0
431 439 3.891e+07 1
431 495 3.537e+07 2
432 368 3.539e+07 3
432 424 3.898e+07 1
432 433 4.197e+07 0
432 439 4.198e+07 1
432 440 3.901e+07 1
432 496 3.538e+07 2
433 369 3.539e+07 3
433 425 3.903e+07 1
433 432 4.198e+07 0
433 434 4.197e+07 0
433 441 3.894e+07 1
433 497 3.540e+07 2
434 370 3.540e+07 3
434 426 3.903e+07 1
434 433 4.199e+07 0
434 435 4.201e+07 0
434 442 3.888e+07 1
434 498 3.541e+07 2
435 371 3.539e+07 3
435 427 3.897e+07 1
435 434 4.203e+07 0
435 436 4.197e+07 1
435 443 3.882e+07 1
435 499 3.538e+07 2
436 372 3.541e+07 3
436 428 3.889e+07 1
436 435 4.199e+07 1
436 437 4.199e+07 0
436 444 3.886e+07 1
436 500 3.538e+07 2
437 373 3.541e+07 3
437 429 3.885e+07 1
437 436 4.201e+07 0
437 438 4.199e+07 0
437 445 3.892e+07 1
437 501 3.538e+07 2
438 374 3.541e+07 3
438 430 3.886e+07 1
438 437 4.201e+07 0
438 439 4.198e+07 0
438 446 3.898e+07 1
438 502 3.538e+07 2
439 375 3.541e+07 3
439 431 3.892e+07 1
439 432 4.196e+07 1
439 438 4.200e+07 0
439 447 3.898e+07 1
439 503 3.535e+07 2
44 36 3.899e+07 1
44 43 4.200e+07 1
44 45 4.200e+07 0
44 52 3.884e+07 1
44 108 3.538e+07 2
44 492 3.540e+07 4
440 376 3.539e+07 3
440 384 3.892e+07 2
440 432 3.903e+07 1
440 441 4.198e+07 0
440 447 4.197e+07 1
440 504 3.539e+07 2
441 377 3.540e+07 3
441 385 3.883e+07 2
441 433 3.896e+07 1
441 440 4.200e+07 0
441 442 4.197e+07 0
441 505 3.540e+07 2
442 378 3.539e+07 3
442 386 3.885e+07 2
442 434 3.890e+07 1
442 441 4.199e+07 0
442 443 4.198e+07 0
442 506 3.537e+07 2
443 379 3.541e+07 3
443 387 3.890e+07 2
443 435 3.883e+07 1
443 442 4.201e+07 0
443 444 4.196e+07 1
443 507 3.536e+07 2
444 380 3.540e+07 3
444 388 3.896e+07 2
444 436 3.888e+07 1
444 443 4.199e+07 1
444 445 4.199e+07 0
444 508 3.538e+07 2
445 381 3.542e+07 3
445 389 3.902e+07 2
445 437 3.893e+07 1
445 444 4.201e+07 0
445 446 4.200e+07 0
445 509 3.538e+07 2
446 382 3.539e+07 3
446 390 3.899e+07 2
446 438 3.900e+07 1
446 445 4.202e+07 0
446 447 4.197e+07 0
446 510 3.537e+07 2
447 383 3.538e+07 3
447 391 3.895e+07 2
447 439 3.900e+07 1
447 440 4.194e+07 1
447 446 4.198e+07 0
447 511 3.538e+07 2
448 0 3.537e+07 4
448 384 3.541e+07 2
448 449 4.197e+07 0
448 455 4.194e+07 1
448 456 3.902e+07 1
448 504 3.896e+07 2
449 1 3.539e+07 4
449 385 3.537e+07 2
449 448 4.199e+07 0
449 450 4.196e+07 0
449 457 3.897e+07 1
449 505 3.903e+07 2
45 37 3.895e+07 1
45 44 4.202e+07 0
45 46 4.202e+07 0
45 53 3.884e+07 1
45 109 3.538e+07 2
45 493 3.538e+07 4
450 2 3.539e+07 4
450 386 3.540e+07 2
450 449 4.198e+07 0
450 451 4.198e+07 0
450 458 3.890e+07 1
450 506 3.904e+07 2
451 3 3.539e+07 4
451 387 3.540e+07 2
451 450 4.200e+07 0
451 452 4.198e+07 1
451 459 3.885e+07 1
451 507 3.898e+07 2
452 4 3.537e+07 4
452 388 3.537e+07 2
452 451 4.200e+07 1
452 453 4.199e+07 0
452 460 3.883e+07 1
452 508 3.892e+07 2
453 5 3.539e+07 4
453 389 3.540e+07 2
453 452 4.201e+07 0
453 454 4.200e+07 0
453 461 3.889e+07 1
453 509 3.887e+07 2
454 6 3.537e+07 4
454 390 3.540e+07 2
454 453 4.203e+07 0
454 455 4.197e+07 0
454 462 3.897e+07 1
454 510 3.887e+07 2
455 7 3.536e+07 4
455 391 3.538e+07 2
455 448 4.192e+07 1
455 454 4.200e+07 0
455 463 3.898e+07 1
455 511 3.891e+07 2
456 8 3.540e+07 4
456 392 3.540e+07 2
456 448 3.904e+07 1
456 457 4.198e+07 0
456 463 4.193e+07 1
456 464 3.890e+07 1
457 9 3.539e+07 4
457 393 3.539e+07 2
457 449 3.899e+07 1
457 456 4.200e+07 0
457 458 4.198e+07 0
457 465 3.884e+07 1
458 10 3.535e+07 4
458 394 3.537e+07 2
458 450 3.893e+07 1
458 457 4.200e+07 0
458 459 4.199e+07 0
458 466 3.884e+07 1
459 11 3.536e+07 4
459 395 3.539e+07 2
459 451 3.886e+07 1
459 458 4.201e+07 0
459 460 4.199e+07 1
459 467 3.887e+07 1
46 38 3.886e+07 1
46 45 4.204e+07 0
46 47 4.198e+07 0
46 54 3.885e+07 1
46 110 3.536e+07 2
46 494 3.537e+07 4
460 12 3.538e+07 4
460 396 3.541e+07 2
460 452 3.884e+07 1
460 459 4.201e+07 1
460 461 4.196e+07 0
460 468 3.896e+07 1
461 13 3.535e+07 4
461 397 3.539e+07 2
461 453 3.891e+07 1
461 460 4.198e+07 0
461 462 4.198e+07 0
461 469 3.901e+07 1
462 14 3.540e+07 4
462 398 3.540e+07 2
462 454 3.899e+07 1
462 461 4.200e+07 0
462 463 4.200e+07 0
462 470 3.900e+07 1
463 15 3.536e+07 4
463 399 3.537e+07 2
463 455 3.900e+07 1
463 456 4.191e+07 1
463 462 4.202e+07 0
463 471 3.895e+07 1
464 16 3.537e+07 4
464 400 3.539e+07 2
464 456 3.892e+07 1
464 465 4.198e+07 0
464 471 4.198e+07 1
464 472 3.884e+07 1
465 17 3.538e+07 4
465 401 3.538e+07 2
465 457 3.886e+07 1
465 464 4.200e+07 0
465 466 4.199e+07 0
465 473 3.889e+07 1
466 18 3.538e+07 4
466 402 3.541e+07 2
466 458 3.886e+07 1
466 465 4.201e+07 0
466 467 4.198e+07 0
466 474 3.896e+07 1
467 19 3.537e+07 4
467 403 3.541e+07 2
467 459 3.888e+07 1
467 466 4.200e+07 0
467 468 4.199e+07 1
467 475 3.900e+07 1
468 20 3.537e+07 4
468 404 3.540e+07 2
468 460 3.898e+07 1
468 467 4.201e+07 1
468 469 4.198e+07 0
468 476 3.902e+07 1
469 21 3.539e+07 4
469 405 3.538e+07 2
469 461 3.903e+07 1
469 468 4.200e+07 0
469 470 4.198e+07 0
469 477 3.895e+07 1
47 39 3.888e+07 1
47 40 4.197e+07 1
47 46 4.201e+07 0
47 55 3.893e+07 1
47 111 3.536e+07 2
47 495 3.539e+07 4
470 22 3.538e+07 4
470 406 3.539e+07 2
470 462 3.902e+07 1
470 469 4.200e+07 0
470 471 4.200e+07 0
470 478 3.889e+07 1
471 23 3.537e+07 4
471 407 3.537e+07 2
471 463 3.897e+07 1
471 464 4.196e+07 1
471 470 4.202e+07 0
471 479 3.887e+07 1
472 24 3.537e+07 4
472 408 3.541e+07 2
472 464 3.886e+07 1
472 473 4.198e+07 0
472 479 4.197e+07 1
472 480 3.895e+07 2
473 25 3.536e+07 4
473 409 3.541e+07 2
473 465 3.891e+07 1
473 472 4.201e+07 0
473 474 4.198e+07 0
473 481 3.900e+07 2
474 26 3.537e+07 4
474 410 3.539e+07 2
474 466 3.897e+07 1
474 473 4.200e+07 0
474 475 4.196e+07 0
474 482 3.903e+07 2
475 27 3.537e+07 4
475 411 3.538e+07 2
475 467 3.901e+07 1
475 474 4.198e+07 0
475 476 4.197e+07 1
475 483 3.894e+07 2
476 28 3.540e+07 4
476 412 3.538e+07 2
476 468 3.904e+07 1
476 475 4.199e+07 1
476 477 4.197e+07 0
476 484 3.890e+07 2
477 29 3.535e+07 4
477 413 3.539e+07 2
477 469 3.897e+07 1
477 476 4.199e+07 0
477 478 4.200e+07 0
477 485 3.881e+07 2
478 30 3.536e+07 4
478 414 3.538e+07 2
478 470 3.891e+07 1
478 477 4.202e+07 0
478 479 4.199e+07 0
478 486 3.883e+07 2
479 31 3.538e+07 4
479 415 3.537e+07 2
479 471 3.889e+07 1
479 472 4.195e+07 1
479 478 4.201e+07 0
479 487 3.891e+07 2
48 40 3.900e+07 1
48 49 4.198e+07 0
48 55 4.198e+07 1
48 56 3.899e+07 1
48 112 3.537e+07 2
48 496 3.541e+07 4
480 32 3.537e+07 4
480 416 3.541e+07 2
480 472 3.897e+07 2
480 481 4.197e+07 0
480 487 4.196e+07 1
480 488 3.902e+07 1
481 33 3.538e+07 4
481 417 3.539e+07 2
481 473 3.901e+07 2
481 480 4.199e+07 0
481 482 4.198e+07 0
481 489 3.896e+07 1
482 34 3.539e+07 4
482 418 3.539e+07 2
482 474 3.905e+07 2
482 481 4.200e+07 0
482 483 4.199e+07 0
482 490 3.890e+07 1
483 35 3.539e+07 4
483 419 3.538e+07 2
483 475 3.896e+07 2
483 482 4.201e+07 0
483 484 4.197e+07 1
483 491 3.884e+07 1
484 36 3.537e+07 4
484 420 3.538e+07 2
484 476 3.892e+07 2
484 483 4.199e+07 1
484 485 4.197e+07 0
484 492 3.884e+07 1
485 37 3.536e+07 4
485 421 3.538e+07 2
485 477 3.883e+07 2
485 484 4.199e+07 0
485 486 4.199e+07 0
485 493 3.890e+07 1
486 38 3.538e+07 4
486 422 3.540e+07 2
486 478 3.885e+07 2
486 485 4.202e+07 0
486 487 4.197e+07 0
486 494 3.895e+07 1
487 39 3.533e+07 4
487 423 3.539e+07 2
487 479 3.893e+07 2
487 480 4.194e+07 1
487 486 4.199e+07 0
487 495 3.898e+07 1
488 40 3.539e+07 4
488 424 3.541e+07 2
488 480 3.904e+07 1
488 489 4.200e+07 0
488 495 4.197e+07 1
488 496 3.891e+07 1
489 41 3.539e+07 4
489 425 3.538e+07 2
489 481 3.898e+07 1
489 488 4.201e+07 0
489 490 4.199e+07 0
489 497 3.882e+07 1
49 41 3.902e+07 1
49 48 4.200e+07 0
49 50 4.198e+07 0
49 57 3.893e+07 1
49 113 3.538e+07 2
49 497 3.538e+07 4
490 42 3.536e+07 4
490 426 3.539e+07 2
490 482 3.892e+07 1
490 489 4.201e+07 0
490 491 4.200e+07 0
490 498 3.886e+07 1
491 43 3.535e+07 4
491 427 3.538e+07 2
491 483 3.886e+07 1
491 490 4.202e+07 0
491 492 4.198e+07 1
491 499 3.888e+07 1
492 44 3.538e+07 4
492 428 3.541e+07 2
492 484 3.886e+07 1
492 491 4.200e+07 1
492 493 4.196e+07 0
492 500 3.896e+07 1
493 45 3.536e+07 4
493 429 3.540e+07 2
493 485 3.892e+07 1
493 492 4.198e+07 0
493 494 4.197e+07 0
493 501 3.902e+07 1
494 46 3.535e+07 4
494 430 3.539e+07 2
494 486 3.897e+07 1
494 493 4.200e+07 0
494 495 4.200e+07 0
494 502 3.900e+07 1
495 47 3.538e+07 4
495 431 3.537e+07 2
495 487 3.900e+07 1
495 488 4.195e+07 1
495 494 4.202e+07 0
495 503 3.894e+07 1
496 48 3.539e+07 4
496 432 3.538e+07 2
496 488 3.893e+07 1
496 497 4.198e+07 0
496 503 4.198e+07 1
496 504 3.886e+07 1
497 49 3.537e+07 4
497 433 3.540e+07 2
497 489 3.884e+07 1
497 496 4.200e+07 0
497 498 4.199e+07 0
497 505 3.889e+07 1
498 50 3.537e+07 4
498 434 3.541e+07 2
498 490 3.887e+07 1
498 497 4.201e+07 0
498 499 4.198e+07 0
498 506 3.896e+07 1
499 51 3.536e+07 4
499 435 3.539e+07 2
499 491 3.890e+07 1
499 498 4.200e+07 0
499 500 4.198e+07 1
499 507 3.901e+07 1
5 4 4.200e+07 0
5 6 4.199e+07 0
5 13 3.893e+07 1
5 61 3.906e+07 2
5 69 3.539e+07 2
5 453 3.540e+07 4
50 42 3.902e+07 1
50 49 4.200e+07 0
50 51 4.198e+07 0
50 58 3.886e+07 1
50 114 3.538e+07 2
50 498 3.539e+07 4
500 52 3.538e+07 4
500 436 3.539e+07 2
500 492 3.898e+07 1
500 499 4.200e+07 1
500 501 4.198e+07 0
500 508 3.902e+07 1
501 53 3.537e+07 4
501 437 3.538e+07 2
501 493 3.903e+07 1
501 500 4.200e+07 0
501 502 4.199e+07 0
501 509 3.895e+07 1
502 54 3.539e+07 4
502 438 3.539e+07 2
502 494 3.901e+07 1
502 501 4.200e+07 0
502 503 4.199e+07 0
502 510 3.887e+07 1
503 55 3.536e+07 4
503 439 3.536e+07 2
503 495 3.896e+07 1
503 496 4.196e+07 1
503 502 4.201e+07 0
503 511 3.887e+07 1
504 56 3.535e+07 4
504 440 3.540e+07 2
504 448 3.894e+07 2
504 496 3.887e+07 1
504 505 4.199e+07 0
504 511 4.200e+07 1
505 57 3.535e+07 4
505 441 3.540e+07 2
505 449 3.901e+07 2
505 497 3.891e+07 1
505 504 4.201e+07 0
505 506 4.199e+07 0
506 58 3.536e+07 4
506 442 3.538e+07 2
506 450 3.903e+07 2
506 498 3.898e+07 1
506 505 4.201e+07 0
506 507 4.198e+07 0
507 59 3.537e+07 4
507 443 3.537e+07 2
507 451 3.896e+07 2
507 499 3.902e+07 1
507 506 4.200e+07 0
507 508 4.198e+07 1
508 60 3.538e+07 4
508 444 3.539e+07 2
508 452 3.889e+07 2
508 500 3.904e+07 1
508 507 4.199e+07 1
508 509 4.198e+07 0
509 61 3.538e+07 4
509 445 3.538e+07 2
509 453 3.885e+07 2
509 501 3.897e+07 1
509 508 4.200e+07 0
509 510 4.201e+07 0
51 43 3.894e+07 1
51 50 4.200e+07 0
51 52 4.200e+07 1
51 59 3.882e+07 1
51 115 3.538e+07 2
51 499 3.538e+07 4
510 62 3.536e+07 4
510 446 3.538e+07 2
510 454 3.886e+07 2
510 502 3.889e+07 1
510 509 4.203e+07 0
510 511 4.197e+07 0
511 63 3.535e+07 4
511 447 3.539e+07 2
511 455 3.890e+07 2
511 503 3.889e+07 1
511 504 4.198e+07 1
511 510 4.199e+07 0
52 44 3.886e+07 1
52 51 4.202e+07 1
52 53 4.197e+07 0
52 60 3.886e+07 1
52 116 3.536e+07 2
52 500 3.539e+07 4
53 45 3.886e+07 1
53 52 4.199e+07 0
53 54 4.197e+07 0
53 61 3.894e+07 1
53 117 3.537e+07 2
53 501 3.539e+07 4
54 46 3.887e+07 1
54 53 4.199e+07 0
54 55 4.202e+07 0
54 62 3.900e+07 1
54 118 3.536e+07 2
54 502 3.541e+07 4
55 47 3.894e+07 1
55 48 4.195e+07 1
55 54 4.204e+07 0
55 63 3.898e+07 1
55 119 3.535e+07 2
55 503 3.538e+07 4
56 0 3.891e+07 2
56 48 3.901e+07 1
56 57 4.199e+07 0
56 63 4.199e+07 1
56 120 3.538e+07 2
56 504 3.537e+07 4
57 1 3.882e+07 2
57 49 3.895e+07 1
57 56 4.202e+07 0
57 58 4.199e+07 0
57 121 3.537e+07 2
57 505 3.536e+07 4
58 2 3.886e+07 2
58 50 3.889e+07 1
58 57 4.201e+07 0
58 59 4.196e+07 0
58 122 3.538e+07 2
58 506 3.538e+07 4
59 3 3.891e+07 2
59 51 3.884e+07 1
59 58 4.198e+07 0
59 60 4.200e+07 1
59 123 3.537e+07 2
59 507 3.538e+07 4
6 5 4.200e+07 0
6 7 4.197e+07 0
6 14 3.885e+07 1
6 62 3.899e+07 2
6 70 3.541e+07 2
6 454 3.539e+07 4
60 4 3.899e+07 2
60 52 3.888e+07 1
60 59 4.202e+07 1
60 61 4.199e+07 0
60 124 3.536e+07 2
60 508 3.540e+07 4
61 5 3.904e+07 2
61 53 3.896e+07 1
61 60 4.201e+07 0
61 62 4.199e+07 0
61 125 3.536e+07 2
61 509 3.540e+07 4
62 6 3.897e+07 2
62 54 3.901e+07 1
62 61 4.201e+07 0
62 63 4.200e+07 0
62 126 3.536e+07 2
62 510 3.538e+07 4
63 7 3.892e+07 2
63 55 3.900e+07 1
63 56 4.197e+07 1
63 62 4.202e+07 0
63 127 3.536e+07 2
63 511 3.536e+07 4
64 0 3.542e+07 2
64 65 4.197e+07 0
64 71 4.196e+07 1
64 72 3.902e+07 1
64 120 3.899e+07 2
64 128 3.538e+07 3
65 1 3.539e+07 2
65 64 4.198e+07 0
65 66 4.196e+07 0
65 73 3.894e+07 1
65 121 3.905e+07 2
65 129 3.539e+07 3
66 2 3.540e+07 2
66 65 4.198e+07 0
66 67 4.198e+07 0
66 74 3.888e+07 1
66 122 3.903e+07 2
66 130 3.538e+07 3
67 3 3.540e+07 2
67 66 4.199e+07 0
67 68 4.198e+07 1
67 75 3.882e+07 1
67 123 3.896e+07 2
67 131 3.541e+07 3
68 4 3.538e+07 2
68 67 4.200e+07 1
68 69 4.198e+07 0
68 76 3.884e+07 1
68 124 3.889e+07 2
68 132 3.537e+07 3
69 5 3.541e+07 2
69 68 4.200e+07 0
69 70 4.199e+07 0
69 77 3.892e+07 1
69 125 3.887e+07 2
69 133 3.536e+07 3
7 0 4.201e+07 1
7 6 4.199e+07 0
7 15 3.885e+07 1
7 63 3.894e+07 2
7 71 3.538e+07 2
7 455 3.538e+07 4
70 6 3.544e+07 2
70 69 4.202e+07 0
70 71 4.201e+07 0
70 78 3.898e+07 1
70 126 3.888e+07 2
70 134 3.540e+07 3
71 7 3.541e+07 2
71 64 4.193e+07 1
71 70 4.203e+07 0
71 79 3.899e+07 1
71 127 3.894e+07 2
71 135 3.538e+07 3
72 8 3.541e+07 2
72 64 3.904e+07 1
72 73 4.198e+07 0
72 79 4.195e+07 1
72 80 3.890e+07 1
72 136 3.539e+07 3
73 9 3.541e+07 2
73 65 3.896e+07 1
73 72 4.200e+07 0
73 74 4.196e+07 0
73 81 3.881e+07 1
73 137 3.540e+07 3
74 10 3.539e+07 2
74 66 3.890e+07 1
74 73 4.198e+07 0
74 75 4.196e+07 0
74 82 3.886e+07 1
74 138 3.539e+07 3
75 11 3.541e+07 2
75 67 3.883e+07 1
75 74 4.199e+07 0
75 76 4.198e+07 1
75 83 3.890e+07 1
75 139 3.536e+07 3
76 12 3.542e+07 2
76 68 3.886e+07 1
76 75 4.201e+07 1
76 77 4.197e+07 0
76 84 3.898e+07 1
76 140 3.537e+07 3
77 13 3.541e+07 2
77 69 3.894e+07 1
77 76 4.199e+07 0
77 78 4.196e+07 0
77 85 3.903e+07 1
77 141 3.539e+07 3
78 14 3.539e+07 2
78 70 3.900e+07 1
78 77 4.198e+07 0
78 79 4.195e+07 0
78 86 3.900e+07 1
78 142 3.538e+07 3
79 15 3.538e+07 2
79 71 3.901e+07 1
79 72 4.193e+07 1
79 78 4.197e+07 0
79 87 3.892e+07 1
79 143 3.538e+07 3
8 0 3.887e+07 1
8 9 4.199e+07 0
8 15 4.199e+07 1
8 16 3.895e+07 1
8 72 3.538e+07 2
8 456 3.542e+07 4
80 16 3.540e+07 2
80 72 3.891e+07 1
80 81 4.199e+07 0
80 87 4.198e+07 1
80 88 3.886e+07 1
80 144 3.540e+07 3
81 17 3.540e+07 2
81 73 3.883e+07 1
81 80 4.201e+07 0
81 82 4.199e+07 0
81 89 3.888e+07 1
81 145 3.537e+07 3
82 18 3.543e+07 2
82 74 3.887e+07 1
82 81 4.201e+07 0
82 83 4.197e+07 0
82 90 3.899e+07 1
82 146 3.535e+07 3
83 19 3.541e+07 2
83 75 3.892e+07 1
83 82 4.199e+07 0
83 84 4.199e+07 1
83 91 3.901e+07 1
83 147 3.540e+07 3
84 20 3.539e+07 2
84 76 3.900e+07 1
84 83 4.200e+07 1
84 85 4.198e+07 0
84 92 3.901e+07 1
84 148 3.537e+07 3
85 21 3.538e+07 2
85 77 3.905e+07 1
85 84 4.200e+07 0
85 86 4.199e+07 0
85 93 3.894e+07 1
85 149 3.539e+07 3
86 22 3.538e+07 2
86 78 3.902e+07 1
86 85 4.201e+07 0
86 87 4.198e+07 0
86 94 3.885e+07 1
86 150 3.539e+07 3
87 23 3.541e+07 2
87 79 3.893e+07 1
87 80 4.196e+07 1
87 86 4.200e+07 0
87 95 3.886e+07 1
87 151 3.539e+07 3
88 24 3.543e+07 2
88 80 3.888e+07 1
88 89 4.200e+07 0
88 95 4.196e+07 1
88 96 3.899e+07 2
88 152 3.537e+07 3
89 25 3.541e+07 2
89 81 3.890e+07 1
89 88 4.202e+07 0
89 90 4.199e+07 0
89 97 3.901e+07 2
89 153 3.538e+07 3
9 1 3.892e+07 1
9 8 4.202e+07 0
9 10 4.200e+07 0
9 17 3.903e+07 1
9 73 3.538e+07 2
9 457 3.540e+07 4
90 26 3.539e+07 2
90 82 3.900e+07 1
90 89 4.201e+07 0
90 91 4.196e+07 0
90 98 3.901e+07 2
90 154 3.538e+07 3
91 27 3.539e+07 2
91 83 3.903e+07 1
91 90 4.198e+07 0
91 92 4.198e+07 1
91 99 3.895e+07 2
91 155 3.538e+07 3
92 28 3.539e+07 2
92 84 3.903e+07 1
92 91 4.200e+07 1
92 93 4.198e+07 0
92 100 3.886e+07 2
92 156 3.540e+07 3
93 29 3.538e+07 2
93 85 3.896e+07 1
93 92 4.200e+07 0
93 94 4.199e+07 0
93 101 3.882e+07 2
93 157 3.540e+07 3
94 30 3.540e+07 2
94 86 3.886e+07 1
94 93 4.201e+07 0
94 95 4.199e+07 0
94 102 3.888e+07 2
94 158 3.538e+07 3
95 31 3.539e+07 2
95 87 3.888e+07 1
95 88 4.194e+07 1
95 94 4.201e+07 0
95 103 3.890e+07 2
95 159 3.537e+07 3
96 32 3.541e+07 2
96 88 3.900e+07 2
96 97 4.198e+07 0
96 103 4.195e+07 1
96 104 3.902e+07 1
96 160 3.537e+07 3
97 33 3.539e+07 2
97 89 3.903e+07 2
97 96 4.200e+07 0
97 98 4.198e+07 0
97 105 3.893e+07 1
97 161 3.539e+07 3
98 34 3.538e+07 2
98 90 3.903e+07 2
98 97 4.200e+07 0
98 99 4.196e+07 0
98 106 3.888e+07 1
98 162 3.540e+07 3
99 35 3.540e+07 2
99 91 3.897e+07 2
99 98 4.198e+07 0
99 100 4.198e+07 1
99 107 3.881e+07 1
99 163 3.539e+07 3
