0 1 2.198e+07 1
0 3 2.202e+07 2
0 4 1.556e+07 1
0 12 1.498e+07 1
0 16 1.076e+07 1
0 48 1.089e+07 2
1 0 2.198e+07 1
1 2 2.223e+07 2
1 5 1.549e+07 1
1 13 1.533e+07 1
1 17 1.091e+07 1
1 49 1.063e+07 2
10 6 1.555e+07 1
10 9 2.196e+07 2
10 11 2.199e+07 1
10 14 1.538e+07 1
10 26 1.087e+07 1
10 58 1.098e+07 2
11 7 1.530e+07 1
11 8 2.192e+07 2
11 10 2.200e+07 1
11 15 1.553e+07 1
11 27 1.080e+07 1
11 59 1.062e+07 2
12 0 1.498e+07 1
12 8 1.550e+07 1
12 13 2.186e+07 1
12 15 2.197e+07 2
12 28 1.074e+07 1
12 60 1.078e+07 2
13 1 1.533e+07 1
13 9 1.547e+07 1
13 12 2.185e+07 1
13 14 2.203e+07 2
13 29 1.078e+07 1
13 61 1.083e+07 2
14 2 1.513e+07 1
14 10 1.538e+07 1
14 13 2.202e+07 2
14 15 2.179e+07 1
14 30 1.065e+07 1
14 62 1.078e+07 2
15 3 1.530e+07 1
15 11 1.553e+07 1
15 12 2.198e+07 2
15 14 2.178e+07 1
15 31 1.096e+07 1
15 63 1.087e+07 2
16 0 1.076e+07 1
16 17 2.196e+07 1
16 19 2.191e+07 2
16 20 1.541e+07 1
16 28 1.510e+07 1
16 32 1.074e+07 2
17 1 1.091e+07 1
17 16 2.195e+07 1
17 18 2.196e+07 2
17 21 1.548e+07 1
17 29 1.538e+07 1
17 33 1.085e+07 2
18 2 1.088e+07 1
18 17 2.195e+07 2
18 19 2.191e+07 1
18 22 1.547e+07 1
18 30 1.506e+07 1
18 34 1.076e+07 2
19 3 1.075e+07 1
19 16 2.193e+07 2
19 18 2.190e+07 1
19 23 1.554e+07 1
19 31 1.546e+07 1
19 35 1.104e+07 2
2 1 2.223e+07 2
2 3 2.196e+07 1
2 6 1.550e+07 1
2 14 1.514e+07 1
2 18 1.088e+07 1
2 50 1.094e+07 2
20 4 1.083e+07 1
20 16 1.541e+07 1
20 21 2.223e+07 1
20 23 2.219e+07 2
20 24 1.550e+07 1
20 36 1.079e+07 2
21 5 1.091e+07 1
21 17 1.549e+07 1
21 20 2.223e+07 1
21 22 2.224e+07 2
21 25 1.553e+07 1
21 37 1.084e+07 2
22 6 1.083e+07 1
22 18 1.548e+07 1
22 21 2.223e+07 2
22 23 2.220e+07 1
22 26 1.541e+07 1
22 38 1.082e+07 2
23 7 1.074e+07 1
23 19 1.555e+07 1
23 20 2.220e+07 2
23 22 2.220e+07 1
23 27 1.540e+07 1
23 39 1.087e+07 2
24 8 1.093e+07 1
24 20 1.550e+07 1
24 25 2.224e+07 1
24 27 2.207e+07 2
24 28 1.560e+07 1
24 40 1.087e+07 2
25 9 1.090e+07 1
25 21 1.553e+07 1
25 24 2.226e+07 1
25 26 2.216e+07 2
25 29 1.549e+07 1
25 41 1.088e+07 2
26 10 1.087e+07 1
26 22 1.541e+07 1
26 25 2.217e+07 2
26 27 2.217e+07 1
26 30 1.542e+07 1
26 42 1.084e+07 2
27 11 1.081e+07 1
27 23 1.540e+07 1
27 24 2.206e+07 2
27 26 2.218e+07 1
27 31 1.546e+07 1
27 43 1.075e+07 2
28 12 1.074e+07 1
28 16 1.510e+07 1
28 24 1.559e+07 1
28 29 2.194e+07 1
28 31 2.188e+07 2
28 44 1.092e+07 2
29 13 1.078e+07 1
29 17 1.537e+07 1
29 25 1.549e+07 1
29 28 2.195e+07 1
29 30 2.195e+07 2
29 45 1.075e+07 2
3 0 2.202e+07 2
3 2 2.195e+07 1
3 7 1.530e+07 1
3 15 1.529e+07 1
3 19 1.075e+07 1
3 51 1.054e+07 2
30 14 1.065e+07 1
30 18 1.506e+07 1
30 26 1.542e+07 1
30 29 2.196e+07 2
30 31 2.194e+07 1
30 46 1.075e+07 2
31 15 1.096e+07 1
31 19 1.545e+07 1
31 27 1.545e+07 1
31 28 2.187e+07 2
31 30 2.196e+07 1
31 47 1.068e+07 2
32 16 1.075e+07 2
32 33 2.192e+07 1
32 35 2.177e+07 2
32 36 1.552e+07 1
32 44 1.543e+07 1
32 48 1.096e+07 1
33 17 1.085e+07 2
33 32 2.193e+07 1
33 34 2.185e+07 2
33 37 1.540e+07 1
33 45 1.524e+07 1
33 49 1.072e+07 1
34 18 1.076e+07 2
34 33 2.185e+07 2
34 35 2.197e+07 1
34 38 1.550e+07 1
34 46 1.522e+07 1
34 50 1.085e+07 1
35 19 1.104e+07 2
35 32 2.176e+07 2
35 34 2.197e+07 1
35 39 1.546e+07 1
35 47 1.526e+07 1
35 51 1.078e+07 1
36 20 1.079e+07 2
36 32 1.552e+07 1
36 37 2.211e+07 1
36 39 2.199e+07 2
36 40 1.543e+07 1
36 52 1.095e+07 1
37 21 1.084e+07 2
37 33 1.541e+07 1
37 36 2.210e+07 1
37 38 2.210e+07 2
37 41 1.542e+07 1
37 53 1.086e+07 1
38 22 1.083e+07 2
38 34 1.551e+07 1
38 37 2.209e+07 2
38 39 2.208e+07 1
38 42 1.547e+07 1
38 54 1.080e+07 1
39 23 1.087e+07 2
39 35 1.547e+07 1
39 36 2.200e+07 2
39 38 2.207e+07 1
39 43 1.545e+07 1
39 55 1.072e+07 1
4 0 1.557e+07 1
4 5 2.220e+07 1
4 7 2.205e+07 2
4 8 1.559e+07 1
4 20 1.083e+07 1
4 52 1.104e+07 2
40 24 1.086e+07 2
40 36 1.543e+07 1
40 41 2.224e+07 1
40 43 2.212e+07 2
40 44 1.556e+07 1
40 56 1.082e+07 1
41 25 1.088e+07 2
41 37 1.543e+07 1
41 40 2.224e+07 1
41 42 2.219e+07 2
41 45 1.543e+07 1
41 57 1.075e+07 1
42 26 1.084e+07 2
42 38 1.547e+07 1
42 41 2.218e+07 2
42 43 2.226e+07 1
42 46 1.550e+07 1
42 58 1.087e+07 1
43 27 1.075e+07 2
43 39 1.545e+07 1
43 40 2.213e+07 2
43 42 2.225e+07 1
43 47 1.538e+07 1
43 59 1.074e+07 1
44 28 1.093e+07 2
44 32 1.543e+07 1
44 40 1.555e+07 1
44 45 2.207e+07 1
44 47 2.195e+07 2
44 60 1.089e+07 1
45 29 1.075e+07 2
45 33 1.524e+07 1
45 41 1.543e+07 1
45 44 2.208e+07 1
45 46 2.211e+07 2
45 61 1.079e+07 1
46 30 1.075e+07 2
46 34 1.522e+07 1
46 42 1.550e+07 1
46 45 2.213e+07 2
46 47 2.215e+07 1
46 62 1.091e+07 1
47 31 1.068e+07 2
47 35 1.525e+07 1
47 43 1.538e+07 1
47 44 2.193e+07 2
47 46 2.217e+07 1
47 63 1.074e+07 1
48 0 1.089e+07 2
48 32 1.096e+07 1
48 49 2.206e+07 1
48 51 2.205e+07 2
48 52 1.554e+07 1
48 60 1.528e+07 1
49 1 1.063e+07 2
49 33 1.072e+07 1
49 48 2.207e+07 1
49 50 2.214e+07 2
49 53 1.544e+07 1
49 61 1.520e+07 1
5 1 1.549e+07 1
5 4 2.221e+07 1
5 6 2.216e+07 2
5 9 1.543e+07 1
5 21 1.091e+07 1
5 53 1.069e+07 2
50 2 1.093e+07 2
50 34 1.086e+07 1
50 49 2.215e+07 2
50 51 2.208e+07 1
50 54 1.549e+07 1
50 62 1.525e+07 1
51 3 1.054e+07 2
51 35 1.078e+07 1
51 48 2.203e+07 2
51 50 2.208e+07 1
51 55 1.537e+07 1
51 63 1.516e+07 1
52 4 1.104e+07 2
52 36 1.095e+07 1
52 48 1.555e+07 1
52 53 2.202e+07 1
52 55 2.190e+07 2
52 56 1.563e+07 1
53 5 1.069e+07 2
53 37 1.085e+07 1
53 49 1.544e+07 1
53 52 2.202e+07 1
53 54 2.198e+07 2
53 57 1.531e+07 1
54 6 1.097e+07 2
54 38 1.080e+07 1
54 50 1.550e+07 1
54 53 2.199e+07 2
54 55 2.198e+07 1
54 58 1.550e+07 1
55 7 1.069e+07 2
55 39 1.072e+07 1
55 51 1.537e+07 1
55 52 2.189e+07 2
55 54 2.199e+07 1
55 59 1.540e+07 1
56 8 1.103e+07 2
56 40 1.082e+07 1
56 52 1.563e+07 1
56 57 2.201e+07 1
56 59 2.197e+07 2
56 60 1.551e+07 1
57 9 1.056e+07 2
57 41 1.075e+07 1
57 53 1.531e+07 1
57 56 2.200e+07 1
57 58 2.198e+07 2
57 61 1.537e+07 1
58 10 1.098e+07 2
58 42 1.087e+07 1
58 54 1.551e+07 1
58 57 2.197e+07 2
58 59 2.201e+07 1
58 62 1.550e+07 1
59 11 1.062e+07 2
59 43 1.074e+07 1
59 55 1.540e+07 1
59 56 2.197e+07 2
59 58 2.200e+07 1
59 63 1.539e+07 1
6 2 1.551e+07 1
6 5 2.218e+07 2
6 7 2.216e+07 1
6 10 1.555e+07 1
6 22 1.082e+07 1
6 54 1.097e+07 2
60 12 1.078e+07 2
60 44 1.088e+07 1
60 48 1.527e+07 1
60 56 1.550e+07 1
60 61 2.195e+07 1
60 63 2.208e+07 2
61 13 1.083e+07 2
61 45 1.079e+07 1
61 49 1.520e+07 1
61 57 1.537e+07 1
61 60 2.195e+07 1
61 62 2.219e+07 2
62 14 1.078e+07 2
62 46 1.091e+07 1
62 50 1.525e+07 1
62 58 1.550e+07 1
62 61 2.218e+07 2
62 63 2.196e+07 1
63 15 1.087e+07 2
63 47 1.074e+07 1
63 51 1.516e+07 1
63 59 1.539e+07 1
63 60 2.209e+07 2
63 62 2.196e+07 1
7 3 1.530e+07 1
7 4 2.203e+07 2
7 6 2.216e+07 1
7 11 1.530e+07 1
7 23 1.074e+07 1
7 55 1.069e+07 2
8 4 1.559e+07 1
8 9 2.202e+07 1
8 11 2.193e+07 2
8 12 1.550e+07 1
8 24 1.093e+07 1
8 56 1.103e+07 2
9 5 1.543e+07 1
9 8 2.203e+07 1
9 10 2.195e+07 2
9 13 1.547e+07 1
9 25 1.090e+07 1
9 57 1.056e+07 2
