0 1 9.147e+06 1
0 7 9.331e+06 2
0 8 5.086e+06 1
0 56 4.799e+06 2
0 64 2.691e+06 2
0 448 2.798e+06 3
1 0 9.147e+06 1
1 2 9.232e+06 2
1 9 4.927e+06 1
1 57 5.011e+06 2
1 65 2.759e+06 2
1 449 2.668e+06 3
10 2 4.981e+06 1
10 9 9.421e+06 2
10 11 9.318e+06 1
10 18 5.156e+06 1
10 74 2.726e+06 2
10 458 2.756e+06 3
100 36 2.840e+06 2
100 92 5.227e+06 2
100 99 9.369e+06 2
100 101 9.441e+06 1
100 108 5.267e+06 1
100 164 2.800e+06 3
101 37 2.575e+06 2
101 93 4.831e+06 2
101 100 9.435e+06 1
101 102 9.391e+06 2
101 109 4.801e+06 1
101 165 2.625e+06 3
102 38 2.752e+06 2
102 94 5.192e+06 2
102 101 9.397e+06 2
102 103 9.348e+06 1
102 110 5.302e+06 1
102 166 2.815e+06 3
103 39 2.651e+06 2
103 95 4.776e+06 2
103 96 9.289e+06 2
103 102 9.342e+06 1
103 111 4.807e+06 1
103 167 2.574e+06 3
104 40 2.739e+06 2
104 96 5.225e+06 1
104 105 9.437e+06 1
104 111 9.272e+06 2
104 112 5.065e+06 1
104 168 2.793e+06 3
105 41 2.589e+06 2
105 97 4.817e+06 1
105 104 9.435e+06 1
105 106 9.340e+06 2
105 113 4.971e+06 1
105 169 2.674e+06 3
106 42 2.779e+06 2
106 98 5.252e+06 1
106 105 9.347e+06 2
106 107 9.439e+06 1
106 114 5.140e+06 1
106 170 2.779e+06 3
107 43 2.682e+06 2
107 99 4.843e+06 1
107 106 9.436e+06 1
107 108 9.318e+06 2
107 115 5.003e+06 1
107 171 2.647e+06 3
108 44 2.727e+06 2
108 100 5.269e+06 1
108 107 9.322e+06 2
108 109 9.451e+06 1
108 116 5.095e+06 1
108 172 2.823e+06 3
109 45 2.623e+06 2
109 101 4.802e+06 1
109 108 9.445e+06 1
109 110 9.328e+06 2
109 117 4.876e+06 1
109 173 2.625e+06 3
11 3 5.115e+06 1
11 10 9.318e+06 1
11 12 9.428e+06 2
11 19 4.901e+06 1
11 75 2.709e+06 2
11 459 2.613e+06 3
110 46 2.789e+06 2
110 102 5.302e+06 1
110 109 9.333e+06 2
110 111 9.425e+06 1
110 118 5.188e+06 1
110 174 2.790e+06 3
111 47 2.688e+06 2
111 103 4.804e+06 1
111 104 9.269e+06 2
111 110 9.422e+06 1
111 119 4.976e+06 1
111 175 2.625e+06 3
112 48 2.667e+06 2
112 104 5.067e+06 1
112 113 9.386e+06 1
112 119 9.251e+06 2
112 120 4.874e+06 1
112 176 2.681e+06 3
113 49 2.778e+06 2
113 105 4.971e+06 1
113 112 9.390e+06 1
113 114 9.291e+06 2
113 121 5.155e+06 1
113 177 2.716e+06 3
114 50 2.697e+06 2
114 106 5.140e+06 1
114 113 9.292e+06 2
114 115 9.423e+06 1
114 122 4.833e+06 1
114 178 2.708e+06 3
115 51 2.734e+06 2
115 107 5.000e+06 1
115 114 9.426e+06 1
115 116 9.264e+06 2
115 123 5.149e+06 1
115 179 2.637e+06 3
116 52 2.701e+06 2
116 108 5.095e+06 1
116 115 9.265e+06 2
116 117 9.386e+06 1
116 124 4.968e+06 1
116 180 2.703e+06 3
117 53 2.719e+06 2
117 109 4.876e+06 1
117 116 9.385e+06 1
117 118 9.252e+06 2
117 125 5.096e+06 1
117 181 2.618e+06 3
118 54 2.643e+06 2
118 110 5.189e+06 1
118 117 9.255e+06 2
118 119 9.462e+06 1
118 126 4.906e+06 1
118 182 2.763e+06 3
119 55 2.820e+06 2
119 111 4.975e+06 1
119 112 9.252e+06 2
119 118 9.464e+06 1
119 127 5.217e+06 1
119 183 2.643e+06 3
12 4 5.096e+06 1
12 11 9.433e+06 2
12 13 9.238e+06 1
12 20 5.285e+06 1
12 76 2.733e+06 2
12 460 2.864e+06 3
120 56 2.524e+06 2
120 64 4.660e+06 2
120 112 4.873e+06 1
120 121 9.255e+06 1
120 127 9.270e+06 2
120 184 2.530e+06 3
121 57 2.745e+06 2
121 65 5.069e+06 2
121 113 5.156e+06 1
121 120 9.260e+06 1
121 122 9.217e+06 2
121 185 2.817e+06 3
122 58 2.621e+06 2
122 66 4.683e+06 2
122 114 4.833e+06 1
122 121 9.211e+06 2
122 123 9.365e+06 1
122 186 2.697e+06 3
123 59 2.891e+06 2
123 67 5.260e+06 2
123 115 5.149e+06 1
123 122 9.374e+06 1
123 124 9.297e+06 2
123 187 2.742e+06 3
124 60 2.579e+06 2
124 68 4.780e+06 2
124 116 4.967e+06 1
124 123 9.294e+06 2
124 125 9.340e+06 1
124 188 2.627e+06 3
125 61 2.749e+06 2
125 69 5.065e+06 2
125 117 5.094e+06 1
125 124 9.341e+06 1
125 126 9.179e+06 2
125 189 2.700e+06 3
126 62 2.583e+06 2
126 70 4.654e+06 2
126 118 4.907e+06 1
126 125 9.175e+06 2
126 127 9.371e+06 1
126 190 2.751e+06 3
127 63 2.898e+06 2
127 71 5.300e+06 2
127 119 5.213e+06 1
127 120 9.276e+06 2
127 126 9.380e+06 1
127 191 2.805e+06 3
128 64 2.612e+06 3
128 129 9.295e+06 1
128 135 9.288e+06 2
128 136 4.706e+06 1
128 184 4.730e+06 2
128 192 2.586e+06 2
129 65 2.746e+06 3
129 128 9.302e+06 1
129 130 9.218e+06 2
129 137 5.246e+06 1
129 185 5.050e+06 2
129 193 2.730e+06 2
13 5 4.999e+06 1
13 12 9.235e+06 1
13 14 9.431e+06 2
13 21 4.802e+06 1
13 77 2.732e+06 2
13 461 2.561e+06 3
130 66 2.604e+06 3
130 129 9.214e+06 2
130 131 9.401e+06 1
130 138 4.823e+06 1
130 186 4.836e+06 2
130 194 2.601e+06 2
131 67 2.855e+06 3
131 130 9.407e+06 1
131 132 9.291e+06 2
131 139 5.249e+06 1
131 187 5.181e+06 2
131 195 2.861e+06 2
132 68 2.655e+06 3
132 131 9.286e+06 2
132 133 9.294e+06 1
132 140 4.762e+06 1
132 188 4.792e+06 2
132 196 2.598e+06 2
133 69 2.730e+06 3
133 132 9.301e+06 1
133 134 9.166e+06 2
133 141 5.298e+06 1
133 189 4.987e+06 2
133 197 2.697e+06 2
134 70 2.500e+06 3
134 133 9.163e+06 2
134 135 9.388e+06 1
134 142 4.787e+06 1
134 190 4.831e+06 2
134 198 2.602e+06 2
135 71 2.834e+06 3
135 128 9.296e+06 2
135 134 9.393e+06 1
135 143 5.319e+06 1
135 191 5.235e+06 2
135 199 2.862e+06 2
136 72 2.635e+06 3
136 128 4.707e+06 1
136 137 9.293e+06 1
136 143 9.360e+06 2
136 144 4.854e+06 1
136 200 2.579e+06 2
137 73 2.769e+06 3
137 129 5.249e+06 1
137 136 9.299e+06 1
137 138 9.372e+06 2
137 145 5.151e+06 1
137 201 2.821e+06 2
138 74 2.662e+06 3
138 130 4.825e+06 1
138 137 9.367e+06 2
138 139 9.358e+06 1
138 146 4.899e+06 1
138 202 2.603e+06 2
139 75 2.789e+06 3
139 131 5.251e+06 1
139 138 9.363e+06 1
139 140 9.407e+06 2
139 147 5.229e+06 1
139 203 2.833e+06 2
14 6 4.966e+06 1
14 13 9.434e+06 2
14 15 9.212e+06 1
14 22 5.157e+06 1
14 78 2.733e+06 2
14 462 2.719e+06 3
140 76 2.610e+06 3
140 132 4.767e+06 1
140 139 9.401e+06 2
140 141 9.384e+06 1
140 148 4.875e+06 1
140 204 2.648e+06 2
141 77 2.890e+06 3
141 133 5.302e+06 1
141 140 9.391e+06 1
141 142 9.379e+06 2
141 149 5.175e+06 1
141 205 2.797e+06 2
142 78 2.603e+06 3
142 134 4.788e+06 1
142 141 9.373e+06 2
142 143 9.334e+06 1
142 150 4.878e+06 1
142 206 2.683e+06 2
143 79 2.817e+06 3
143 135 5.319e+06 1
143 136 9.367e+06 2
143 142 9.339e+06 1
143 151 5.191e+06 1
143 207 2.774e+06 2
144 80 2.751e+06 3
144 136 4.855e+06 1
144 145 9.282e+06 1
144 151 9.413e+06 2
144 152 5.086e+06 1
144 208 2.580e+06 2
145 81 2.670e+06 3
145 137 5.153e+06 1
145 144 9.284e+06 1
145 146 9.413e+06 2
145 153 4.922e+06 1
145 209 2.791e+06 2
146 82 2.744e+06 3
146 138 4.898e+06 1
146 145 9.414e+06 2
146 147 9.344e+06 1
146 154 5.071e+06 1
146 210 2.671e+06 2
147 83 2.728e+06 3
147 139 5.231e+06 1
147 146 9.346e+06 1
147 148 9.469e+06 2
147 155 5.079e+06 1
147 211 2.822e+06 2
148 84 2.721e+06 3
148 140 4.876e+06 1
148 147 9.466e+06 2
148 149 9.270e+06 1
148 156 5.006e+06 1
148 212 2.638e+06 2
149 85 2.704e+06 3
149 141 5.176e+06 1
149 148 9.275e+06 1
149 150 9.407e+06 2
149 157 5.039e+06 1
149 213 2.769e+06 2
15 7 5.035e+06 1
15 8 9.314e+06 2
15 14 9.212e+06 1
15 23 4.791e+06 1
15 79 2.681e+06 2
15 463 2.541e+06 3
150 86 2.673e+06 3
150 142 4.876e+06 1
150 149 9.403e+06 2
150 151 9.270e+06 1
150 158 4.930e+06 1
150 214 2.604e+06 2
151 87 2.724e+06 3
151 143 5.194e+06 1
151 144 9.416e+06 2
151 150 9.274e+06 1
151 159 5.078e+06 1
151 215 2.833e+06 2
152 88 2.838e+06 3
152 144 5.087e+06 1
152 153 9.273e+06 1
152 159 9.403e+06 2
152 160 5.252e+06 2
152 216 2.684e+06 2
153 89 2.572e+06 3
153 145 4.921e+06 1
153 152 9.271e+06 1
153 154 9.442e+06 2
153 161 4.869e+06 2
153 217 2.677e+06 2
154 90 2.756e+06 3
154 146 5.069e+06 1
154 153 9.447e+06 2
154 155 9.306e+06 1
154 162 5.218e+06 2
154 218 2.725e+06 2
155 91 2.687e+06 3
155 147 5.081e+06 1
155 154 9.305e+06 1
155 156 9.417e+06 2
155 163 4.884e+06 2
155 219 2.662e+06 2
156 92 2.727e+06 3
156 148 5.006e+06 1
156 155 9.418e+06 2
156 157 9.255e+06 1
156 164 5.140e+06 2
156 220 2.684e+06 2
157 93 2.676e+06 3
157 149 5.040e+06 1
157 156 9.256e+06 1
157 158 9.414e+06 2
157 165 4.900e+06 2
157 221 2.701e+06 2
158 94 2.740e+06 3
158 150 4.930e+06 1
158 157 9.416e+06 2
158 159 9.231e+06 1
158 166 5.110e+06 2
158 222 2.649e+06 2
159 95 2.605e+06 3
159 151 5.080e+06 1
159 152 9.398e+06 2
159 158 9.232e+06 1
159 167 4.871e+06 2
159 223 2.726e+06 2
16 8 5.292e+06 1
16 17 9.329e+06 1
16 23 9.336e+06 2
16 24 5.312e+06 1
16 80 2.847e+06 2
16 464 2.838e+06 3
160 96 2.850e+06 3
160 152 5.253e+06 2
160 161 9.370e+06 1
160 167 9.342e+06 2
160 168 5.263e+06 1
160 224 2.782e+06 2
161 97 2.612e+06 3
161 153 4.869e+06 2
161 160 9.367e+06 1
161 162 9.440e+06 2
161 169 4.868e+06 1
161 225 2.623e+06 2
162 98 2.815e+06 3
162 154 5.217e+06 2
162 161 9.448e+06 2
162 163 9.373e+06 1
162 170 5.275e+06 1
162 226 2.765e+06 2
163 99 2.661e+06 3
163 155 4.885e+06 2
163 162 9.369e+06 1
163 164 9.401e+06 2
163 171 4.818e+06 1
163 227 2.610e+06 2
164 100 2.800e+06 3
164 156 5.140e+06 2
164 163 9.408e+06 2
164 165 9.363e+06 1
164 172 5.261e+06 1
164 228 2.766e+06 2
165 101 2.624e+06 3
165 157 4.902e+06 2
165 164 9.361e+06 1
165 166 9.414e+06 2
165 173 4.826e+06 1
165 229 2.655e+06 2
166 102 2.816e+06 3
166 158 5.111e+06 2
166 165 9.421e+06 2
166 167 9.282e+06 1
166 174 5.271e+06 1
166 230 2.806e+06 2
167 103 2.574e+06 3
167 159 4.872e+06 2
167 160 9.333e+06 2
167 166 9.280e+06 1
167 175 4.772e+06 1
167 231 2.650e+06 2
168 104 2.792e+06 3
168 160 5.265e+06 1
168 169 9.464e+06 1
168 175 9.305e+06 2
168 176 5.190e+06 1
168 232 2.789e+06 2
169 105 2.676e+06 3
169 161 4.869e+06 1
169 168 9.463e+06 1
169 170 9.407e+06 2
169 177 4.932e+06 1
169 233 2.578e+06 2
17 9 4.882e+06 1
17 16 9.324e+06 1
17 18 9.392e+06 2
17 25 4.855e+06 1
17 81 2.653e+06 2
17 465 2.639e+06 3
170 106 2.780e+06 3
170 162 5.275e+06 1
170 169 9.413e+06 2
170 171 9.440e+06 1
170 178 5.267e+06 1
170 234 2.865e+06 2
171 107 2.648e+06 3
171 163 4.818e+06 1
171 170 9.435e+06 1
171 172 9.355e+06 2
171 179 4.826e+06 1
171 235 2.584e+06 2
172 108 2.823e+06 3
172 164 5.263e+06 1
172 171 9.362e+06 2
172 173 9.417e+06 1
172 180 5.217e+06 1
172 236 2.842e+06 2
173 109 2.627e+06 3
173 165 4.826e+06 1
173 172 9.412e+06 1
173 174 9.364e+06 2
173 181 4.810e+06 1
173 237 2.582e+06 2
174 110 2.791e+06 3
174 166 5.269e+06 1
174 173 9.371e+06 2
174 175 9.408e+06 1
174 182 5.258e+06 1
174 238 2.790e+06 2
175 111 2.626e+06 3
175 167 4.773e+06 1
175 168 9.297e+06 2
175 174 9.402e+06 1
175 183 4.852e+06 1
175 239 2.667e+06 2
176 112 2.682e+06 3
176 168 5.193e+06 1
176 177 9.452e+06 1
176 183 9.266e+06 2
176 184 5.067e+06 1
176 240 2.856e+06 2
177 113 2.716e+06 3
177 169 4.934e+06 1
177 176 9.452e+06 1
177 178 9.306e+06 2
177 185 4.926e+06 1
177 241 2.666e+06 2
178 114 2.706e+06 3
178 170 5.268e+06 1
178 177 9.310e+06 2
178 179 9.457e+06 1
178 186 5.080e+06 1
178 242 2.828e+06 2
179 115 2.639e+06 3
179 171 4.825e+06 1
179 178 9.455e+06 1
179 180 9.251e+06 2
179 187 5.025e+06 1
179 243 2.649e+06 2
18 10 5.155e+06 1
18 17 9.397e+06 2
18 19 9.361e+06 1
18 26 5.121e+06 1
18 82 2.720e+06 2
18 466 2.705e+06 3
180 116 2.703e+06 3
180 172 5.218e+06 1
180 179 9.257e+06 2
180 181 9.407e+06 1
180 188 5.086e+06 1
180 244 2.778e+06 2
181 117 2.620e+06 3
181 173 4.810e+06 1
181 180 9.404e+06 1
181 182 9.276e+06 2
181 189 4.871e+06 1
181 245 2.622e+06 2
182 118 2.763e+06 3
182 174 5.257e+06 1
182 181 9.283e+06 2
182 183 9.453e+06 1
182 190 5.194e+06 1
182 246 2.810e+06 2
183 119 2.642e+06 3
183 175 4.850e+06 1
183 176 9.260e+06 2
183 182 9.449e+06 1
183 191 4.968e+06 1
183 247 2.597e+06 2
184 120 2.530e+06 3
184 128 4.729e+06 2
184 176 5.068e+06 1
184 185 9.303e+06 1
184 191 9.245e+06 2
184 248 2.686e+06 2
185 121 2.818e+06 3
185 129 5.051e+06 2
185 177 4.924e+06 1
185 184 9.307e+06 1
185 186 9.229e+06 2
185 249 2.720e+06 2
186 122 2.698e+06 3
186 130 4.837e+06 2
186 178 5.080e+06 1
186 185 9.229e+06 2
186 187 9.436e+06 1
186 250 2.745e+06 2
187 123 2.742e+06 3
187 131 5.177e+06 2
187 179 5.023e+06 1
187 186 9.438e+06 1
187 188 9.218e+06 2
187 251 2.559e+06 2
188 124 2.626e+06 3
188 132 4.789e+06 2
188 180 5.086e+06 1
188 187 9.218e+06 2
188 189 9.301e+06 1
188 252 2.648e+06 2
189 125 2.702e+06 3
189 133 4.986e+06 2
189 181 4.870e+06 1
189 188 9.304e+06 1
189 190 9.196e+06 2
189 253 2.761e+06 2
19 11 4.900e+06 1
19 18 9.359e+06 1
19 20 9.398e+06 2
19 27 4.836e+06 1
19 83 2.607e+06 2
19 467 2.684e+06 3
190 126 2.752e+06 3
190 134 4.833e+06 2
190 182 5.194e+06 1
190 189 9.199e+06 2
190 191 9.420e+06 1
190 254 2.750e+06 2
191 127 2.806e+06 3
191 135 5.233e+06 2
191 183 4.967e+06 1
191 184 9.247e+06 2
191 190 9.422e+06 1
191 255 2.567e+06 2
192 128 2.586e+06 2
192 193 9.295e+06 1
192 199 9.185e+06 2
192 200 4.745e+06 1
192 248 4.932e+06 2
192 256 2.664e+06 3
193 129 2.730e+06 2
193 192 9.299e+06 1
193 194 9.221e+06 2
193 201 5.244e+06 1
193 249 4.976e+06 2
193 257 2.709e+06 3
194 130 2.601e+06 2
194 193 9.220e+06 2
194 195 9.389e+06 1
194 202 4.813e+06 1
194 250 5.004e+06 2
194 258 2.715e+06 3
195 131 2.861e+06 2
195 194 9.393e+06 1
195 196 9.210e+06 2
195 203 5.127e+06 1
195 251 5.009e+06 2
195 259 2.707e+06 3
196 132 2.597e+06 2
196 195 9.208e+06 2
196 197 9.297e+06 1
196 204 4.874e+06 1
196 252 4.947e+06 2
196 260 2.655e+06 3
197 133 2.696e+06 2
197 196 9.299e+06 1
197 198 9.266e+06 2
197 205 5.187e+06 1
197 253 4.862e+06 2
197 261 2.657e+06 3
198 134 2.602e+06 2
198 197 9.268e+06 2
198 199 9.438e+06 1
198 206 4.921e+06 1
198 254 5.096e+06 2
198 262 2.784e+06 3
199 135 2.862e+06 2
199 192 9.188e+06 2
199 198 9.437e+06 1
199 207 5.198e+06 1
199 255 4.974e+06 2
199 263 2.735e+06 3
2 1 9.230e+06 2
2 3 9.262e+06 1
2 10 4.981e+06 1
2 58 4.725e+06 2
2 66 2.539e+06 2
2 450 2.659e+06 3
20 12 5.286e+06 1
20 19 9.406e+06 2
20 21 9.323e+06 1
20 28 5.367e+06 1
20 84 2.768e+06 2
20 468 2.870e+06 3
200 136 2.579e+06 2
200 192 4.745e+06 1
200 201 9.360e+06 1
200 207 9.305e+06 2
200 208 4.736e+06 1
200 264 2.556e+06 3
201 137 2.822e+06 2
201 193 5.245e+06 1
201 200 9.369e+06 1
201 202 9.329e+06 2
201 209 5.297e+06 1
201 265 2.815e+06 3
202 138 2.603e+06 2
202 194 4.818e+06 1
202 201 9.323e+06 2
202 203 9.395e+06 1
202 210 4.832e+06 1
202 266 2.681e+06 3
203 139 2.831e+06 2
203 195 5.130e+06 1
203 202 9.400e+06 1
203 204 9.282e+06 2
203 211 5.209e+06 1
203 267 2.751e+06 3
204 140 2.650e+06 2
204 196 4.876e+06 1
204 203 9.279e+06 2
204 205 9.426e+06 1
204 212 4.861e+06 1
204 268 2.663e+06 3
205 141 2.797e+06 2
205 197 5.190e+06 1
205 204 9.432e+06 1
205 206 9.346e+06 2
205 213 5.240e+06 1
205 269 2.789e+06 3
206 142 2.683e+06 2
206 198 4.926e+06 1
206 205 9.342e+06 2
206 207 9.422e+06 1
206 214 4.868e+06 1
206 270 2.686e+06 3
207 143 2.776e+06 2
207 199 5.199e+06 1
207 200 9.313e+06 2
207 206 9.426e+06 1
207 215 5.298e+06 1
207 271 2.840e+06 3
208 144 2.581e+06 2
208 200 4.735e+06 1
208 209 9.318e+06 1
208 215 9.419e+06 2
208 216 4.847e+06 1
208 272 2.586e+06 3
209 145 2.792e+06 2
209 201 5.298e+06 1
209 208 9.323e+06 1
209 210 9.403e+06 2
209 217 5.160e+06 1
209 273 2.824e+06 3
21 13 4.806e+06 1
21 20 9.316e+06 1
21 22 9.396e+06 2
21 29 4.774e+06 1
21 85 2.566e+06 2
21 469 2.595e+06 3
210 146 2.673e+06 2
210 202 4.834e+06 1
210 209 9.398e+06 2
210 211 9.377e+06 1
210 218 4.855e+06 1
210 274 2.637e+06 3
211 147 2.822e+06 2
211 203 5.210e+06 1
211 210 9.383e+06 1
211 212 9.402e+06 2
211 219 5.252e+06 1
211 275 2.793e+06 3
212 148 2.639e+06 2
212 204 4.863e+06 1
212 211 9.395e+06 2
212 213 9.353e+06 1
212 220 4.849e+06 1
212 276 2.627e+06 3
213 149 2.770e+06 2
213 205 5.238e+06 1
213 212 9.358e+06 1
213 214 9.417e+06 2
213 221 5.185e+06 1
213 277 2.818e+06 3
214 150 2.603e+06 2
214 206 4.869e+06 1
214 213 9.413e+06 2
214 215 9.330e+06 1
214 222 4.857e+06 1
214 278 2.633e+06 3
215 151 2.834e+06 2
215 207 5.299e+06 1
215 208 9.429e+06 2
215 214 9.336e+06 1
215 223 5.251e+06 1
215 279 2.833e+06 3
216 152 2.685e+06 2
216 208 4.846e+06 1
216 217 9.238e+06 1
216 223 9.417e+06 2
216 224 5.011e+06 2
216 280 2.572e+06 3
217 153 2.679e+06 2
217 209 5.160e+06 1
217 216 9.242e+06 1
217 218 9.406e+06 2
217 225 5.046e+06 2
217 281 2.807e+06 3
218 154 2.725e+06 2
218 210 4.854e+06 1
218 217 9.405e+06 2
218 219 9.298e+06 1
218 226 5.042e+06 2
218 282 2.589e+06 3
219 155 2.662e+06 2
219 211 5.254e+06 1
219 218 9.300e+06 1
219 220 9.427e+06 2
219 227 5.031e+06 2
219 283 2.821e+06 3
22 14 5.155e+06 1
22 21 9.402e+06 2
22 23 9.261e+06 1
22 30 5.172e+06 1
22 86 2.812e+06 2
22 470 2.733e+06 3
220 156 2.684e+06 2
220 212 4.847e+06 1
220 219 9.424e+06 2
220 221 9.266e+06 1
220 228 4.966e+06 2
220 284 2.591e+06 3
221 157 2.701e+06 2
221 213 5.186e+06 1
221 220 9.268e+06 1
221 222 9.410e+06 2
221 229 5.071e+06 2
221 285 2.790e+06 3
222 158 2.651e+06 2
222 214 4.855e+06 1
222 221 9.407e+06 2
222 223 9.303e+06 1
222 230 4.949e+06 2
222 286 2.617e+06 3
223 159 2.726e+06 2
223 215 5.252e+06 1
223 216 9.421e+06 2
223 222 9.309e+06 1
223 231 5.137e+06 2
223 287 2.791e+06 3
224 160 2.782e+06 2
224 216 5.012e+06 2
224 225 9.297e+06 1
224 231 9.389e+06 2
224 232 5.261e+06 1
224 288 2.694e+06 3
225 161 2.622e+06 2
225 217 5.046e+06 2
225 224 9.297e+06 1
225 226 9.455e+06 2
225 233 4.871e+06 1
225 289 2.724e+06 3
226 162 2.765e+06 2
226 218 5.041e+06 2
226 225 9.458e+06 2
226 227 9.313e+06 1
226 234 5.229e+06 1
226 290 2.731e+06 3
227 163 2.610e+06 2
227 219 5.032e+06 2
227 226 9.311e+06 1
227 228 9.396e+06 2
227 235 4.868e+06 1
227 291 2.713e+06 3
228 164 2.766e+06 2
228 220 4.967e+06 2
228 227 9.398e+06 2
228 229 9.313e+06 1
228 236 5.177e+06 1
228 292 2.631e+06 3
229 165 2.653e+06 2
229 221 5.072e+06 2
229 228 9.313e+06 1
229 230 9.424e+06 2
229 237 4.928e+06 1
229 293 2.750e+06 3
23 15 4.792e+06 1
23 16 9.326e+06 2
23 22 9.258e+06 1
23 31 4.786e+06 1
23 87 2.595e+06 2
23 471 2.664e+06 3
230 166 2.806e+06 2
230 222 4.948e+06 2
230 229 9.425e+06 2
230 231 9.268e+06 1
230 238 5.107e+06 1
230 294 2.612e+06 3
231 167 2.649e+06 2
231 223 5.141e+06 2
231 224 9.384e+06 2
231 230 9.270e+06 1
231 239 4.879e+06 1
231 295 2.731e+06 3
232 168 2.789e+06 2
232 224 5.261e+06 1
232 233 9.364e+06 1
232 239 9.384e+06 2
232 240 5.269e+06 1
232 296 2.790e+06 3
233 169 2.578e+06 2
233 225 4.870e+06 1
233 232 9.363e+06 1
233 234 9.463e+06 2
233 241 4.899e+06 1
233 297 2.658e+06 3
234 170 2.866e+06 2
234 226 5.228e+06 1
234 233 9.469e+06 2
234 235 9.395e+06 1
234 242 5.289e+06 1
234 298 2.738e+06 3
235 171 2.585e+06 2
235 227 4.872e+06 1
235 234 9.390e+06 1
235 236 9.371e+06 2
235 243 4.791e+06 1
235 299 2.701e+06 3
236 172 2.842e+06 2
236 228 5.178e+06 1
236 235 9.378e+06 2
236 237 9.368e+06 1
236 244 5.244e+06 1
236 300 2.820e+06 3
237 173 2.584e+06 2
237 229 4.927e+06 1
237 236 9.365e+06 1
237 238 9.400e+06 2
237 245 4.835e+06 1
237 301 2.644e+06 3
238 174 2.791e+06 2
238 230 5.106e+06 1
238 237 9.405e+06 2
238 239 9.337e+06 1
238 246 5.243e+06 1
238 302 2.796e+06 3
239 175 2.667e+06 2
239 231 4.883e+06 1
239 232 9.374e+06 2
239 238 9.335e+06 1
239 247 4.761e+06 1
239 303 2.612e+06 3
24 16 5.313e+06 1
24 25 9.403e+06 1
24 31 9.310e+06 2
24 32 5.269e+06 2
24 88 2.745e+06 2
24 472 2.910e+06 3
240 176 2.855e+06 2
240 232 5.271e+06 1
240 241 9.437e+06 1
240 247 9.309e+06 2
240 248 5.212e+06 1
240 304 2.863e+06 3
241 177 2.667e+06 2
241 233 4.898e+06 1
241 240 9.433e+06 1
241 242 9.313e+06 2
241 249 4.767e+06 1
241 305 2.644e+06 3
242 178 2.829e+06 2
242 234 5.289e+06 1
242 241 9.321e+06 2
242 243 9.427e+06 1
242 250 5.296e+06 1
242 306 2.790e+06 3
243 179 2.650e+06 2
243 235 4.793e+06 1
243 242 9.420e+06 1
243 244 9.363e+06 2
243 251 4.874e+06 1
243 307 2.612e+06 3
244 180 2.778e+06 2
244 236 5.245e+06 1
244 243 9.370e+06 2
244 245 9.373e+06 1
244 252 5.162e+06 1
244 308 2.787e+06 3
245 181 2.622e+06 2
245 237 4.835e+06 1
245 244 9.368e+06 1
245 246 9.350e+06 2
245 253 4.744e+06 1
245 309 2.562e+06 3
246 182 2.810e+06 2
246 238 5.242e+06 1
246 245 9.357e+06 2
246 247 9.414e+06 1
246 254 5.401e+06 1
246 310 2.791e+06 3
247 183 2.598e+06 2
247 239 4.762e+06 1
247 240 9.300e+06 2
247 246 9.409e+06 1
247 255 4.781e+06 1
247 311 2.578e+06 3
248 184 2.687e+06 2
248 192 4.930e+06 2
248 240 5.214e+06 1
248 249 9.418e+06 1
248 255 9.206e+06 2
248 312 2.776e+06 3
249 185 2.720e+06 2
249 193 4.977e+06 2
249 241 4.762e+06 1
249 248 9.416e+06 1
249 250 9.249e+06 2
249 313 2.642e+06 3
25 17 4.856e+06 1
25 24 9.397e+06 1
25 26 9.357e+06 2
25 33 4.885e+06 2
25 89 2.591e+06 2
25 473 2.655e+06 3
250 186 2.744e+06 2
250 194 5.003e+06 2
250 242 5.296e+06 1
250 249 9.253e+06 2
250 251 9.369e+06 1
250 314 2.810e+06 3
251 187 2.557e+06 2
251 195 5.004e+06 2
251 243 4.872e+06 1
251 250 9.367e+06 1
251 252 9.278e+06 2
251 315 2.539e+06 3
252 188 2.648e+06 2
252 196 4.946e+06 2
252 244 5.163e+06 1
252 251 9.280e+06 2
252 253 9.343e+06 1
252 316 2.809e+06 3
253 189 2.761e+06 2
253 197 4.863e+06 2
253 245 4.740e+06 1
253 252 9.341e+06 1
253 254 9.287e+06 2
253 317 2.591e+06 3
254 190 2.750e+06 2
254 198 5.094e+06 2
254 246 5.400e+06 1
254 253 9.292e+06 2
254 255 9.422e+06 1
254 318 2.834e+06 3
255 191 2.566e+06 2
255 199 4.970e+06 2
255 247 4.779e+06 1
255 248 9.203e+06 2
255 254 9.418e+06 1
255 319 2.481e+06 3
256 192 2.664e+06 3
256 257 9.342e+06 1
256 263 9.072e+06 2
256 264 4.884e+06 1
256 312 5.167e+06 2
256 320 2.687e+06 2
257 193 2.711e+06 3
257 256 9.344e+06 1
257 258 9.218e+06 2
257 265 5.180e+06 1
257 313 4.837e+06 2
257 321 2.659e+06 2
258 194 2.716e+06 3
258 257 9.219e+06 2
258 259 9.393e+06 1
258 266 4.937e+06 1
258 314 5.102e+06 2
258 322 2.764e+06 2
259 195 2.707e+06 3
259 258 9.391e+06 1
259 260 9.175e+06 2
259 267 4.997e+06 1
259 315 4.845e+06 2
259 323 2.636e+06 2
26 18 5.121e+06 1
26 25 9.361e+06 2
26 27 9.397e+06 1
26 34 5.200e+06 2
26 90 2.811e+06 2
26 474 2.684e+06 3
260 196 2.655e+06 3
260 259 9.177e+06 2
260 261 9.344e+06 1
260 268 5.051e+06 1
260 316 5.112e+06 2
260 324 2.666e+06 2
261 197 2.657e+06 3
261 260 9.343e+06 1
261 262 9.282e+06 2
261 269 5.035e+06 1
261 317 4.734e+06 2
261 325 2.609e+06 2
262 198 2.785e+06 3
262 261 9.288e+06 2
262 263 9.396e+06 1
262 270 5.058e+06 1
262 318 5.259e+06 2
262 326 2.866e+06 2
263 199 2.735e+06 3
263 256 9.070e+06 2
263 262 9.390e+06 1
263 271 5.052e+06 1
263 319 4.748e+06 2
263 327 2.602e+06 2
264 200 2.557e+06 3
264 256 4.884e+06 1
264 265 9.405e+06 1
264 271 9.219e+06 2
264 272 4.769e+06 1
264 328 2.623e+06 2
265 201 2.817e+06 3
265 257 5.182e+06 1
265 264 9.414e+06 1
265 266 9.260e+06 2
265 273 5.316e+06 1
265 329 2.791e+06 2
266 202 2.682e+06 3
266 258 4.944e+06 1
266 265 9.260e+06 2
266 267 9.446e+06 1
266 274 4.855e+06 1
266 330 2.696e+06 2
267 203 2.753e+06 3
267 259 4.998e+06 1
267 266 9.448e+06 1
267 268 9.205e+06 2
267 275 5.154e+06 1
267 331 2.744e+06 2
268 204 2.663e+06 3
268 260 5.055e+06 1
268 267 9.204e+06 2
268 269 9.437e+06 1
268 276 4.861e+06 1
268 332 2.660e+06 2
269 205 2.789e+06 3
269 261 5.036e+06 1
269 268 9.441e+06 1
269 270 9.252e+06 2
269 277 5.205e+06 1
269 333 2.733e+06 2
27 19 4.837e+06 1
27 26 9.393e+06 1
27 28 9.306e+06 2
27 35 4.796e+06 2
27 91 2.596e+06 2
27 475 2.620e+06 3
270 206 2.686e+06 3
270 262 5.064e+06 1
270 269 9.250e+06 2
270 271 9.432e+06 1
270 278 4.938e+06 1
270 334 2.720e+06 2
271 207 2.840e+06 3
271 263 5.054e+06 1
271 264 9.223e+06 2
271 270 9.433e+06 1
271 279 5.168e+06 1
271 335 2.698e+06 2
272 208 2.586e+06 3
272 264 4.770e+06 1
272 273 9.382e+06 1
272 279 9.322e+06 2
272 280 4.796e+06 1
272 336 2.615e+06 2
273 209 2.823e+06 3
273 265 5.315e+06 1
273 272 9.392e+06 1
273 274 9.353e+06 2
273 281 5.211e+06 1
273 337 2.795e+06 2
274 210 2.638e+06 3
274 266 4.858e+06 1
274 273 9.347e+06 2
274 275 9.402e+06 1
274 282 4.813e+06 1
274 338 2.638e+06 2
275 211 2.794e+06 3
275 267 5.153e+06 1
275 274 9.408e+06 1
275 276 9.339e+06 2
275 283 5.286e+06 1
275 339 2.753e+06 2
276 212 2.626e+06 3
276 268 4.862e+06 1
276 275 9.336e+06 2
276 277 9.467e+06 1
276 284 4.818e+06 1
276 340 2.635e+06 2
277 213 2.818e+06 3
277 269 5.204e+06 1
277 276 9.473e+06 1
277 278 9.342e+06 2
277 285 5.237e+06 1
277 341 2.779e+06 2
278 214 2.634e+06 3
278 270 4.941e+06 1
278 277 9.338e+06 2
278 279 9.403e+06 1
278 286 4.883e+06 1
278 342 2.694e+06 2
279 215 2.833e+06 3
279 271 5.169e+06 1
279 272 9.327e+06 2
279 278 9.406e+06 1
279 287 5.237e+06 1
279 343 2.754e+06 2
28 20 5.368e+06 1
28 27 9.317e+06 2
28 29 9.401e+06 1
28 36 5.284e+06 2
28 92 2.806e+06 2
28 476 2.874e+06 3
280 216 2.573e+06 3
280 272 4.795e+06 1
280 281 9.294e+06 1
280 287 9.355e+06 2
280 288 4.787e+06 2
280 344 2.598e+06 2
281 217 2.805e+06 3
281 273 5.212e+06 1
281 280 9.301e+06 1
281 282 9.402e+06 2
281 289 5.215e+06 2
281 345 2.803e+06 2
282 218 2.589e+06 3
282 274 4.815e+06 1
282 281 9.397e+06 2
282 283 9.340e+06 1
282 290 4.819e+06 2
282 346 2.615e+06 2
283 219 2.821e+06 3
283 275 5.287e+06 1
283 282 9.346e+06 1
283 284 9.425e+06 2
283 291 5.222e+06 2
283 347 2.809e+06 2
284 220 2.592e+06 3
284 276 4.817e+06 1
284 283 9.419e+06 2
284 285 9.393e+06 1
284 292 4.834e+06 2
284 348 2.630e+06 2
285 221 2.790e+06 3
285 277 5.236e+06 1
285 284 9.400e+06 1
285 286 9.363e+06 2
285 293 5.226e+06 2
285 349 2.816e+06 2
286 222 2.619e+06 3
286 278 4.885e+06 1
286 285 9.358e+06 2
286 287 9.402e+06 1
286 294 4.825e+06 2
286 350 2.688e+06 2
287 223 2.792e+06 3
287 279 5.236e+06 1
287 280 9.362e+06 2
287 286 9.406e+06 1
287 295 5.266e+06 2
287 351 2.850e+06 2
288 224 2.695e+06 3
288 280 4.787e+06 2
288 289 9.294e+06 1
288 295 9.357e+06 2
288 296 5.035e+06 1
288 352 2.565e+06 2
289 225 2.723e+06 3
289 281 5.216e+06 2
289 288 9.297e+06 1
289 290 9.440e+06 2
289 297 5.026e+06 1
289 353 2.844e+06 2
29 21 4.776e+06 1
29 28 9.395e+06 1
29 30 9.360e+06 2
29 37 4.895e+06 2
29 93 2.651e+06 2
29 477 2.635e+06 3
290 226 2.732e+06 3
290 282 4.820e+06 2
290 289 9.436e+06 2
290 291 9.284e+06 1
290 298 5.089e+06 1
290 354 2.640e+06 2
291 227 2.713e+06 3
291 283 5.225e+06 2
291 290 9.286e+06 1
291 292 9.417e+06 2
291 299 5.014e+06 1
291 355 2.764e+06 2
292 228 2.631e+06 3
292 284 4.833e+06 2
292 291 9.413e+06 2
292 293 9.334e+06 1
292 300 4.984e+06 1
292 356 2.594e+06 2
293 229 2.751e+06 3
293 285 5.226e+06 2
293 292 9.338e+06 1
293 294 9.408e+06 2
293 301 5.068e+06 1
293 357 2.785e+06 2
294 230 2.612e+06 3
294 286 4.823e+06 2
294 293 9.405e+06 2
294 295 9.306e+06 1
294 302 4.951e+06 1
294 358 2.635e+06 2
295 231 2.731e+06 3
295 287 5.266e+06 2
295 288 9.360e+06 2
295 294 9.312e+06 1
295 303 5.087e+06 1
295 359 2.754e+06 2
296 232 2.791e+06 3
296 288 5.035e+06 1
296 297 9.318e+06 1
296 303 9.422e+06 2
296 304 5.301e+06 1
296 360 2.714e+06 2
297 233 2.658e+06 3
297 289 5.026e+06 1
297 296 9.318e+06 1
297 298 9.470e+06 2
297 305 4.899e+06 1
297 361 2.647e+06 2
298 234 2.739e+06 3
298 290 5.088e+06 1
298 297 9.473e+06 2
298 299 9.318e+06 1
298 306 5.181e+06 1
298 362 2.757e+06 2
299 235 2.700e+06 3
299 291 5.017e+06 1
299 298 9.315e+06 1
299 300 9.388e+06 2
299 307 4.884e+06 1
299 363 2.688e+06 2
3 2 9.269e+06 1
3 4 9.412e+06 2
3 11 5.113e+06 1
3 59 5.226e+06 2
3 67 2.748e+06 2
3 451 2.602e+06 3
30 22 5.171e+06 1
30 29 9.365e+06 2
30 31 9.368e+06 1
30 38 5.170e+06 2
30 94 2.800e+06 2
30 478 2.698e+06 3
300 236 2.820e+06 3
300 292 4.983e+06 1
300 299 9.391e+06 2
300 301 9.310e+06 1
300 308 5.184e+06 1
300 364 2.667e+06 2
301 237 2.643e+06 3
301 293 5.067e+06 1
301 300 9.307e+06 1
301 302 9.462e+06 2
301 309 4.891e+06 1
301 365 2.678e+06 2
302 238 2.794e+06 3
302 294 4.950e+06 1
302 301 9.465e+06 2
302 303 9.257e+06 1
302 310 5.133e+06 1
302 366 2.654e+06 2
303 239 2.611e+06 3
303 295 5.090e+06 1
303 296 9.416e+06 2
303 302 9.259e+06 1
303 311 4.830e+06 1
303 367 2.749e+06 2
304 240 2.862e+06 3
304 296 5.300e+06 1
304 305 9.384e+06 1
304 311 9.376e+06 2
304 312 5.246e+06 1
304 368 2.820e+06 2
305 241 2.645e+06 3
305 297 4.898e+06 1
305 304 9.380e+06 1
305 306 9.302e+06 2
305 313 4.738e+06 1
305 369 2.621e+06 2
306 242 2.791e+06 3
306 298 5.180e+06 1
306 305 9.310e+06 2
306 307 9.349e+06 1
306 314 5.332e+06 1
306 370 2.797e+06 2
307 243 2.611e+06 3
307 299 4.887e+06 1
307 306 9.343e+06 1
307 308 9.403e+06 2
307 315 4.752e+06 1
307 371 2.650e+06 2
308 244 2.787e+06 3
308 300 5.183e+06 1
308 307 9.408e+06 2
308 309 9.303e+06 1
308 316 5.163e+06 1
308 372 2.806e+06 2
309 245 2.562e+06 3
309 301 4.891e+06 1
309 308 9.300e+06 1
309 310 9.400e+06 2
309 317 4.772e+06 1
309 373 2.675e+06 2
31 23 4.787e+06 1
31 24 9.303e+06 2
31 30 9.365e+06 1
31 39 4.818e+06 2
31 95 2.632e+06 2
31 479 2.591e+06 3
310 246 2.791e+06 3
310 302 5.133e+06 1
310 309 9.407e+06 2
310 311 9.346e+06 1
310 318 5.371e+06 1
310 374 2.729e+06 2
311 247 2.578e+06 3
311 303 4.834e+06 1
311 304 9.367e+06 2
311 310 9.341e+06 1
311 319 4.722e+06 1
311 375 2.634e+06 2
312 248 2.778e+06 3
312 256 5.169e+06 2
312 304 5.244e+06 1
312 313 9.426e+06 1
312 319 9.192e+06 2
312 376 2.901e+06 2
313 249 2.642e+06 3
313 257 4.839e+06 2
313 305 4.734e+06 1
313 312 9.421e+06 1
313 314 9.279e+06 2
313 377 2.571e+06 2
314 250 2.810e+06 3
314 258 5.099e+06 2
314 306 5.330e+06 1
314 313 9.285e+06 2
314 315 9.297e+06 1
314 378 2.755e+06 2
315 251 2.539e+06 3
315 259 4.842e+06 2
315 307 4.754e+06 1
315 314 9.291e+06 1
315 316 9.303e+06 2
315 379 2.603e+06 2
316 252 2.811e+06 3
316 260 5.114e+06 2
316 308 5.162e+06 1
316 315 9.308e+06 2
316 317 9.363e+06 1
316 380 2.847e+06 2
317 253 2.591e+06 3
317 261 4.734e+06 2
317 309 4.770e+06 1
317 316 9.358e+06 1
317 318 9.339e+06 2
317 381 2.629e+06 2
318 254 2.833e+06 3
318 262 5.254e+06 2
318 310 5.370e+06 1
318 317 9.346e+06 2
318 319 9.360e+06 1
318 382 2.716e+06 2
319 255 2.480e+06 3
319 263 4.745e+06 2
319 311 4.723e+06 1
319 312 9.183e+06 2
319 318 9.355e+06 1
319 383 2.552e+06 2
32 24 5.271e+06 2
32 33 9.437e+06 1
32 39 9.277e+06 2
32 40 5.116e+06 1
32 96 2.835e+06 2
32 480 2.741e+06 3
320 256 2.688e+06 2
320 321 9.444e+06 1
320 327 9.214e+06 2
320 328 5.188e+06 1
320 376 5.308e+06 2
320 384 2.811e+06 3
321 257 2.660e+06 2
321 320 9.443e+06 1
321 322 9.282e+06 2
321 329 4.945e+06 1
321 377 4.798e+06 2
321 385 2.689e+06 3
322 258 2.764e+06 2
322 321 9.288e+06 2
322 323 9.307e+06 1
322 330 5.129e+06 1
322 378 5.128e+06 2
322 386 2.851e+06 3
323 259 2.638e+06 2
323 322 9.301e+06 1
323 324 9.287e+06 2
323 331 4.860e+06 1
323 379 4.736e+06 2
323 387 2.492e+06 3
324 260 2.667e+06 2
324 323 9.293e+06 2
324 325 9.370e+06 1
324 332 5.237e+06 1
324 380 5.252e+06 2
324 388 2.827e+06 3
325 261 2.611e+06 2
325 324 9.366e+06 1
325 326 9.294e+06 2
325 333 4.832e+06 1
325 381 4.699e+06 2
325 389 2.587e+06 3
326 262 2.864e+06 2
326 325 9.303e+06 2
326 327 9.279e+06 1
326 334 5.204e+06 1
326 382 5.201e+06 2
326 390 2.895e+06 3
327 263 2.602e+06 2
327 320 9.208e+06 2
327 326 9.273e+06 1
327 335 4.862e+06 1
327 383 4.661e+06 2
327 391 2.533e+06 3
328 264 2.624e+06 2
328 320 5.188e+06 1
328 329 9.437e+06 1
328 335 9.290e+06 2
328 336 5.001e+06 1
328 392 2.810e+06 3
329 265 2.791e+06 2
329 321 4.948e+06 1
329 328 9.439e+06 1
329 330 9.255e+06 2
329 337 5.135e+06 1
329 393 2.649e+06 3
33 25 4.885e+06 2
33 32 9.435e+06 1
33 34 9.302e+06 2
33 41 4.989e+06 1
33 97 2.547e+06 2
33 481 2.758e+06 3
330 266 2.697e+06 2
330 322 5.134e+06 1
330 329 9.257e+06 2
330 331 9.453e+06 1
330 338 4.963e+06 1
330 394 2.752e+06 3
331 267 2.745e+06 2
331 323 4.861e+06 1
331 330 9.453e+06 1
331 332 9.294e+06 2
331 339 5.083e+06 1
331 395 2.625e+06 3
332 268 2.658e+06 2
332 324 5.239e+06 1
332 331 9.297e+06 2
332 333 9.418e+06 1
332 340 5.021e+06 1
332 396 2.798e+06 3
333 269 2.733e+06 2
333 325 4.834e+06 1
333 332 9.416e+06 1
333 334 9.275e+06 2
333 341 5.067e+06 1
333 397 2.640e+06 3
334 270 2.720e+06 2
334 326 5.209e+06 1
334 333 9.279e+06 2
334 335 9.448e+06 1
334 342 5.051e+06 1
334 398 2.794e+06 3
335 271 2.699e+06 2
335 327 4.861e+06 1
335 328 9.286e+06 2
335 334 9.444e+06 1
335 343 4.973e+06 1
335 399 2.560e+06 3
336 272 2.615e+06 2
336 328 5.001e+06 1
336 337 9.415e+06 1
336 343 9.270e+06 2
336 344 4.888e+06 1
336 400 2.750e+06 3
337 273 2.793e+06 2
337 329 5.135e+06 1
337 336 9.420e+06 1
337 338 9.314e+06 2
337 345 5.160e+06 1
337 401 2.689e+06 3
338 274 2.638e+06 2
338 330 4.966e+06 1
338 337 9.312e+06 2
338 339 9.406e+06 1
338 346 4.911e+06 1
338 402 2.726e+06 3
339 275 2.753e+06 2
339 331 5.081e+06 1
339 338 9.410e+06 1
339 340 9.344e+06 2
339 347 5.226e+06 1
339 403 2.730e+06 3
34 26 5.202e+06 2
34 33 9.303e+06 2
34 35 9.446e+06 1
34 42 5.057e+06 1
34 98 2.850e+06 2
34 482 2.662e+06 3
340 276 2.635e+06 2
340 332 5.021e+06 1
340 339 9.342e+06 2
340 341 9.460e+06 1
340 348 4.820e+06 1
340 404 2.693e+06 3
341 277 2.780e+06 2
341 333 5.068e+06 1
341 340 9.463e+06 1
341 342 9.337e+06 2
341 349 5.236e+06 1
341 405 2.736e+06 3
342 278 2.692e+06 2
342 334 5.055e+06 1
342 341 9.336e+06 2
342 343 9.438e+06 1
342 350 4.916e+06 1
342 406 2.675e+06 3
343 279 2.755e+06 2
343 335 4.972e+06 1
343 336 9.270e+06 2
343 342 9.439e+06 1
343 351 5.106e+06 1
343 407 2.676e+06 3
344 280 2.599e+06 2
344 336 4.890e+06 1
344 345 9.356e+06 1
344 351 9.302e+06 2
344 352 4.766e+06 2
344 408 2.670e+06 3
345 281 2.804e+06 2
345 337 5.162e+06 1
345 344 9.363e+06 1
345 346 9.376e+06 2
345 353 5.303e+06 2
345 409 2.839e+06 3
346 282 2.615e+06 2
346 338 4.913e+06 1
346 345 9.371e+06 2
346 347 9.398e+06 1
346 354 4.741e+06 2
346 410 2.605e+06 3
347 283 2.810e+06 2
347 339 5.225e+06 1
347 346 9.403e+06 1
347 348 9.399e+06 2
347 355 5.270e+06 2
347 411 2.796e+06 3
348 284 2.630e+06 2
348 340 4.820e+06 1
348 347 9.392e+06 2
348 349 9.427e+06 1
348 356 4.768e+06 2
348 412 2.551e+06 3
349 285 2.818e+06 2
349 341 5.236e+06 1
349 348 9.435e+06 1
349 350 9.377e+06 2
349 357 5.326e+06 2
349 413 2.820e+06 3
35 27 4.796e+06 2
35 34 9.443e+06 1
35 36 9.250e+06 2
35 43 4.930e+06 1
35 99 2.626e+06 2
35 483 2.622e+06 3
350 286 2.687e+06 2
350 342 4.920e+06 1
350 349 9.371e+06 2
350 351 9.399e+06 1
350 358 4.795e+06 2
350 414 2.624e+06 3
351 287 2.851e+06 2
351 343 5.106e+06 1
351 344 9.306e+06 2
351 350 9.403e+06 1
351 359 5.260e+06 2
351 415 2.747e+06 3
352 288 2.565e+06 2
352 344 4.765e+06 2
352 353 9.384e+06 1
352 359 9.339e+06 2
352 360 4.782e+06 1
352 416 2.585e+06 3
353 289 2.843e+06 2
353 345 5.304e+06 2
353 352 9.393e+06 1
353 354 9.383e+06 2
353 361 5.238e+06 1
353 417 2.802e+06 3
354 290 2.639e+06 2
354 346 4.742e+06 2
354 353 9.377e+06 2
354 355 9.346e+06 1
354 362 4.860e+06 1
354 418 2.534e+06 3
355 291 2.764e+06 2
355 347 5.270e+06 2
355 354 9.353e+06 1
355 356 9.410e+06 2
355 363 5.219e+06 1
355 419 2.821e+06 3
356 292 2.595e+06 2
356 348 4.767e+06 2
356 355 9.403e+06 2
356 357 9.376e+06 1
356 364 4.808e+06 1
356 420 2.581e+06 3
357 293 2.785e+06 2
357 349 5.326e+06 2
357 356 9.385e+06 1
357 358 9.418e+06 2
357 365 5.212e+06 1
357 421 2.885e+06 3
358 294 2.638e+06 2
358 350 4.797e+06 2
358 357 9.412e+06 2
358 359 9.361e+06 1
358 366 4.836e+06 1
358 422 2.612e+06 3
359 295 2.753e+06 2
359 351 5.258e+06 2
359 352 9.347e+06 2
359 358 9.367e+06 1
359 367 5.295e+06 1
359 423 2.768e+06 3
36 28 5.285e+06 2
36 35 9.258e+06 2
36 37 9.447e+06 1
36 44 5.143e+06 1
36 100 2.840e+06 2
36 484 2.752e+06 3
360 296 2.715e+06 2
360 352 4.780e+06 1
360 361 9.357e+06 1
360 367 9.390e+06 2
360 368 5.044e+06 1
360 424 2.569e+06 3
361 297 2.647e+06 2
361 353 5.238e+06 1
361 360 9.360e+06 1
361 362 9.418e+06 2
361 369 5.021e+06 1
361 425 2.864e+06 3
362 298 2.757e+06 2
362 354 4.862e+06 1
362 361 9.416e+06 2
362 363 9.320e+06 1
362 370 5.022e+06 1
362 426 2.609e+06 3
363 299 2.687e+06 2
363 355 5.220e+06 1
363 362 9.324e+06 1
363 364 9.430e+06 2
363 371 5.037e+06 1
363 427 2.790e+06 3
364 300 2.666e+06 2
364 356 4.807e+06 1
364 363 9.428e+06 2
364 365 9.307e+06 1
364 372 5.064e+06 1
364 428 2.597e+06 3
365 301 2.678e+06 2
365 357 5.213e+06 1
365 364 9.312e+06 1
365 366 9.473e+06 2
365 373 5.043e+06 1
365 429 2.808e+06 3
366 302 2.655e+06 2
366 358 4.836e+06 1
366 365 9.471e+06 2
366 367 9.236e+06 1
366 374 4.952e+06 1
366 430 2.569e+06 3
367 303 2.748e+06 2
367 359 5.296e+06 1
367 360 9.394e+06 2
367 366 9.241e+06 1
367 375 5.071e+06 1
367 431 2.792e+06 3
368 304 2.822e+06 2
368 360 5.042e+06 1
368 369 9.321e+06 1
368 375 9.350e+06 2
368 376 5.230e+06 1
368 432 2.706e+06 3
369 305 2.620e+06 2
369 361 5.023e+06 1
369 368 9.319e+06 1
369 370 9.352e+06 2
369 377 4.862e+06 1
369 433 2.738e+06 3
37 29 4.896e+06 2
37 36 9.444e+06 1
37 38 9.269e+06 2
37 45 5.025e+06 1
37 101 2.575e+06 2
37 485 2.765e+06 3
370 306 2.799e+06 2
370 362 5.023e+06 1
370 369 9.353e+06 2
370 371 9.310e+06 1
370 378 5.192e+06 1
370 434 2.694e+06 3
371 307 2.650e+06 2
371 363 5.040e+06 1
371 370 9.308e+06 1
371 372 9.451e+06 2
371 379 4.814e+06 1
371 435 2.701e+06 3
372 308 2.806e+06 2
372 364 5.062e+06 1
372 371 9.456e+06 2
372 373 9.281e+06 1
372 380 5.147e+06 1
372 436 2.743e+06 3
373 309 2.675e+06 2
373 365 5.044e+06 1
373 372 9.281e+06 1
373 374 9.399e+06 2
373 381 4.926e+06 1
373 437 2.745e+06 3
374 310 2.730e+06 2
374 366 4.952e+06 1
374 373 9.401e+06 2
374 375 9.257e+06 1
374 382 5.191e+06 1
374 438 2.758e+06 3
375 311 2.634e+06 2
375 367 5.074e+06 1
375 368 9.345e+06 2
375 374 9.257e+06 1
375 383 4.737e+06 1
375 439 2.708e+06 3
376 312 2.901e+06 2
376 320 5.311e+06 2
376 368 5.228e+06 1
376 377 9.372e+06 1
376 383 9.235e+06 2
376 440 2.868e+06 3
377 313 2.572e+06 2
377 321 4.795e+06 2
377 369 4.859e+06 1
377 376 9.369e+06 1
377 378 9.310e+06 2
377 441 2.577e+06 3
378 314 2.757e+06 2
378 322 5.125e+06 2
378 370 5.190e+06 1
378 377 9.315e+06 2
378 379 9.265e+06 1
378 442 2.690e+06 3
379 315 2.604e+06 2
379 323 4.736e+06 2
379 371 4.817e+06 1
379 378 9.262e+06 1
379 380 9.394e+06 2
379 443 2.705e+06 3
38 30 5.170e+06 2
38 37 9.273e+06 2
38 39 9.438e+06 1
38 46 5.082e+06 1
38 102 2.751e+06 2
38 486 2.646e+06 3
380 316 2.848e+06 2
380 324 5.254e+06 2
380 372 5.141e+06 1
380 379 9.401e+06 2
380 381 9.327e+06 1
380 444 2.849e+06 3
381 317 2.630e+06 2
381 325 4.700e+06 2
381 373 4.923e+06 1
381 380 9.324e+06 1
381 382 9.348e+06 2
381 445 2.577e+06 3
382 318 2.716e+06 2
382 326 5.195e+06 2
382 374 5.188e+06 1
382 381 9.354e+06 2
382 383 9.210e+06 1
382 446 2.638e+06 3
383 319 2.553e+06 2
383 327 4.660e+06 2
383 375 4.741e+06 1
383 376 9.226e+06 2
383 382 9.205e+06 1
383 447 2.633e+06 3
384 320 2.813e+06 3
384 385 9.368e+06 1
384 391 9.372e+06 2
384 392 5.372e+06 1
384 440 5.270e+06 2
384 448 2.936e+06 2
385 321 2.690e+06 3
385 384 9.363e+06 1
385 386 9.365e+06 2
385 393 4.815e+06 1
385 441 4.735e+06 2
385 449 2.620e+06 2
386 322 2.852e+06 3
386 385 9.370e+06 2
386 387 9.240e+06 1
386 394 5.234e+06 1
386 442 5.012e+06 2
386 450 2.704e+06 2
387 323 2.493e+06 3
387 386 9.237e+06 1
387 388 9.401e+06 2
387 395 4.829e+06 1
387 443 4.849e+06 2
387 451 2.616e+06 2
388 324 2.829e+06 3
388 387 9.407e+06 2
388 389 9.333e+06 1
388 396 5.273e+06 1
388 444 5.175e+06 2
388 452 2.764e+06 2
389 325 2.588e+06 3
389 388 9.328e+06 1
389 390 9.358e+06 2
389 397 4.753e+06 1
389 445 4.795e+06 2
389 453 2.662e+06 2
39 31 4.817e+06 2
39 32 9.273e+06 2
39 38 9.435e+06 1
39 47 4.944e+06 1
39 103 2.650e+06 2
39 487 2.653e+06 3
390 326 2.894e+06 3
390 389 9.366e+06 2
390 391 9.231e+06 1
390 398 5.273e+06 1
390 446 5.077e+06 2
390 454 2.772e+06 2
391 327 2.533e+06 3
391 384 9.363e+06 2
391 390 9.227e+06 1
391 399 4.754e+06 1
391 447 4.747e+06 2
391 455 2.556e+06 2
392 328 2.808e+06 3
392 384 5.372e+06 1
392 393 9.442e+06 1
392 399 9.354e+06 2
392 400 5.202e+06 1
392 456 2.766e+06 2
393 329 2.649e+06 3
393 385 4.820e+06 1
393 392 9.438e+06 1
393 394 9.347e+06 2
393 401 4.877e+06 1
393 457 2.656e+06 2
394 330 2.752e+06 3
394 386 5.236e+06 1
394 393 9.352e+06 2
394 395 9.428e+06 1
394 402 5.133e+06 1
394 458 2.814e+06 2
395 331 2.625e+06 3
395 387 4.829e+06 1
395 394 9.425e+06 1
395 396 9.360e+06 2
395 403 4.931e+06 1
395 459 2.645e+06 2
396 332 2.800e+06 3
396 388 5.274e+06 1
396 395 9.366e+06 2
396 397 9.391e+06 1
396 404 5.226e+06 1
396 460 2.795e+06 2
397 333 2.641e+06 3
397 389 4.758e+06 1
397 396 9.385e+06 1
397 398 9.341e+06 2
397 405 4.863e+06 1
397 461 2.616e+06 2
398 334 2.793e+06 3
398 390 5.275e+06 1
398 397 9.346e+06 2
398 399 9.433e+06 1
398 406 5.191e+06 1
398 462 2.834e+06 2
399 335 2.559e+06 3
399 391 4.753e+06 1
399 392 9.346e+06 2
399 398 9.427e+06 1
399 407 4.834e+06 1
399 463 2.599e+06 2
4 3 9.411e+06 2
4 5 9.234e+06 1
4 12 5.094e+06 1
4 60 4.863e+06 2
4 68 2.640e+06 2
4 452 2.804e+06 3
40 32 5.117e+06 1
40 41 9.432e+06 1
40 47 9.298e+06 2
40 48 4.907e+06 1
40 104 2.738e+06 2
40 488 2.675e+06 3
400 336 2.748e+06 3
400 392 5.205e+06 1
400 401 9.413e+06 1
400 407 9.265e+06 2
400 408 5.042e+06 1
400 464 2.783e+06 2
401 337 2.691e+06 3
401 393 4.876e+06 1
401 400 9.411e+06 1
401 402 9.313e+06 2
401 409 5.026e+06 1
401 465 2.608e+06 2
402 338 2.725e+06 3
402 394 5.135e+06 1
402 401 9.315e+06 2
402 403 9.417e+06 1
402 410 5.068e+06 1
402 466 2.767e+06 2
403 339 2.729e+06 3
403 395 4.929e+06 1
403 402 9.417e+06 1
403 404 9.328e+06 2
403 411 5.026e+06 1
403 467 2.600e+06 2
404 340 2.692e+06 3
404 396 5.226e+06 1
404 403 9.332e+06 2
404 405 9.449e+06 1
404 412 5.013e+06 1
404 468 2.819e+06 2
405 341 2.736e+06 3
405 397 4.865e+06 1
405 404 9.446e+06 1
405 406 9.297e+06 2
405 413 5.029e+06 1
405 469 2.586e+06 2
406 342 2.676e+06 3
406 398 5.192e+06 1
406 405 9.298e+06 2
406 407 9.436e+06 1
406 414 5.114e+06 1
406 470 2.808e+06 2
407 343 2.676e+06 3
407 399 4.831e+06 1
407 400 9.260e+06 2
407 406 9.431e+06 1
407 415 4.925e+06 1
407 471 2.547e+06 2
408 344 2.670e+06 3
408 400 5.045e+06 1
408 409 9.378e+06 1
408 415 9.243e+06 2
408 416 4.830e+06 2
408 472 2.710e+06 2
409 345 2.841e+06 3
409 401 5.027e+06 1
409 408 9.383e+06 1
409 410 9.304e+06 2
409 417 5.291e+06 2
409 473 2.797e+06 2
41 33 4.990e+06 1
41 40 9.433e+06 1
41 42 9.265e+06 2
41 49 5.174e+06 1
41 105 2.589e+06 2
41 489 2.858e+06 3
410 346 2.606e+06 3
410 402 5.069e+06 1
410 409 9.300e+06 2
410 411 9.400e+06 1
410 418 4.787e+06 2
410 474 2.697e+06 2
411 347 2.797e+06 3
411 403 5.025e+06 1
411 410 9.402e+06 1
411 412 9.326e+06 2
411 419 5.240e+06 2
411 475 2.743e+06 2
412 348 2.550e+06 3
412 404 5.014e+06 1
412 411 9.323e+06 2
412 413 9.442e+06 1
412 420 4.830e+06 2
412 476 2.747e+06 2
413 349 2.820e+06 3
413 405 5.030e+06 1
413 412 9.445e+06 1
413 414 9.309e+06 2
413 421 5.175e+06 2
413 477 2.661e+06 2
414 350 2.625e+06 3
414 406 5.116e+06 1
414 413 9.308e+06 2
414 415 9.416e+06 1
414 422 4.932e+06 2
414 478 2.783e+06 2
415 351 2.746e+06 3
415 407 4.923e+06 1
415 408 9.242e+06 2
415 414 9.416e+06 1
415 423 5.137e+06 2
415 479 2.663e+06 2
416 352 2.587e+06 3
416 408 4.831e+06 2
416 417 9.413e+06 1
416 423 9.282e+06 2
416 424 4.777e+06 1
416 480 2.636e+06 2
417 353 2.801e+06 3
417 409 5.291e+06 2
417 416 9.422e+06 1
417 418 9.308e+06 2
417 425 5.262e+06 1
417 481 2.777e+06 2
418 354 2.533e+06 3
418 410 4.789e+06 2
418 417 9.302e+06 2
418 419 9.382e+06 1
418 426 4.757e+06 1
418 482 2.564e+06 2
419 355 2.821e+06 3
419 411 5.238e+06 2
419 418 9.389e+06 1
419 420 9.355e+06 2
419 427 5.300e+06 1
419 483 2.759e+06 2
42 34 5.058e+06 1
42 41 9.263e+06 2
42 43 9.440e+06 1
42 50 4.898e+06 1
42 106 2.779e+06 2
42 490 2.565e+06 3
420 356 2.582e+06 3
420 412 4.831e+06 2
420 419 9.349e+06 2
420 421 9.412e+06 1
420 428 4.770e+06 1
420 484 2.666e+06 2
421 357 2.885e+06 3
421 413 5.177e+06 2
421 420 9.418e+06 1
421 422 9.320e+06 2
421 429 5.273e+06 1
421 485 2.724e+06 2
422 358 2.614e+06 3
422 414 4.935e+06 2
422 421 9.315e+06 2
422 423 9.452e+06 1
422 430 4.792e+06 1
422 486 2.679e+06 2
423 359 2.768e+06 3
423 415 5.134e+06 2
423 416 9.287e+06 2
423 422 9.458e+06 1
423 431 5.296e+06 1
423 487 2.767e+06 2
424 360 2.569e+06 3
424 416 4.777e+06 1
424 425 9.385e+06 1
424 431 9.272e+06 2
424 432 4.802e+06 1
424 488 2.621e+06 2
425 361 2.863e+06 3
425 417 5.265e+06 1
425 424 9.391e+06 1
425 426 9.361e+06 2
425 433 5.237e+06 1
425 489 2.794e+06 2
426 362 2.608e+06 3
426 418 4.759e+06 1
426 425 9.355e+06 2
426 427 9.351e+06 1
426 434 4.815e+06 1
426 490 2.612e+06 2
427 363 2.790e+06 3
427 419 5.299e+06 1
427 426 9.358e+06 1
427 428 9.398e+06 2
427 435 5.206e+06 1
427 491 2.780e+06 2
428 364 2.597e+06 3
428 420 4.770e+06 1
428 427 9.394e+06 2
428 429 9.393e+06 1
428 436 4.861e+06 1
428 492 2.580e+06 2
429 365 2.808e+06 3
429 421 5.276e+06 1
429 428 9.401e+06 1
429 430 9.377e+06 2
429 437 5.223e+06 1
429 493 2.823e+06 2
43 35 4.928e+06 1
43 42 9.442e+06 1
43 44 9.242e+06 2
43 51 5.155e+06 1
43 107 2.682e+06 2
43 491 2.712e+06 3
430 366 2.570e+06 3
430 422 4.794e+06 1
430 429 9.370e+06 2
430 431 9.336e+06 1
430 438 4.804e+06 1
430 494 2.560e+06 2
431 367 2.791e+06 3
431 423 5.295e+06 1
431 424 9.278e+06 2
431 430 9.342e+06 1
431 439 5.213e+06 1
431 495 2.782e+06 2
432 368 2.706e+06 3
432 424 4.801e+06 1
432 433 9.301e+06 1
432 439 9.312e+06 2
432 440 5.039e+06 1
432 496 2.598e+06 2
433 369 2.737e+06 3
433 425 5.239e+06 1
433 432 9.304e+06 1
433 434 9.417e+06 2
433 441 5.114e+06 1
433 497 2.834e+06 2
434 370 2.694e+06 3
434 426 4.816e+06 1
434 433 9.412e+06 2
434 435 9.336e+06 1
434 442 4.929e+06 1
434 498 2.630e+06 2
435 371 2.700e+06 3
435 427 5.207e+06 1
435 434 9.340e+06 1
435 436 9.431e+06 2
435 443 5.083e+06 1
435 499 2.810e+06 2
436 372 2.744e+06 3
436 428 4.860e+06 1
436 435 9.430e+06 2
436 437 9.320e+06 1
436 444 4.995e+06 1
436 500 2.583e+06 2
437 373 2.743e+06 3
437 429 5.224e+06 1
437 436 9.327e+06 1
437 438 9.382e+06 2
437 445 5.095e+06 1
437 501 2.856e+06 2
438 374 2.760e+06 3
438 430 4.805e+06 1
438 437 9.377e+06 2
438 439 9.246e+06 1
438 446 4.949e+06 1
438 502 2.617e+06 2
439 375 2.709e+06 3
439 431 5.213e+06 1
439 432 9.314e+06 2
439 438 9.250e+06 1
439 447 5.016e+06 1
439 503 2.802e+06 2
44 36 5.143e+06 1
44 43 9.244e+06 2
44 45 9.416e+06 1
44 52 4.885e+06 1
44 108 2.725e+06 2
44 492 2.658e+06 3
440 376 2.868e+06 3
440 384 5.269e+06 2
440 432 5.038e+06 1
440 441 9.248e+06 1
440 447 9.337e+06 2
440 504 2.631e+06 2
441 377 2.576e+06 3
441 385 4.732e+06 2
441 433 5.112e+06 1
441 440 9.245e+06 1
441 442 9.294e+06 2
441 505 2.607e+06 2
442 378 2.688e+06 3
442 386 5.008e+06 2
442 434 4.927e+06 1
442 441 9.296e+06 2
442 443 9.272e+06 1
442 506 2.655e+06 2
443 379 2.706e+06 3
443 387 4.852e+06 2
443 435 5.083e+06 1
443 442 9.272e+06 1
443 444 9.456e+06 2
443 507 2.826e+06 2
444 380 2.848e+06 3
444 388 5.176e+06 2
444 436 4.993e+06 1
444 443 9.460e+06 2
444 445 9.254e+06 1
444 508 2.654e+06 2
445 381 2.576e+06 3
445 389 4.792e+06 2
445 437 5.091e+06 1
445 444 9.253e+06 1
445 446 9.320e+06 2
445 509 2.671e+06 2
446 382 2.638e+06 3
446 390 5.075e+06 2
446 438 4.948e+06 1
446 445 9.322e+06 2
446 447 9.171e+06 1
446 510 2.630e+06 2
447 383 2.634e+06 3
447 391 4.749e+06 2
447 439 5.018e+06 1
447 440 9.331e+06 2
447 446 9.171e+06 1
447 511 2.795e+06 2
448 0 2.798e+06 3
448 384 2.936e+06 2
448 449 9.151e+06 1
448 455 9.322e+06 2
448 456 5.301e+06 1
448 504 5.064e+06 2
449 1 2.669e+06 3
449 385 2.618e+06 2
449 448 9.149e+06 1
449 450 9.326e+06 2
449 457 4.759e+06 1
449 505 4.806e+06 2
45 37 5.024e+06 1
45 44 9.417e+06 1
45 46 9.255e+06 2
45 53 5.135e+06 1
45 109 2.623e+06 2
45 493 2.805e+06 3
450 2 2.659e+06 3
450 386 2.704e+06 2
450 449 9.331e+06 2
450 451 9.222e+06 1
450 458 5.178e+06 1
450 506 4.856e+06 2
451 3 2.603e+06 3
451 387 2.616e+06 2
451 450 9.223e+06 1
451 452 9.391e+06 2
451 459 4.924e+06 1
451 507 5.041e+06 2
452 4 2.805e+06 3
452 388 2.762e+06 2
452 451 9.395e+06 2
452 453 9.191e+06 1
452 460 5.198e+06 1
452 508 5.004e+06 2
453 5 2.707e+06 3
453 389 2.662e+06 2
453 452 9.190e+06 1
453 454 9.377e+06 2
453 461 4.825e+06 1
453 509 4.886e+06 2
454 6 2.624e+06 3
454 390 2.770e+06 2
454 453 9.379e+06 2
454 455 9.154e+06 1
454 462 5.132e+06 1
454 510 4.891e+06 2
455 7 2.658e+06 3
455 391 2.556e+06 2
455 448 9.318e+06 2
455 454 9.154e+06 1
455 463 4.855e+06 1
455 511 5.015e+06 2
456 8 2.873e+06 3
456 392 2.766e+06 2
456 448 5.302e+06 1
456 457 9.333e+06 1
456 463 9.305e+06 2
456 464 5.308e+06 1
457 9 2.551e+06 3
457 393 2.655e+06 2
457 449 4.763e+06 1
457 456 9.328e+06 1
457 458 9.389e+06 2
457 465 4.832e+06 1
458 10 2.756e+06 3
458 394 2.814e+06 2
458 450 5.180e+06 1
458 457 9.396e+06 2
458 459 9.390e+06 1
458 466 5.155e+06 1
459 11 2.614e+06 3
459 395 2.645e+06 2
459 451 4.924e+06 1
459 458 9.389e+06 1
459 460 9.373e+06 2
459 467 4.880e+06 1
46 38 5.085e+06 1
46 45 9.255e+06 2
46 47 9.442e+06 1
46 54 4.977e+06 1
46 110 2.787e+06 2
46 494 2.606e+06 3
460 12 2.864e+06 3
460 396 2.796e+06 2
460 452 5.200e+06 1
460 459 9.379e+06 2
460 461 9.257e+06 1
460 468 5.314e+06 1
461 13 2.560e+06 3
461 397 2.615e+06 2
461 453 4.830e+06 1
461 460 9.252e+06 1
461 462 9.409e+06 2
461 469 4.744e+06 1
462 14 2.719e+06 3
462 398 2.834e+06 2
462 454 5.131e+06 1
462 461 9.416e+06 2
462 463 9.271e+06 1
462 470 5.204e+06 1
463 15 2.542e+06 3
463 399 2.599e+06 2
463 455 4.853e+06 1
463 456 9.296e+06 2
463 462 9.265e+06 1
463 471 4.808e+06 1
464 16 2.836e+06 3
464 400 2.782e+06 2
464 456 5.309e+06 1
464 465 9.389e+06 1
464 471 9.264e+06 2
464 472 5.264e+06 1
465 17 2.640e+06 3
465 401 2.609e+06 2
465 457 4.834e+06 1
465 464 9.383e+06 1
465 466 9.347e+06 2
465 473 4.906e+06 1
466 18 2.705e+06 3
466 402 2.768e+06 2
466 458 5.156e+06 1
466 465 9.351e+06 2
466 467 9.437e+06 1
466 474 5.138e+06 1
467 19 2.683e+06 3
467 403 2.602e+06 2
467 459 4.880e+06 1
467 466 9.433e+06 1
467 468 9.336e+06 2
467 475 4.866e+06 1
468 20 2.868e+06 3
468 404 2.818e+06 2
468 460 5.315e+06 1
468 467 9.343e+06 2
468 469 9.388e+06 1
468 476 5.305e+06 1
469 21 2.595e+06 3
469 405 2.585e+06 2
469 461 4.745e+06 1
469 468 9.380e+06 1
469 470 9.335e+06 2
469 477 4.804e+06 1
47 39 4.941e+06 1
47 40 9.299e+06 2
47 46 9.443e+06 1
47 55 5.117e+06 1
47 111 2.688e+06 2
47 495 2.712e+06 3
470 22 2.733e+06 3
470 406 2.808e+06 2
470 462 5.204e+06 1
470 469 9.340e+06 2
470 471 9.343e+06 1
470 478 5.197e+06 1
471 23 2.664e+06 3
471 407 2.548e+06 2
471 463 4.806e+06 1
471 464 9.255e+06 2
471 470 9.337e+06 1
471 479 4.799e+06 1
472 24 2.909e+06 3
472 408 2.708e+06 2
472 464 5.267e+06 1
472 473 9.393e+06 1
472 479 9.260e+06 2
472 480 5.078e+06 2
473 25 2.656e+06 3
473 409 2.796e+06 2
473 465 4.907e+06 1
473 472 9.392e+06 1
473 474 9.306e+06 2
473 481 5.142e+06 2
474 26 2.684e+06 3
474 410 2.696e+06 2
474 466 5.139e+06 1
474 473 9.307e+06 2
474 475 9.428e+06 1
474 482 4.905e+06 2
475 27 2.622e+06 3
475 411 2.743e+06 2
475 467 4.867e+06 1
475 474 9.427e+06 1
475 476 9.254e+06 2
475 483 5.015e+06 2
476 28 2.872e+06 3
476 412 2.748e+06 2
476 468 5.307e+06 1
476 475 9.258e+06 2
476 477 9.416e+06 1
476 484 5.139e+06 2
477 29 2.634e+06 3
477 413 2.661e+06 2
477 469 4.805e+06 1
477 476 9.411e+06 1
477 478 9.273e+06 2
477 485 4.965e+06 2
478 30 2.699e+06 3
478 414 2.784e+06 2
478 470 5.197e+06 1
478 477 9.276e+06 2
478 479 9.408e+06 1
478 486 5.103e+06 2
479 31 2.590e+06 3
479 415 2.665e+06 2
479 471 4.799e+06 1
479 472 9.255e+06 2
479 478 9.405e+06 1
479 487 4.949e+06 2
48 40 4.907e+06 1
48 49 9.335e+06 1
48 55 9.316e+06 2
48 56 4.823e+06 1
48 112 2.666e+06 2
48 496 2.569e+06 3
480 32 2.742e+06 3
480 416 2.635e+06 2
480 472 5.081e+06 2
480 481 9.428e+06 1
480 487 9.280e+06 2
480 488 4.942e+06 1
481 33 2.759e+06 3
481 417 2.778e+06 2
481 473 5.142e+06 2
481 480 9.432e+06 1
481 482 9.301e+06 2
481 489 5.230e+06 1
482 34 2.663e+06 3
482 418 2.566e+06 2
482 474 4.907e+06 2
482 481 9.298e+06 2
482 483 9.445e+06 1
482 490 4.851e+06 1
483 35 2.624e+06 3
483 419 2.759e+06 2
483 475 5.013e+06 2
483 482 9.450e+06 1
483 484 9.250e+06 2
483 491 5.123e+06 1
484 36 2.752e+06 3
484 420 2.666e+06 2
484 476 5.141e+06 2
484 483 9.252e+06 2
484 485 9.431e+06 1
484 492 4.954e+06 1
485 37 2.765e+06 3
485 421 2.724e+06 2
485 477 4.965e+06 2
485 484 9.433e+06 1
485 486 9.244e+06 2
485 493 5.223e+06 1
486 38 2.648e+06 3
486 422 2.678e+06 2
486 478 5.103e+06 2
486 485 9.243e+06 2
486 487 9.480e+06 1
486 494 4.858e+06 1
487 39 2.652e+06 3
487 423 2.769e+06 2
487 479 4.947e+06 2
487 480 9.278e+06 2
487 486 9.482e+06 1
487 495 5.112e+06 1
488 40 2.673e+06 3
488 424 2.622e+06 2
488 480 4.943e+06 1
488 489 9.414e+06 1
488 495 9.268e+06 2
488 496 4.794e+06 1
489 41 2.858e+06 3
489 425 2.793e+06 2
489 481 5.231e+06 1
489 488 9.421e+06 1
489 490 9.300e+06 2
489 497 5.341e+06 1
49 41 5.174e+06 1
49 48 9.341e+06 1
49 50 9.286e+06 2
49 57 5.321e+06 1
49 113 2.777e+06 2
49 497 2.876e+06 3
490 42 2.565e+06 3
490 426 2.610e+06 2
490 482 4.854e+06 1
490 489 9.294e+06 2
490 491 9.439e+06 1
490 498 4.746e+06 1
491 43 2.712e+06 3
491 427 2.780e+06 2
491 483 5.122e+06 1
491 490 9.446e+06 1
491 492 9.281e+06 2
491 499 5.251e+06 1
492 44 2.660e+06 3
492 428 2.579e+06 2
492 484 4.953e+06 1
492 491 9.278e+06 2
492 493 9.424e+06 1
492 500 4.780e+06 1
493 45 2.806e+06 3
493 429 2.823e+06 2
493 485 5.224e+06 1
493 492 9.431e+06 1
493 494 9.295e+06 2
493 501 5.303e+06 1
494 46 2.608e+06 3
494 430 2.560e+06 2
494 486 4.859e+06 1
494 493 9.289e+06 2
494 495 9.432e+06 1
494 502 4.789e+06 1
495 47 2.711e+06 3
495 431 2.783e+06 2
495 487 5.111e+06 1
495 488 9.270e+06 2
495 494 9.438e+06 1
495 503 5.202e+06 1
496 48 2.571e+06 3
496 432 2.598e+06 2
496 488 4.793e+06 1
496 497 9.307e+06 1
496 503 9.352e+06 2
496 504 4.822e+06 1
497 49 2.876e+06 3
497 433 2.834e+06 2
497 489 5.340e+06 1
497 496 9.314e+06 1
497 498 9.341e+06 2
497 505 5.286e+06 1
498 50 2.582e+06 3
498 434 2.629e+06 2
498 490 4.747e+06 1
498 497 9.335e+06 2
498 499 9.380e+06 1
498 506 4.740e+06 1
499 51 2.787e+06 3
499 435 2.811e+06 2
499 491 5.251e+06 1
499 498 9.388e+06 1
499 500 9.351e+06 2
499 507 5.222e+06 1
5 4 9.237e+06 1
5 6 9.301e+06 2
5 13 4.993e+06 1
5 61 5.007e+06 2
5 69 2.797e+06 2
5 453 2.707e+06 3
50 42 4.900e+06 1
50 49 9.281e+06 2
50 51 9.410e+06 1
50 58 4.727e+06 1
50 114 2.696e+06 2
50 498 2.583e+06 3
500 52 2.621e+06 3
500 436 2.582e+06 2
500 492 4.781e+06 1
500 499 9.346e+06 2
500 501 9.331e+06 1
500 508 4.846e+06 1
501 53 2.847e+06 3
501 437 2.856e+06 2
501 493 5.305e+06 1
501 500 9.339e+06 1
501 502 9.296e+06 2
501 509 5.262e+06 1
502 54 2.643e+06 3
502 438 2.617e+06 2
502 494 4.791e+06 1
502 501 9.290e+06 2
502 503 9.356e+06 1
502 510 4.758e+06 1
503 55 2.721e+06 3
503 439 2.802e+06 2
503 495 5.200e+06 1
503 496 9.358e+06 2
503 502 9.362e+06 1
503 511 5.186e+06 1
504 56 2.602e+06 3
504 440 2.629e+06 2
504 448 5.060e+06 2
504 496 4.821e+06 1
504 505 9.119e+06 1
504 511 9.364e+06 2
505 57 2.736e+06 3
505 441 2.607e+06 2
505 449 4.803e+06 2
505 497 5.285e+06 1
505 504 9.121e+06 1
505 506 9.212e+06 2
506 58 2.594e+06 3
506 442 2.655e+06 2
506 450 4.855e+06 2
506 498 4.739e+06 1
506 505 9.211e+06 2
506 507 9.261e+06 1
507 59 2.864e+06 3
507 443 2.825e+06 2
507 451 5.046e+06 2
507 499 5.221e+06 1
507 506 9.267e+06 1
507 508 9.426e+06 2
508 60 2.607e+06 3
508 444 2.655e+06 2
508 452 5.004e+06 2
508 500 4.845e+06 1
508 507 9.423e+06 2
508 509 9.223e+06 1
509 61 2.703e+06 3
509 445 2.670e+06 2
509 453 4.883e+06 2
509 501 5.261e+06 1
509 508 9.226e+06 1
509 510 9.246e+06 2
51 43 5.153e+06 1
51 50 9.415e+06 1
51 52 9.288e+06 2
51 59 5.207e+06 1
51 115 2.733e+06 2
51 499 2.787e+06 3
510 62 2.639e+06 3
510 446 2.630e+06 2
510 454 4.891e+06 2
510 502 4.758e+06 1
510 509 9.243e+06 2
510 511 9.209e+06 1
511 63 2.867e+06 3
511 447 2.793e+06 2
511 455 5.020e+06 2
511 503 5.185e+06 1
511 504 9.366e+06 2
511 510 9.215e+06 1
52 44 4.887e+06 1
52 51 9.283e+06 2
52 53 9.302e+06 1
52 60 4.828e+06 1
52 116 2.700e+06 2
52 500 2.623e+06 3
53 45 5.135e+06 1
53 52 9.308e+06 1
53 54 9.232e+06 2
53 61 5.286e+06 1
53 117 2.719e+06 2
53 501 2.847e+06 3
54 46 4.979e+06 1
54 53 9.227e+06 2
54 55 9.450e+06 1
54 62 4.753e+06 1
54 118 2.644e+06 2
54 502 2.643e+06 3
55 47 5.114e+06 1
55 48 9.320e+06 2
55 54 9.455e+06 1
55 63 5.210e+06 1
55 119 2.820e+06 2
55 503 2.722e+06 3
56 0 4.798e+06 2
56 48 4.822e+06 1
56 57 9.173e+06 1
56 63 9.318e+06 2
56 120 2.524e+06 2
56 504 2.604e+06 3
57 1 5.007e+06 2
57 49 5.318e+06 1
57 56 9.176e+06 1
57 58 9.209e+06 2
57 121 2.744e+06 2
57 505 2.737e+06 3
58 2 4.725e+06 2
58 50 4.727e+06 1
58 57 9.203e+06 2
58 59 9.316e+06 1
58 122 2.621e+06 2
58 506 2.595e+06 3
59 3 5.230e+06 2
59 51 5.204e+06 1
59 58 9.324e+06 1
59 60 9.380e+06 2
59 123 2.891e+06 2
59 507 2.864e+06 3
6 5 9.298e+06 2
6 7 9.166e+06 1
6 14 4.966e+06 1
6 62 4.686e+06 2
6 70 2.568e+06 2
6 454 2.625e+06 3
60 4 4.862e+06 2
60 52 4.826e+06 1
60 59 9.375e+06 2
60 61 9.292e+06 1
60 124 2.579e+06 2
60 508 2.607e+06 3
61 5 5.005e+06 2
61 53 5.285e+06 1
61 60 9.295e+06 1
61 62 9.171e+06 2
61 125 2.749e+06 2
61 509 2.703e+06 3
62 6 4.685e+06 2
62 54 4.754e+06 1
62 61 9.166e+06 2
62 63 9.299e+06 1
62 126 2.582e+06 2
62 510 2.638e+06 3
63 7 5.228e+06 2
63 55 5.206e+06 1
63 56 9.324e+06 2
63 62 9.309e+06 1
63 127 2.896e+06 2
63 511 2.866e+06 3
64 0 2.693e+06 2
64 65 9.266e+06 1
64 71 9.328e+06 2
64 72 4.805e+06 1
64 120 4.664e+06 2
64 128 2.612e+06 3
65 1 2.761e+06 2
65 64 9.273e+06 1
65 66 9.187e+06 2
65 73 5.189e+06 1
65 121 5.071e+06 2
65 129 2.746e+06 3
66 2 2.540e+06 2
66 65 9.181e+06 2
66 67 9.303e+06 1
66 74 4.837e+06 1
66 122 4.682e+06 2
66 130 2.601e+06 3
67 3 2.749e+06 2
67 66 9.311e+06 1
67 68 9.391e+06 2
67 75 5.262e+06 1
67 123 5.258e+06 2
67 131 2.854e+06 3
68 4 2.642e+06 2
68 67 9.384e+06 2
68 69 9.332e+06 1
68 76 4.833e+06 1
68 124 4.784e+06 2
68 132 2.655e+06 3
69 5 2.797e+06 2
69 68 9.337e+06 1
69 70 9.186e+06 2
69 77 5.232e+06 1
69 125 5.068e+06 2
69 133 2.730e+06 3
7 0 9.331e+06 2
7 6 9.171e+06 1
7 15 5.034e+06 1
7 63 5.223e+06 2
7 71 2.702e+06 2
7 455 2.658e+06 3
70 6 2.569e+06 2
70 69 9.180e+06 2
70 71 9.310e+06 1
70 78 4.813e+06 1
70 126 4.653e+06 2
70 134 2.500e+06 3
71 7 2.703e+06 2
71 64 9.335e+06 2
71 70 9.316e+06 1
71 79 5.293e+06 1
71 127 5.297e+06 2
71 135 2.832e+06 3
72 8 2.683e+06 2
72 64 4.807e+06 1
72 73 9.243e+06 1
72 79 9.394e+06 2
72 80 5.092e+06 1
72 136 2.633e+06 3
73 9 2.731e+06 2
73 65 5.192e+06 1
73 72 9.246e+06 1
73 74 9.437e+06 2
73 81 4.983e+06 1
73 137 2.769e+06 3
74 10 2.725e+06 2
74 66 4.836e+06 1
74 73 9.434e+06 2
74 75 9.283e+06 1
74 82 5.083e+06 1
74 138 2.662e+06 3
75 11 2.709e+06 2
75 67 5.262e+06 1
75 74 9.288e+06 1
75 76 9.446e+06 2
75 83 5.047e+06 1
75 139 2.790e+06 3
76 12 2.734e+06 2
76 68 4.834e+06 1
76 75 9.445e+06 2
76 77 9.315e+06 1
76 84 5.025e+06 1
76 140 2.608e+06 3
77 13 2.734e+06 2
77 69 5.238e+06 1
77 76 9.318e+06 1
77 78 9.427e+06 2
77 85 5.057e+06 1
77 141 2.889e+06 3
78 14 2.733e+06 2
78 70 4.814e+06 1
78 77 9.424e+06 2
78 79 9.290e+06 1
78 86 5.029e+06 1
78 142 2.601e+06 3
79 15 2.681e+06 2
79 71 5.295e+06 1
79 72 9.395e+06 2
79 78 9.292e+06 1
79 87 4.942e+06 1
79 143 2.816e+06 3
8 0 5.088e+06 1
8 9 9.257e+06 1
8 15 9.319e+06 2
8 16 5.291e+06 1
8 72 2.682e+06 2
8 456 2.873e+06 3
80 16 2.846e+06 2
80 72 5.094e+06 1
80 81 9.264e+06 1
80 87 9.435e+06 2
80 88 5.228e+06 1
80 144 2.750e+06 3
81 17 2.653e+06 2
81 73 4.985e+06 1
81 80 9.263e+06 1
81 82 9.389e+06 2
81 89 4.808e+06 1
81 145 2.671e+06 3
82 18 2.720e+06 2
82 74 5.081e+06 1
82 81 9.394e+06 2
82 83 9.318e+06 1
82 90 5.164e+06 1
82 146 2.744e+06 3
83 19 2.609e+06 2
83 75 5.049e+06 1
83 82 9.317e+06 1
83 84 9.462e+06 2
83 91 4.907e+06 1
83 147 2.728e+06 3
84 20 2.770e+06 2
84 76 5.026e+06 1
84 83 9.466e+06 2
84 85 9.282e+06 1
84 92 5.198e+06 1
84 148 2.721e+06 3
85 21 2.566e+06 2
85 77 5.060e+06 1
85 84 9.281e+06 1
85 86 9.425e+06 2
85 93 4.880e+06 1
85 149 2.704e+06 3
86 22 2.813e+06 2
86 78 5.028e+06 1
86 85 9.427e+06 2
86 87 9.257e+06 1
86 94 5.144e+06 1
86 150 2.672e+06 3
87 23 2.593e+06 2
87 79 4.941e+06 1
87 80 9.428e+06 2
87 86 9.255e+06 1
87 95 4.849e+06 1
87 151 2.724e+06 3
88 24 2.746e+06 2
88 80 5.228e+06 1
88 89 9.374e+06 1
88 95 9.383e+06 2
88 96 5.299e+06 2
88 152 2.839e+06 3
89 25 2.592e+06 2
89 81 4.808e+06 1
89 88 9.369e+06 1
89 90 9.378e+06 2
89 97 4.789e+06 2
89 153 2.571e+06 3
9 1 4.933e+06 1
9 8 9.256e+06 1
9 10 9.416e+06 2
9 17 4.880e+06 1
9 73 2.731e+06 2
9 457 2.551e+06 3
90 26 2.812e+06 2
90 82 5.163e+06 1
90 89 9.386e+06 2
90 91 9.342e+06 1
90 98 5.283e+06 2
90 154 2.756e+06 3
91 27 2.596e+06 2
91 83 4.908e+06 1
91 90 9.338e+06 1
91 92 9.413e+06 2
91 99 4.833e+06 2
91 155 2.688e+06 3
92 28 2.806e+06 2
92 84 5.198e+06 1
92 91 9.419e+06 2
92 93 9.349e+06 1
92 100 5.225e+06 2
92 156 2.726e+06 3
93 29 2.652e+06 2
93 85 4.881e+06 1
93 92 9.346e+06 1
93 94 9.413e+06 2
93 101 4.830e+06 2
93 157 2.677e+06 3
94 30 2.800e+06 2
94 86 5.140e+06 1
94 93 9.418e+06 2
94 95 9.295e+06 1
94 102 5.192e+06 2
94 158 2.740e+06 3
95 31 2.632e+06 2
95 87 4.852e+06 1
95 88 9.375e+06 2
95 94 9.291e+06 1
95 103 4.776e+06 2
95 159 2.605e+06 3
96 32 2.836e+06 2
96 88 5.302e+06 2
96 97 9.428e+06 1
96 103 9.296e+06 2
96 104 5.223e+06 1
96 160 2.850e+06 3
97 33 2.550e+06 2
97 89 4.790e+06 2
97 96 9.423e+06 1
97 98 9.372e+06 2
97 105 4.815e+06 1
97 161 2.611e+06 3
98 34 2.851e+06 2
98 90 5.283e+06 2
98 97 9.380e+06 2
98 99 9.406e+06 1
98 106 5.250e+06 1
98 162 2.814e+06 3
99 35 2.628e+06 2
99 91 4.832e+06 2
99 98 9.402e+06 1
99 100 9.363e+06 2
99 107 4.846e+06 1
99 163 2.661e+06 3
