0 1 2.959e+08 1
0 3 2.959e+08 2
0 4 2.885e+08 1
0 12 2.887e+08 2
0 16 2.826e+08 1
1 0 2.960e+08 1
1 2 2.959e+08 2
1 5 2.885e+08 1
1 13 2.886e+08 2
1 17 2.825e+08 1
10 6 2.886e+08 2
10 9 2.960e+08 2
10 11 2.959e+08 1
10 14 2.885e+08 1
10 26 2.824e+08 1
11 7 2.886e+08 2
11 8 2.957e+08 2
11 10 2.960e+08 1
11 15 2.884e+08 1
11 27 2.824e+08 1
12 0 2.886e+08 2
12 8 2.886e+08 1
12 13 2.959e+08 1
12 15 2.959e+08 2
12 28 2.824e+08 1
13 1 2.885e+08 2
13 9 2.886e+08 1
13 12 2.961e+08 1
13 14 2.959e+08 2
13 29 2.825e+08 1
14 2 2.885e+08 2
14 10 2.886e+08 1
14 13 2.961e+08 2
14 15 2.959e+08 1
14 30 2.825e+08 1
15 3 2.885e+08 2
15 11 2.886e+08 1
15 12 2.957e+08 2
15 14 2.960e+08 1
15 31 2.824e+08 1
16 0 2.826e+08 1
16 17 2.959e+08 1
16 19 2.959e+08 2
16 20 2.885e+08 1
16 28 2.887e+08 2
17 1 2.825e+08 1
17 16 2.960e+08 1
17 18 2.959e+08 2
17 21 2.885e+08 1
17 29 2.886e+08 2
18 2 2.825e+08 1
18 17 2.960e+08 2
18 19 2.959e+08 1
18 22 2.885e+08 1
18 30 2.886e+08 2
19 3 2.825e+08 1
19 16 2.957e+08 2
19 18 2.961e+08 1
19 23 2.884e+08 1
19 31 2.886e+08 2
2 1 2.960e+08 2
2 3 2.959e+08 1
2 6 2.885e+08 1
2 14 2.886e+08 2
2 18 2.825e+08 1
20 4 2.825e+08 1
20 16 2.886e+08 1
20 21 2.959e+08 1
20 23 2.959e+08 2
20 24 2.885e+08 2
21 5 2.824e+08 1
21 17 2.886e+08 1
21 20 2.960e+08 1
21 22 2.959e+08 2
21 25 2.884e+08 2
22 6 2.825e+08 1
22 18 2.886e+08 1
22 21 2.960e+08 2
22 23 2.959e+08 1
22 26 2.885e+08 2
23 7 2.825e+08 1
23 19 2.885e+08 1
23 20 2.957e+08 2
23 22 2.961e+08 1
23 27 2.885e+08 2
24 8 2.826e+08 1
24 20 2.886e+08 2
24 25 2.959e+08 1
24 27 2.959e+08 2
24 28 2.885e+08 1
25 9 2.825e+08 1
25 21 2.885e+08 2
25 24 2.960e+08 1
25 26 2.958e+08 2
25 29 2.885e+08 1
26 10 2.824e+08 1
26 22 2.886e+08 2
26 25 2.960e+08 2
26 27 2.959e+08 1
26 30 2.885e+08 1
27 11 2.824e+08 1
27 23 2.886e+08 2
27 24 2.957e+08 2
27 26 2.961e+08 1
27 31 2.884e+08 1
28 12 2.824e+08 1
28 16 2.885e+08 2
28 24 2.886e+08 1
28 29 2.958e+08 1
28 31 2.959e+08 2
29 13 2.825e+08 1
29 17 2.885e+08 2
29 25 2.886e+08 1
29 28 2.960e+08 1
29 30 2.959e+08 2
3 0 2.957e+08 2
3 2 2.960e+08 1
3 7 2.884e+08 1
3 15 2.886e+08 2
3 19 2.825e+08 1
30 14 2.825e+08 1
30 18 2.885e+08 2
30 26 2.886e+08 1
30 29 2.960e+08 2
30 31 2.959e+08 1
31 15 2.824e+08 1
31 19 2.885e+08 2
31 27 2.886e+08 1
31 28 2.957e+08 2
31 30 2.961e+08 1
4 0 2.886e+08 1
4 5 2.959e+08 1
4 7 2.959e+08 2
4 8 2.885e+08 2
4 20 2.824e+08 1
5 1 2.886e+08 1
5 4 2.961e+08 1
5 6 2.959e+08 2
5 9 2.885e+08 2
5 21 2.824e+08 1
6 2 2.886e+08 1
6 5 2.961e+08 2
6 7 2.959e+08 1
6 10 2.884e+08 2
6 22 2.825e+08 1
7 3 2.885e+08 1
7 4 2.958e+08 2
7 6 2.960e+08 1
7 11 2.885e+08 2
7 23 2.825e+08 1
8 4 2.886e+08 2
8 9 2.959e+08 1
8 11 2.958e+08 2
8 12 2.884e+08 1
8 24 2.825e+08 1
9 5 2.886e+08 2
9 8 2.960e+08 1
9 10 2.959e+08 2
9 13 2.885e+08 1
9 25 2.825e+08 1
