1386 1390 8.44838e+06
1386 1388 1.09894e+07
1386 1387 7.12975e+06
1386 2011 16
1386 1691 16
1386 1649 16
1386 1402 2540868
1386 1394 16
1386 1406 328424
1386 1392 164228
1386 1389 1.51667e+06
1386 1391 1.18824e+06
1386 1404 16
1387 1391 6.14426e+06
1387 1389 6.82052e+06
1387 1386 7.62228e+06
1387 1394 6.82061e+06
1387 2012 16
1387 1692 16
1387 1650 40
1387 1403 304
1387 1395 1.02411e+06
1387 1401 24
1387 1388 2.37646e+06
1387 1392 256020
1387 1400 164200
1387 1402 1.02409e+06
1387 1398 256024
1396 1400 3.07209e+06
1396 1394 6.47283e+06
1396 1641 4.60814e+06
1396 1389 3.07207e+06
1396 1397 10240356
1396 2021 16
1396 1701 16
1396 1659 64
1396 1643 112
1396 1388 1188260
1396 1401 1024048
1396 1642 2376520
1396 1395 4.09609e+06
1396 1646 164200
1396 1398 2.04805e+06
1396 1403 1536072
1727 1723 9709352
1727 2083 7660852
1727 1673 6.1442e+06
1727 1729 10240584
1727 1728 5.19281e+06
1727 2119 160
1727 1653 256
1727 1695 16
1727 1990 16
1727 1735 3.07228e+06
1727 1674 2.3765e+06
1727 2084 1.18829e+06
1727 1733 256020
1727 1667 68
1727 1736 164224
1727 2091 328416
1727 1730 164208
1727 1738 164208
1727 1696 1.02408e+06
1727 1697 1.02408e+06
1727 1724 2.7243e+06
1727 2029 1.02408e+06
1727 1689 1.35242e+06
1727 1685 328400
1727 1668 656800
1728 1724 6.14416e+06
1728 2084 1.02403e+06
1728 1674 1.02403e+06
1728 1730 4.09616e+06
1728 1727 5.02844e+06
1728 1735 7.49656e+06
1728 2120 16
1728 1654 64
1728 1696 16
1728 1991 16
1728 1736 2212396
1728 1689 3.23628e+06
1728 1732 5284312
1728 1733 1.18822e+06
1728 1673 256076
1728 1723 256048
1728 1690 164212
1728 1726 1.02402e+06
1728 2029 1536072
1728 2030 1.02402e+06
1728 2083 1.28007e+06
1728 1729 1280060
1728 1688 164200
1729 1725 7497020
1729 2085 8940944
1729 1727 10240656
1729 1990 9.38053e+06
1729 1730 4.33297e+06
1729 2121 160
1729 1655 16
1729 1697 16
1729 1992 40
1729 1737 1.95661e+06
1729 1733 256020
1729 1735 748620
1729 2083 2.04811e+06
1729 2007 256020
1729 1723 40
1729 1738 328432
1729 2093 164208
1729 2091 164208
1729 2084 164208
1729 1698 1.02408e+06
1729 1711 2048168
1729 1726 2.37652e+06
1729 1728 1.44425e+06
1729 1731 328400
1729 1724 328400
1730 1726 7.16828e+06
1730 2086 1.02403e+06
1730 1728 4.09611e+06
1730 1991 2212248
1730 1729 4.00444e+06
1730 1737 6636744
1730 2122 16
1730 1656 16
1730 1698 16
1730 1993 64
1730 1738 2.04828e+06
1730 2004 24
1730 1719 1.02402e+06
1730 1733 3.07206e+06
1730 1735 1.02402e+06
1730 1987 1.02402e+06
1730 1734 3236272
1730 1739 256020
1730 1995 1.02402e+06
1730 1724 12
1730 1723 256020
1730 1725 256076
1730 1732 164212
1730 1727 28
1730 2084 2.04805e+06
1730 1990 1.18822e+06
1730 2083 256036
1730 2085 256036
1730 1736 164200
1731 1703 2.04805e+06
1731 1735 2.04812e+06
1731 1685 3.23628e+06
1731 1733 4096228
1731 1724 9216200
1731 1732 10733080
1731 2123 16
1731 1657 88
1731 1699 16
1731 1995 16
1731 1723 164240
1731 1734 1.51664e+06
1731 1704 5.63216e+06
1731 1706 2.56009e+06
1731 1686 2.37648e+06
1731 1726 1.02402e+06
1731 1640 56
1731 1667 28
1731 1695 56
1731 1705 1.02402e+06
1731 1689 1.02402e+06
1731 1725 2.04806e+06
1731 1736 256024
1731 1698 24
1731 1729 24
1731 1648 328400
1732 1704 2.63252e+06
1732 1736 7.405e+06
1732 1686 3.23631e+06
1732 1734 3236456
1732 1731 1.05689e+07
1732 2124 16
1732 1658 40
1732 1700 112
1732 2004 16
1732 1724 1352540
1732 1703 328416
1732 1690 1.44426e+06
1732 1728 5120112
1732 1689 1.02402e+06
1732 1726 2.04807e+06
1732 1730 12
1732 1733 1.02404e+06
1732 1667 28
1732 1675 12
1732 1723 72
1732 1735 2.04805e+06
1732 1737 1.02402e+06
1732 1646 164212
1733 1705 1.02403e+06
1733 1737 6.14425e+06
1733 1731 4.09625e+06
1733 1995 3.40047e+06
1733 1726 7.16818e+06
1733 1734 7.661e+06
1733 2125 16
1733 1659 16
1733 1701 16
1733 2005 136
1733 1725 2.21237e+06
1733 1738 512072
1733 2008 24
1733 1720 1.02402e+06
1733 1730 3.07206e+06
1733 1991 1.02402e+06
1733 1729 256020
1733 1990 256020
1733 2004 1.18822e+06
1733 1704 1.02403e+06
1733 1706 1.02404e+06
1733 1728 1.02403e+06
1733 2007 328400
1733 1735 1.02402e+06
1733 1727 256020
1733 1736 1.18823e+06
1733 1732 1.18824e+06
1733 1697 56
1733 1712 1.02402e+06
1733 1714 1.02402e+06
1733 1987 2.04805e+06
1733 1711 12
1734 1706 2357176
1734 1738 4.26055e+06
1734 1732 3.23654e+06
1734 2004 4.09614e+06
1734 1733 7332636
1734 2126 16
1734 1660 16
1734 1702 112
1734 2006 40
1734 1726 328504
1734 1720 2212264
1734 1705 164224
1734 1731 1.18826e+06
1734 1719 2212264
1734 1730 3.07207e+06
1734 2008 164200
1734 1737 1.18822e+06
1734 1736 1.02402e+06
1734 1991 16
1734 1995 1.02404e+06
1734 1987 4
1734 1725 16
1735 1731 2.04816e+06
1735 2091 1.02403e+06
1735 1689 3.07208e+06
1735 1737 4.26038e+06
1735 1728 7.16818e+06
1735 1736 9453048
1735 2127 16
1735 1661 88
1735 1703 16
1735 2007 16
1735 1727 3.23644e+06
1735 1738 2.04806e+06
1735 1730 1.02402e+06
1735 2084 3072060
1735 2086 1.02402e+06
1735 1729 256056
1735 1733 1.02402e+06
1735 2030 2.04804e+06
1735 1673 256048
1735 1690 2540660
1735 1667 56
1735 1723 28
1735 1732 2.04805e+06
1735 2037 1.02402e+06
1735 2038 256024
1735 1686 164200
1736 1732 7.4051e+06
1736 2092 2.46833e+06
1736 1690 4.42456e+06
1736 1738 6.30845e+06
1736 1735 9.28888e+06
1736 2128 40
1736 1662 64
1736 1704 1.02404e+06
1736 2008 16
1736 1728 2.37654e+06
1736 2091 3.07206e+06
1736 2093 1.02402e+06
1736 1734 1.02402e+06
1736 2037 2.04804e+06
1736 1737 1.28004e+06
1736 1733 1.02403e+06
1736 1673 28
1736 1686 164212
1736 1727 44
1736 1706 1.02402e+06
1736 2038 1280048
1736 1731 256024
1736 1730 12
1397 1401 4.09627e+06
1397 1395 6.30846e+06
1397 1642 4.09616e+06
1397 1396 1.04046e+07
1397 2022 16
1397 1702 16
1397 1660 40
1397 1644 40
1397 1389 16
1397 1646 164224
1397 1394 1.18837e+06
1397 1645 2.04804e+06
1397 1392 1.02402e+06
1397 1393 1.02402e+06
1397 1659 164200
1397 1400 2048060
1397 1641 1.02402e+06
1397 1399 1.02402e+06
1737 1733 6144272
1737 2093 1.02403e+06
1737 1735 4.09631e+06
1737 2007 4.26029e+06
1737 1730 6.14418e+06
1737 1738 9197016
1737 2129 64
1737 1663 16
1737 1705 16
1737 2009 64
1737 1729 1.9564e+06
1737 2008 1.02404e+06
1737 2086 1.18822e+06
1737 2100 1.02402e+06
1737 1990 256020
1737 1734 1.02403e+06
1737 2085 2468268
1737 2084 1.02402e+06
1737 1736 1.28004e+06
1737 1723 28
1737 1725 56
1737 1732 1.02402e+06
1737 1991 2212248
1738 1734 4.42487e+06
1738 2094 2.72435e+06
1738 1736 6.30851e+06
1738 2008 1.2801e+06
1738 1737 8.86867e+06
1738 2130 64
1738 1664 16
1738 1706 20
1738 2010 40
1738 1730 2212296
1738 1733 676256
1738 1735 2212248
1738 2093 4260296
1738 2107 1.02402e+06
1738 2007 2468276
1738 2091 3.07207e+06
1738 2085 12
1738 1727 28
1738 1729 72
1738 1995 256020
1738 2004 256024
1738 2092 256024
1739 1711 8685072
1739 1990 11153412
1739 1725 8.19224e+06
1739 1988 9709064
1739 1987 7.5693e+06
1739 2131 16
1739 1665 16
1739 1707 136
1739 1723 16
1739 1995 28
1739 1713 3584116
1739 1719 256020
1739 1721 256020
1739 1730 256020
1739 1991 840464
1739 1989 420232
1739 1709 2.04811e+06
1739 1726 1.02402e+06
1739 1712 328400
1987 1712 1.02403e+06
1987 1991 5.28436e+06
1987 1726 2048060
1987 1989 1.08247e+07
1987 1739 7.07654e+06
1987 1995 7.82496e+06
1987 2132 16
1987 1666 16
1987 1708 16
1987 1724 16
1987 2004 164420
1987 2006 24
1987 1717 256048
1987 1721 2.04805e+06
1987 1730 1.02402e+06
1987 1988 1.28004e+06
1987 2005 2.21224e+06
1987 1719 3.07208e+06
1987 1714 3.07207e+06
1987 1713 256024
1987 1711 56
1987 1734 4
1987 1990 1280048
1987 1733 2.04805e+06
1987 1725 12
1987 1720 8
1988 1713 6.47262e+06
1988 1992 11409368
1988 1739 9216452
1988 1989 6.28932e+06
1988 2133 16
1988 1667 16
1988 1709 2.04811e+06
1988 1725 256
1988 2005 28
1988 1714 1.02402e+06
1988 1993 2.1205e+06
1988 1987 1.28004e+06
1988 1990 12
1989 1714 1.60845e+06
1989 1993 7.33245e+06
1989 1987 10496344
1989 1988 5960840
1989 2005 8.50121e+06
1989 2134 16
1989 1668 16
1989 1710 112
1989 1726 40
1989 2006 1.02431e+06
1989 1717 256048
1989 1991 2.04804e+06
1989 1721 1.70027e+06
1989 1713 1536144
1989 1739 256052
1989 1995 1.18822e+06
1989 2004 328404
1989 1719 164200
1990 1739 10660936
1990 2099 9.7089e+06
1990 1729 9.21634e+06
1990 1992 9216288
1990 1991 5.86893e+06
1990 2135 160
1990 1669 16
1990 1711 16
1990 1727 160
1990 2007 1096552
1990 1993 1.02402e+06
1990 1733 256020
1990 1737 256020
1990 2086 420228
1990 2100 420228
1990 2008 16
1990 2093 164208
1990 1987 1280048
1990 1730 1.02404e+06
1990 1988 164200
1991 1987 5.12015e+06
1991 2100 1.02403e+06
1991 1730 2048060
1991 1993 4.35214e+06
1991 1990 5.54048e+06
1991 2007 11921044
1991 2136 16
1991 1672 16
1991 1712 16
1991 1728 16
1991 2008 1188412
1991 2010 24
1991 1989 2.04804e+06
1991 1733 1.02402e+06
1991 2009 1.18822e+06
1991 2004 4.09613e+06
1991 2006 1.02402e+06
1991 1726 1.02403e+06
1991 1725 256020
1991 1739 512104
1991 1734 164216
1991 2086 1.02402e+06
1991 2099 1536072
1991 1737 2.04806e+06
1992 1988 1.07525e+07
1992 2101 8684880
1992 1990 9.21634e+06
1992 1993 6801168
1992 2137 160
1992 1673 16
1992 1713 16
1992 1729 208
1992 2009 676320
1992 2100 256024
1992 2102 584440
1992 2007 164208
1992 2099 164208
1993 1989 7168192
1993 2102 1.02403e+06
1993 1991 4352232
1993 1992 6.47269e+06
1993 2009 9.03264e+06
1993 2138 16
1993 1674 16
1993 1714 16
1993 1730 136
1993 2010 112
1993 2006 2048100
1993 1988 1792144
1993 2101 2.56009e+06
1993 1990 1.02402e+06
1993 2007 2468268
1993 2008 1.18822e+06
1993 2099 1.02402e+06
1398 1394 3.49259e+06
1398 1657 1.53609e+06
1398 1400 5.37638e+06
1398 1391 4.58884e+06
1398 1399 1.09166e+07
1398 2023 16
1398 1703 16
1398 1661 88
1398 1645 88
1398 1390 328560
1398 1658 1.02407e+06
1398 1660 24
1398 1650 2.63246e+06
1398 1652 1.18822e+06
1398 1401 3.07207e+06
1398 1649 1.53612e+06
1398 1651 256020
1398 1395 2212248
1398 1396 2.04805e+06
1398 1407 1.02408e+06
1398 1387 256024
1398 1659 256024
1995 1719 3072092
1995 2007 2.04806e+06
1995 1733 3.07209e+06
1995 2005 6144148
1995 1987 7.1682e+06
1995 2004 11225740
1995 2139 16
1995 1675 16
1995 1715 16
1995 1731 40
1995 1739 164240
1995 1722 4096096
1995 1721 1.02402e+06
1995 1730 1.02402e+06
1995 1720 2376480
1995 1726 1.02402e+06
1995 1734 1.18824e+06
1995 2008 1.02402e+06
1995 1738 256020
1995 1989 1.02403e+06
2004 1720 3.40054e+06
2004 2008 7989440
2004 1734 4.26034e+06
2004 2006 5.12019e+06
2004 1995 10733220
2004 2140 16
2004 1684 16
2004 1716 88
2004 1732 40
2004 1987 164280
2004 1722 164220
2004 1730 164208
2004 1719 164208
2004 1721 164208
2004 2007 1.02403e+06
2004 1733 1.02403e+06
2004 1991 4.09611e+06
2004 1738 256024
2004 1989 28
2004 2005 16
2004 2108 4
2004 2010 4
2005 1721 4.0961e+06
2005 2009 2.04812e+06
2005 1995 6144244
2005 1989 7.68027e+06
2005 2006 1.20855e+07
2005 2141 16
2005 1685 16
2005 1717 512144
2005 1733 40
2005 1988 164288
2005 1987 2.04806e+06
2005 1722 2.04805e+06
2005 2008 1.02402e+06
2005 1720 4
2005 2004 164204
2006 1722 3072112
2006 2010 6.47273e+06
2006 2004 5120288
2006 2005 1.17572e+07
2006 2142 16
2006 1686 16
2006 1718 16
2006 1734 64
2006 1989 1.35257e+06
2006 1993 2.21227e+06
2006 1987 164208
2006 2008 1.02403e+06
2006 1991 1.02402e+06
2006 2009 2.21226e+06
2006 1717 32
2006 1720 4
2007 1995 2048112
2007 2107 2212248
2007 1737 4.0961e+06
2007 2009 5284352
2007 1991 1.12643e+07
2007 2008 9873160
2007 2143 88
2007 1687 16
2007 1719 16
2007 1735 64
2007 1990 932380
2007 2010 28
2007 2004 1.18823e+06
2007 2100 3.40046e+06
2007 2102 2.04804e+06
2007 1738 2.46829e+06
2007 1993 2304080
2007 1733 24
2007 2085 1.02402e+06
2007 2086 1.02402e+06
2007 1729 256020
2007 1992 28
2007 2093 1.02402e+06
2007 2108 768068
2008 2004 7.98942e+06
2008 2108 1956340
2008 1738 1.4443e+06
2008 2010 5.12024e+06
2008 2007 9.54492e+06
2008 2144 88
2008 1688 16
2008 1720 16
2008 1736 88
2008 1991 1.18829e+06
2008 1737 1.18823e+06
2008 1733 164208
2008 2006 1.02404e+06
2008 2107 3236284
2008 2109 1.18822e+06
2008 1734 12
2008 2093 1.02402e+06
2008 2086 12
2008 2100 16
2008 1993 1.02404e+06
2008 2009 2212248
2008 1990 16
2008 1995 1.02402e+06
2008 2005 1.02402e+06
2009 2005 2.04807e+06
2009 2109 2.04805e+06
2009 2007 5120236
2009 1993 8.86846e+06
2009 2010 9.87322e+06
2009 2145 40
2009 1689 16
2009 1721 16
2009 1737 64
2009 1992 512164
2009 2102 3236268
2009 1991 1.02403e+06
2009 2006 2.04809e+06
2009 2100 1.02402e+06
2009 2008 2048060
2009 2107 1.02402e+06
2009 2108 256020
2010 2006 6.30853e+06
2010 2110 2.0481e+06
2010 2008 5.28452e+06
2010 2009 9.54491e+06
2010 2146 40
2010 1690 16
2010 1722 16
2010 1738 64
2010 1993 40
2010 1991 164208
2010 2007 164212
2010 2109 3.2363e+06
2010 2100 8
2010 2102 16
2010 2108 1.28006e+06
2010 2107 12
2010 2004 4
2011 1653 9708996
2011 2015 9.70916e+06
2011 2013 11428684
2011 2012 4.84498e+06
2011 1386 16
2011 2083 16
2011 2043 16
2011 2027 16
2011 2019 328540
2011 2016 932272
2011 2023 164208
2011 2021 164208
2011 2017 420260
2011 2014 164208
2011 2018 164208
2011 1654 1.28004e+06
2012 1654 2.30414e+06
2012 2016 8448348
2012 2014 5.37618e+06
2012 2011 5.17337e+06
2012 2019 6.63674e+06
2012 1387 40
2012 2084 16
2012 2044 16
2012 2028 40
2012 2020 1188456
2012 1661 5.28431e+06
2012 2021 1.02402e+06
2012 1653 28
2012 2022 164204
2012 2015 1.28004e+06
2012 2013 1.28004e+06
2012 2017 1.2801e+06
2012 2018 256024
1399 1395 3.07214e+06
1399 1658 2212348
1399 1401 8.5209e+06
1399 1398 1.09166e+07
1399 2024 16
1399 1704 16
1399 1662 64
1399 1646 64
1399 1391 64
1399 1394 676388
1399 1657 4260288
1399 1650 1.02402e+06
1399 1400 1.02404e+06
1399 1397 1.02402e+06
1399 1660 1.02402e+06
2013 1655 9544768
2013 2017 9.28885e+06
2013 2011 11428624
2013 2027 9216260
2013 2014 2.21254e+06
2013 1388 16
2013 2085 16
2013 2045 16
2013 2029 112
2013 2021 164308
2013 2018 932268
2013 2016 256020
2013 1653 164224
2013 2022 16
2013 2025 164208
2013 2035 164208
2013 2039 164208
2013 2028 164208
2013 2032 164208
2013 1654 1.28004e+06
2013 2012 1.28004e+06
2013 1656 256020
2014 1656 1.28005e+06
2014 2018 7168220
2014 2012 5.37616e+06
2014 2028 5.12013e+06
2014 2013 2212376
2014 2021 8.35638e+06
2014 1389 64
2014 2086 16
2014 2046 16
2014 2030 40
2014 2022 328536
2014 1661 2.21224e+06
2014 1663 4260284
2014 2035 2.04804e+06
2014 1687 1.02402e+06
2014 2016 1.02402e+06
2014 2027 256020
2014 2036 164212
2014 1653 28
2014 1655 28
2014 2011 28
2014 1654 256024
2014 2017 256072
2014 2019 164200
2015 2011 9709168
2015 2043 6.63682e+06
2015 2017 10752496
2015 2016 3.12535e+06
2015 1390 16
2015 2087 16
2015 2047 1024172
2015 2031 16
2015 2023 1.51688e+06
2015 2044 1.02402e+06
2015 2019 768064
2015 2018 164208
2015 2012 1.28004e+06
2016 2012 8.61251e+06
2016 2044 1.35243e+06
2016 2018 5.54042e+06
2016 2015 2.46847e+06
2016 2023 4.5887e+06
2016 1391 16
2016 2088 16
2016 2048 256088
2016 2032 40
2016 2024 164424
2016 2020 3.23633e+06
2016 2019 5448524
2016 2011 768092
2016 2021 2.04804e+06
2016 2014 1.02402e+06
2016 2013 256020
2016 2022 1.18824e+06
2016 2025 164200
2016 2047 1.02408e+06
2016 2031 1.02408e+06
2016 2043 1280048
2017 2013 9.78165e+06
2017 2045 6.89283e+06
2017 2015 1.07524e+07
2017 2031 11428756
2017 2018 1.77286e+06
2017 1392 16
2017 2089 16
2017 2049 1.02429e+06
2017 2033 232
2017 2025 1188396
2017 2043 1352436
2017 2023 512044
2017 2021 420224
2017 2011 584460
2017 2039 164208
2017 2046 164208
2017 2032 420232
2017 1656 1.02408e+06
2017 2027 1.53612e+06
2017 2012 1.2801e+06
2017 2014 912824
2017 2028 420224
2017 1655 16
2017 2059 328400
2017 2035 164200
2018 2014 7.16817e+06
2018 2046 1.02403e+06
2018 2016 5540392
2018 2032 5.12013e+06
2018 2017 1444344
2018 2025 5.44852e+06
2018 1393 16
2018 2090 16
2018 2050 16
2018 2034 16
2018 2026 112
2018 2022 2.2123e+06
2018 2023 3.07207e+06
2018 2013 768088
2018 2036 1.18823e+06
2018 2028 1.02402e+06
2018 2027 256020
2018 2035 1.02402e+06
2018 2011 28
2018 2015 28
2018 2043 2.04805e+06
2018 2012 256024
2018 2031 256036
2018 2021 328400
2019 1661 2.04806e+06
2019 2023 7.16822e+06
2019 2021 6144336
2019 2012 6144180
2019 2020 9873220
2019 1394 40
2019 2091 16
2019 2051 16
2019 2035 40
2019 2011 164320
2019 2024 64
2019 1662 4424504
2019 2016 5284336
2019 2015 768064
2019 2022 4260288
2019 1653 28
2019 2025 164200
2019 2014 12
2020 1662 2212312
2020 2024 5284460
2020 2022 7.1684e+06
2020 2019 9380744
2020 1395 16
2020 2092 16
2020 2052 16
2020 2036 20
2020 2012 1352588
2020 2016 3400504
2020 2021 1352452
2020 2026 1.18824e+06
2020 2025 1.02404e+06
2020 2023 4
2021 1663 2.04805e+06
2021 2025 3072188
2021 2019 6308404
2021 2035 5.12013e+06
2021 2014 8192196
2021 2022 8684992
2021 1396 64
2021 2093 16
2021 2053 16
2021 2037 40
2021 2013 164268
2021 2020 1.18827e+06
2021 1662 1.18822e+06
2021 1664 2212240
2021 2012 1.02402e+06
2021 2016 2.04804e+06
2021 2023 2048060
2021 1688 1.02402e+06
2021 2017 256036
2021 2024 1.02402e+06
2021 2026 164216
2021 1653 28
2021 1655 28
2021 2011 28
2021 1661 1.02402e+06
2021 2036 512048
2021 2018 24
2022 1664 2.04809e+06
2022 2026 4260364
2022 2020 7496660
2022 2036 3.4006e+06
2022 2021 8.35661e+06
2022 1397 16
2022 2094 16
2022 2054 16
2022 2038 88
2022 2014 328552
2022 2024 4.09613e+06
2022 2018 2376468
2022 2035 1.18823e+06
2022 2019 4.0961e+06
2022 2025 2.04806e+06
2022 2016 1.02404e+06
2022 1661 12
2022 1662 1352456
2022 2012 16
2022 2013 16
2022 2023 12
1400 1396 3072116
1400 1659 3.07208e+06
1400 1398 5.37626e+06
1400 1645 5.12013e+06
1400 1393 5.12011e+06
1400 1401 6.30848e+06
1400 2025 16
1400 1705 16
1400 1663 64
1400 1647 16
1400 1392 164288
1400 1660 24
1400 1684 24
1400 1652 1.18822e+06
1400 1656 1.02402e+06
1400 1646 1.02402e+06
1400 1651 256020
1400 1665 256020
1400 1387 12
1400 1394 56
1400 1666 1.18822e+06
1400 1397 2212248
1400 1650 3.07207e+06
1400 1399 1.18822e+06
1400 1642 1.02402e+06
1400 1407 256144
1400 1657 1.02402e+06
1400 1641 512048
1400 1675 1.02404e+06
1400 1390 164200
1400 1391 164200
2023 2019 7168320
2023 2051 1.53607e+06
2023 2025 9.38053e+06
2023 2016 4.09614e+06
2023 2024 7.33252e+06
2023 1398 16
2023 2095 16
2023 2055 88
2023 2039 16
2023 2015 1188412
2023 2026 2.04808e+06
2023 2018 3.07207e+06
2023 2017 512044
2023 2021 2212248
2023 2044 2212248
2023 2046 1.18822e+06
2023 2011 28
2023 2043 2.04805e+06
2023 2048 256024
2023 2020 4
2023 2022 164200
2024 2020 5.28462e+06
2024 2052 2.04809e+06
2024 2026 5284480
2024 2023 7.4968e+06
2024 1399 16
2024 2096 16
2024 2056 40
2024 2040 16
2024 2016 36
2024 2022 4.26031e+06
2024 2019 328424
2024 2051 3.74832e+06
2024 2025 2.04806e+06
2024 2021 1.02402e+06
2024 2044 2.04806e+06
2025 2021 3.07216e+06
2025 2053 1.02403e+06
2025 2023 9.38046e+06
2025 2039 6.14415e+06
2025 2018 5.12014e+06
2025 2026 8520832
2025 1400 16
2025 2097 16
2025 2057 40
2025 2041 64
2025 2017 1188356
2025 2044 2.04804e+06
2025 2045 2.04805e+06
2025 2022 2.21225e+06
2025 2046 1.18822e+06
2025 2024 2.04806e+06
2025 2032 1.02402e+06
2025 2036 1536064
2025 2013 28
2025 2016 12
2025 2019 12
2025 2040 328412
2025 2043 1.02402e+06
2025 2020 1.18824e+06
2025 2031 12
2026 2022 4.0962e+06
2026 2054 1.02407e+06
2026 2024 5.28446e+06
2026 2040 4096156
2026 2025 8.52082e+06
2026 1401 16
2026 2098 16
2026 2058 112
2026 2042 64
2026 2018 16
2026 2053 4588732
2026 2045 164208
2026 2023 2.21226e+06
2026 2039 1.18823e+06
2026 2052 1.02402e+06
2026 2021 20
2026 2020 1.18825e+06
2026 2036 768064
2026 2046 1.02405e+06
2026 2051 1.02403e+06
2026 2044 4
2026 2043 4
2027 1669 9.10508e+06
2027 2031 1.08975e+07
2027 2013 9216260
2027 2029 9965196
2027 2028 2.63276e+06
2027 1402 256
2027 2099 16
2027 2059 16
2027 2011 16
2027 2035 164380
2027 2032 676248
2027 2014 256020
2027 2018 256020
2027 1655 492664
2027 2036 16
2027 2039 328416
2027 2037 164208
2027 2030 328408
2027 2034 164208
2027 1672 1.77264e+06
2027 1673 512040
2027 1674 1.53612e+06
2027 2017 1.53612e+06
2027 1656 1.2801e+06
2027 2033 1.18828e+06
2027 1687 584424
2027 1689 256024
2027 1665 16
2028 1672 1.02403e+06
2028 2032 6.14421e+06
2028 2014 5.28432e+06
2028 2030 6.14418e+06
2028 2027 2.46841e+06
2028 2035 8684784
2028 1403 40
2028 2100 16
2028 2068 16
2028 2012 40
2028 2036 1.35258e+06
2028 1663 1.18822e+06
2028 1687 4096088
2028 1689 1.02402e+06
2028 2018 1.02402e+06
2028 2029 1.28004e+06
2028 2037 1.02402e+06
2028 2038 164212
2028 1655 28
2028 1669 28
2028 2013 28
2028 1656 256024
2028 2017 256036
2028 2031 256048
2029 1673 6.47265e+06
2029 2033 9.54492e+06
2029 2027 9472584
2029 2083 8520704
2029 2030 6.03324e+06
2029 1404 208
2029 2101 112
2029 2069 16
2029 2013 16
2029 2037 2.37667e+06
2029 1674 1.35242e+06
2029 2034 1096476
2029 2084 1.35248e+06
2029 2028 1.28004e+06
2029 1669 164228
2029 2038 328432
2029 2041 328416
2029 1689 1.18822e+06
2029 1723 1.02408e+06
2029 1727 1.02408e+06
2029 1728 1536072
2029 1687 164200
2029 1672 164200
2030 1674 1.02403e+06
2030 2034 9216276
2030 2028 6.30837e+06
2030 2084 4.68052e+06
2030 2029 5.54052e+06
2030 2037 7.49656e+06
2030 1405 16
2030 2102 64
2030 2070 16
2030 2014 16
2030 2038 2376632
2030 1687 1.02402e+06
2030 1689 1.02402e+06
2030 1735 2.04804e+06
2030 2032 1.02402e+06
2030 2091 1.02402e+06
2030 2092 164212
2030 1673 28
2030 2027 40
2030 1728 1.02402e+06
2030 2083 1.02402e+06
2030 2031 256036
2030 2033 512048
2031 2027 10240704
2031 2059 8.00874e+06
2031 2017 11264568
2031 2033 10240572
2031 2032 3125440
2031 1406 16
2031 2103 16
2031 2071 304
2031 2015 64
2031 2039 1352676
2031 2049 3.07212e+06
2031 2046 420220
2031 2040 164224
2031 2045 840456
2031 2068 656816
2031 2034 1.16886e+06
2031 2042 164208
2031 2016 1.02408e+06
2031 2018 420224
2031 2028 584424
2031 2030 420224
2031 2043 256024
2031 2041 164200
2031 2025 164200
2031 2069 492600
2032 2028 6308376
2032 2068 1.02403e+06
2032 2018 5.28432e+06
2032 2034 4.09614e+06
2032 2031 2.46846e+06
2032 2039 9708824
2032 1407 16
2032 2104 16
2032 2072 16
2032 2016 40
2032 2040 1.35256e+06
2032 2036 3.07211e+06
2032 2027 512068
2032 2037 1.02402e+06
2032 2041 1.02403e+06
2032 2030 1.02402e+06
2032 2025 1.02402e+06
2032 2033 256020
2032 2038 1.02402e+06
2032 2042 164212
2032 2013 28
2032 2017 256052
2032 2045 2.04805e+06
2032 2035 164200
1401 1397 4260452
1401 1660 3.23636e+06
1401 1399 8.35652e+06
1401 1646 8.19226e+06
1401 1400 6.14438e+06
1401 2026 16
1401 1706 16
1401 1664 64
1401 1648 16
1401 1393 164320
1401 1389 164208
1401 1391 164208
1401 1395 1352448
1401 1387 164208
1401 1396 1.18823e+06
1401 1657 2.04806e+06
1401 1659 2212260
1401 1398 3.07207e+06
1401 1394 44
1401 1645 12
1401 1650 20
1401 1652 8
1401 1684 1.02404e+06
1401 1642 8
1401 1675 4
2033 2029 9.21662e+06
2033 2069 8612476
2033 2031 10240524
2033 2087 9708868
2033 2034 1.7005e+06
2033 1408 16
2033 2105 184
2033 2073 1.02414e+06
2033 2017 16
2033 2041 1.86479e+06
2033 2059 676252
2033 2070 584436
2033 2032 256020
2033 2039 256020
2033 2042 328432
2033 2027 1.0241e+06
2033 2083 2.37651e+06
2033 2030 512048
2033 2088 328400
2034 2030 9.38044e+06
2034 2070 1.02403e+06
2034 2032 4096112
2034 2088 3.23628e+06
2034 2033 1.70033e+06
2034 2041 10732828
2034 1640 16
2034 2106 40
2034 2074 16
2034 2018 16
2034 2042 1.02411e+06
2034 2038 3.23632e+06
2034 2029 768116
2034 2084 256020
2034 2091 1.02402e+06
2034 2092 164212
2034 2027 28
2034 2031 512112
2034 2059 1.02402e+06
2034 2087 1.02402e+06
2034 2039 1.02402e+06
2035 1687 2.04805e+06
2035 2039 3.07226e+06
2035 2021 5.28432e+06
2035 2037 6144200
2035 2028 8192220
2035 2036 8.15369e+06
2035 1641 40
2035 2107 16
2035 2075 16
2035 2019 40
2035 2027 164268
2035 2022 1.02404e+06
2035 1664 1.18822e+06
2035 1688 3.07206e+06
2035 2014 2.04804e+06
2035 1690 2.04804e+06
2035 2018 1.02402e+06
2035 1655 28
2035 1669 28
2035 2013 28
2035 2017 12
2035 2032 12
2036 1688 1.95634e+06
2036 2040 5960656
2036 2022 3.4006e+06
2036 2038 4260400
2036 2035 7.66116e+06
2036 1642 64
2036 2108 16
2036 2076 16
2036 2020 68
2036 2028 1.35257e+06
2036 2032 3.40048e+06
2036 2037 2.72431e+06
2036 2039 1792104
2036 2018 1.02403e+06
2036 2025 1536064
2036 2014 12
2036 1664 932272
2036 2027 16
2036 1690 1536072
2036 2026 768064
2036 1662 256024
2036 1663 256024
2036 2021 512048
2036 1660 4
2037 1689 1.02403e+06
2037 2041 1024164
2037 2035 6144248
2037 2091 4.26029e+06
2037 2030 7.16818e+06
2037 2038 1.15735e+07
2037 1643 16
2037 2109 40
2037 2077 16
2037 2021 16
2037 2029 2212312
2037 2036 2.72431e+06
2037 1688 1.02402e+06
2037 1690 3.07206e+06
2037 2040 1.02402e+06
2037 2032 1.02402e+06
2037 1736 2.04804e+06
2037 2028 1.02402e+06
2037 1669 28
2037 1673 56
2037 2027 28
2037 1735 1.02402e+06
2037 2039 1.02402e+06
2038 1690 1188280
2038 2042 6.30846e+06
2038 2036 4.09626e+06
2038 2092 4260336
2038 2037 11245140
2038 1644 40
2038 2110 64
2038 2078 16
2038 2022 16
2038 2030 2376600
2038 2034 3400488
2038 2040 1.02402e+06
2038 2091 2.21224e+06
2038 2032 1.02402e+06
2038 2028 12
2038 2029 72
2038 1736 1280048
2038 2041 2560096
2038 1735 256024
2039 2035 3.07216e+06
2039 2075 1.02403e+06
2039 2025 6308336
2039 2041 4096204
2039 2032 9.54464e+06
2039 2040 1.08973e+07
2039 1645 16
2039 2111 16
2039 2079 16
2039 2023 40
2039 2031 1188392
2039 2026 1024048
2039 2036 1.95629e+06
2039 2046 3.07208e+06
2039 2053 1.02402e+06
2039 2059 1.02404e+06
2039 2068 2.04804e+06
2039 2033 256020
2039 2042 1.35244e+06
2039 2013 28
2039 2017 28
2039 2027 56
2039 2037 1.02402e+06
2039 2034 1.02402e+06
2040 2036 5960728
2040 2076 1.28009e+06
2040 2026 4424556
2040 2042 5.54041e+06
2040 2039 1.05689e+07
2040 1646 16
2040 2112 16
2040 2080 112
2040 2024 16
2040 2032 1024064
2040 2046 1.44425e+06
2040 2075 3.49232e+06
2040 2059 164208
2040 2053 2468280
2040 2037 1.02402e+06
2040 2038 1.02402e+06
2040 2077 1.28004e+06
2040 2025 36
2040 2031 44
2040 2068 1.53608e+06
2040 2078 256020
2041 2037 1.02414e+06
2041 2077 1.02403e+06
2041 2039 4.09623e+06
2041 2095 1.02403e+06
2041 2034 10240264
2041 2042 9873296
2041 1647 16
2041 2113 64
2041 2081 16
2041 2025 16
2041 2033 1.70045e+06
2041 2059 2.04804e+06
2041 2070 4.09609e+06
2041 2091 1.18823e+06
2041 2032 1.18822e+06
2041 2088 2.04804e+06
2041 2087 256020
2041 2092 2.21224e+06
2041 2096 164212
2041 2029 56
2041 2038 2560096
2041 2069 1.02402e+06
2041 2031 12
2042 2038 6.30847e+06
2042 2078 2.04809e+06
2042 2040 5.37626e+06
2042 2096 3.23631e+06
2042 2041 9.54486e+06
2042 1648 16
2042 2114 88
2042 2082 112
2042 2026 16
2042 2034 1.02404e+06
2042 2070 2724304
2042 2077 2.21226e+06
2042 2075 1.18823e+06
2042 2059 164208
2042 2092 2212240
2042 2032 12
2042 2039 1024048
2042 2031 28
2042 2033 72
2042 2068 1.02402e+06
2042 2095 1.18822e+06
1402 1406 8960292
1402 1388 5.52098e+06
1402 1404 9.68969e+06
1402 1403 3.72933e+06
1402 2027 16
1402 1707 16
1402 1665 256
1402 1386 2376728
1402 1641 44
1402 1389 1.86448e+06
1402 1405 1.18822e+06
1402 1407 1.02409e+06
1402 1387 1.02409e+06
1402 1392 768064
1402 1408 2.04804e+06
1402 1692 36
2043 2015 6.14427e+06
2043 2047 7.49682e+06
2043 2045 8.3567e+06
2043 2044 6.0526e+06
2043 1649 16
2043 2115 16
2043 2011 16
2043 2059 16
2043 2051 164264
2043 2017 1.02408e+06
2043 2049 1.28004e+06
2043 2048 2.21232e+06
2043 2018 2.04805e+06
2043 2023 2.04805e+06
2043 2025 1.02402e+06
2043 2016 1280048
2043 2046 2.37644e+06
2043 2031 256024
2043 2026 4
2043 2053 164200
2044 2016 1.02405e+06
2044 2048 6.91227e+06
2044 2046 5.2844e+06
2044 2043 6216668
2044 2051 1.16846e+07
2044 1650 16
2044 2116 16
2044 2012 16
2044 2068 40
2044 2052 3236404
2044 2054 32
2044 2015 1.02402e+06
2044 2025 2.04804e+06
2044 2045 1.28007e+06
2044 2023 2.04806e+06
2044 2024 2.04806e+06
2044 2026 4
2044 2053 492600
2045 2017 6.40027e+06
2045 2049 5704788
2045 2043 8.5208e+06
2045 2059 7.42428e+06
2045 2046 6.05261e+06
2045 1651 16
2045 2117 16
2045 2013 40
2045 2069 164312
2045 2053 1024048
2045 2026 24
2045 2025 2212240
2045 2048 1352436
2045 2050 3912532
2045 2044 1.44425e+06
2045 2051 512040
2045 2031 512088
2045 2032 2.04805e+06
2045 2068 2376448
2045 2070 164200
2046 2018 1.02403e+06
2046 2050 4.09612e+06
2046 2044 5120168
2046 2068 5.12012e+06
2046 2045 6052476
2046 2053 1.04044e+07
2046 1652 16
2046 2118 16
2046 2014 40
2046 2070 88
2046 2054 1.02414e+06
2046 2040 1.28007e+06
2046 2039 3236264
2046 2051 2212240
2046 2059 1.28004e+06
2046 2031 256032
2046 2023 1.02404e+06
2046 2025 1.02404e+06
2046 2075 1.51662e+06
2046 2076 16
2046 2017 28
2046 2026 1352448
2046 2043 2.04807e+06
2046 2048 12
2047 2043 7825288
2047 2049 9.54487e+06
2047 2048 6.98496e+06
2047 1653 16
2047 2119 16
2047 2015 1024292
2047 2071 16
2047 2055 512064
2047 2016 1.02408e+06
2048 2044 7.07655e+06
2048 2050 9197088
2048 2047 6.98479e+06
2048 2055 6.10551e+06
2048 1654 16
2048 2120 16
2048 2016 256040
2048 2072 16
2048 2056 304
2048 2045 1.02408e+06
2048 2051 2357096
2048 2049 584424
2048 2053 1.18822e+06
2048 2043 2.04813e+06
2048 2052 3072072
2048 2023 256024
2048 2054 4
2048 2046 164200
2049 2045 5704860
2049 2047 9380588
2049 2071 7.12942e+06
2049 2050 4.51657e+06
2049 1655 16
2049 2121 16
2049 2017 1024292
2049 2073 1.02432e+06
2049 2057 512064
2049 2059 3728940
2049 2068 12
2049 2031 3.07212e+06
2049 2043 1.28004e+06
2049 2069 2.04804e+06
2049 2048 256048
2049 2053 256024
2049 2055 256024
2050 2046 4096140
2050 2048 8868568
2050 2072 3.05271e+06
2050 2049 4516500
2050 2057 3.56476e+06
2050 1656 16
2050 2122 16
2050 2018 16
2050 2074 208
2050 2058 136
2050 2045 3.58417e+06
2050 2071 3236264
2050 2073 1.02402e+06
2050 2056 1.02407e+06
2050 2051 164224
2050 2053 2.21224e+06
2050 2068 1.02402e+06
2050 2054 2.04808e+06
2050 2059 256052
2050 2075 2632472
2050 2079 584424
2051 2023 1.53607e+06
2051 2055 5.12018e+06
2051 2053 5.1202e+06
2051 2044 1.21772e+07
2051 2052 9525468
2051 1657 16
2051 2123 16
2051 2019 16
2051 2075 16
2051 2043 196
2051 2054 2704916
2051 2024 3584140
2051 2046 2.04805e+06
2051 2056 1.53606e+06
2051 2045 512040
2051 2048 1.70034e+06
2051 2050 328412
2051 2026 1.02403e+06
2051 2057 1.02402e+06
2052 2024 2.04809e+06
2052 2056 7752700
2052 2054 5613132
2052 2051 8.86888e+06
2052 1658 16
2052 2124 16
2052 2020 16
2052 2076 16
2052 2044 3072096
2052 2026 1.02402e+06
2052 2055 56
2052 2053 164200
2052 2048 3072072
1403 1407 6.14421e+06
1403 1389 4.09609e+06
1403 1405 7.58865e+06
1403 1402 3.8934e+06
1403 1641 7076428
1403 2028 16
1403 1708 16
1403 1666 40
1403 1387 40
1403 1642 1.18845e+06
1403 1388 3072084
1403 1394 1.02411e+06
1403 1643 328412
1403 1396 1536072
1403 1404 1.02402e+06
1403 1647 12
2053 2025 1.02403e+06
2053 2057 3.23631e+06
2053 2051 5120128
2053 2075 5.12011e+06
2053 2046 1.04044e+07
2053 2054 1.08972e+07
2053 1659 16
2053 2125 16
2053 2021 64
2053 2077 16
2053 2045 1.18828e+06
2053 2026 4588760
2053 2040 2.46828e+06
2053 2076 24
2053 2039 1.02402e+06
2053 2055 2.04804e+06
2053 2068 1.02402e+06
2053 2059 256020
2053 2052 12
2053 2056 1.02405e+06
2053 2050 2.04806e+06
2053 2048 1.02404e+06
2053 2049 256024
2053 2043 12
2053 2044 36
2054 2026 1.02407e+06
2054 2058 3.07215e+06
2054 2052 5.44877e+06
2054 2076 3.23633e+06
2054 2053 1.04049e+07
2054 1660 16
2054 2126 16
2054 2022 16
2054 2078 64
2054 2046 1.18831e+06
2054 2044 164216
2054 2056 2.21226e+06
2054 2051 2376508
2054 2057 2.04805e+06
2054 2075 2.21224e+06
2054 2050 2.04807e+06
2054 2048 4
2055 2051 5120228
2055 2057 6.3084e+06
2055 2048 5.61293e+06
2055 2056 9105260
2055 1661 16
2055 2127 16
2055 2023 64
2055 2079 88
2055 2047 512184
2055 2076 24
2055 2080 24
2055 2053 2.04804e+06
2055 2071 1.28004e+06
2055 2072 1.18822e+06
2055 2058 2.21224e+06
2055 2059 256020
2055 2052 328416
2055 2068 164200
2055 2049 256024
2056 2052 7424468
2056 2058 6453528
2056 2055 8777068
2056 1662 16
2056 2128 16
2056 2024 64
2056 2080 16
2056 2048 40
2056 2054 2.21227e+06
2056 2051 1.53606e+06
2056 2057 2796720
2056 2050 1.02407e+06
2056 2053 1.18823e+06
2057 2053 3072100
2057 2055 6.14417e+06
2057 2079 3.40047e+06
2057 2050 3.23638e+06
2057 2058 9544700
2057 1663 16
2057 2129 16
2057 2025 16
2057 2081 112
2057 2049 512112
2057 2076 3.23629e+06
2057 2080 1024048
2057 2054 2.04805e+06
2057 2056 2304212
2057 2071 256020
2057 2075 164200
2057 2072 1.02402e+06
2057 2051 1.02402e+06
2058 2054 3.07225e+06
2058 2056 5796584
2058 2080 4.58878e+06
2058 2057 9.21644e+06
2058 1664 16
2058 2130 16
2058 2026 40
2058 2082 160
2058 2050 40
2058 2076 2540644
2058 2055 2.04806e+06
2059 2031 7.68037e+06
2059 2071 8868592
2059 2045 7588460
2059 2069 9.38066e+06
2059 2068 6216832
2059 1665 16
2059 2131 16
2059 2027 64
2059 2043 88
2059 2075 2212324
2059 2040 24
2059 2042 24
2059 2049 3.23638e+06
2059 2039 1.35242e+06
2059 2041 2.04804e+06
2059 2046 1.28004e+06
2059 2070 2.37644e+06
2059 2033 512072
2059 2053 256020
2059 2055 256020
2059 2072 256024
2059 2077 164208
2059 2050 420232
2059 2034 1.02402e+06
2059 2073 1.35242e+06
2059 2017 24
2068 2032 1.02403e+06
2068 2072 4096140
2068 2046 5.12012e+06
2068 2070 5.12016e+06
2068 2059 5.8883e+06
2068 2075 6472540
2068 1666 16
2068 2132 16
2068 2028 16
2068 2044 40
2068 2076 224
2068 2078 164240
2068 2049 164200
2068 2071 2.04804e+06
2068 2053 1.02402e+06
2068 2069 512040
2068 2077 4.75288e+06
2068 2055 12
2068 2039 2.04804e+06
2068 2074 1.02402e+06
2068 2050 1.02402e+06
2068 2031 80
2068 2040 1.53608e+06
2068 2042 1.02402e+06
2068 2045 2.04807e+06
2069 2033 8.4483e+06
2069 2073 1.00568e+07
2069 2059 9216520
2069 2115 9544668
2069 2070 5101000
2069 1667 16
2069 2133 88
2069 2029 16
2069 2045 28
2069 2077 328492
2069 2074 1.79208e+06
2069 2049 2.04804e+06
2069 2068 512040
2069 2071 1.44425e+06
2069 2078 16
2069 2041 1.02402e+06
2069 2088 1.02402e+06
2069 2031 36
2069 2095 164200
2070 2034 1.02403e+06
2070 2074 3.07213e+06
2070 2068 5.12018e+06
2070 2116 5.44852e+06
2070 2069 4.77245e+06
2070 2077 6.14414e+06
2070 1668 16
2070 2134 112
2070 2030 40
2070 2046 16
2070 2078 676372
2070 2042 2560120
2070 2041 4260280
2070 2059 2.04807e+06
2070 2095 2.04805e+06
2070 2033 256076
2070 2087 256020
2070 2096 2.54066e+06
2070 2115 256020
2070 2123 1.02402e+06
2070 2124 164212
2070 2045 12
1404 1408 7660976
1404 1402 9689832
1404 1691 7.98928e+06
1404 1405 8501600
1404 2029 16
1404 1709 208
1404 1667 208
1404 1388 40
1404 1643 32
1404 1407 1280112
1404 1640 1.60847e+06
1404 1406 1536128
1404 1386 16
1404 1695 328424
1404 1692 420312
1404 1403 1.02402e+06
1404 1641 8
1404 1647 4
2071 2059 8704604
2071 2049 6.30848e+06
2071 2073 7.75284e+06
2071 2072 6.70945e+06
2071 1669 16
2071 2135 16
2071 2031 160
2071 2047 112
2071 2079 1.26082e+06
2071 2076 1.02404e+06
2071 2078 1.02404e+06
2071 2068 2.04804e+06
2071 2050 3.07208e+06
2071 2055 1.28004e+06
2071 2074 3564664
2071 2057 256020
2071 2069 1.28007e+06
2071 2075 164208
2071 2077 2.04805e+06
2072 2068 4096140
2072 2050 2.72434e+06
2072 2074 4.51636e+06
2072 2071 5.88847e+06
2072 2079 9544608
2072 1672 16
2072 2136 16
2072 2032 16
2072 2048 40
2072 2080 216
2072 2082 24
2072 2055 1.02403e+06
2072 2081 1.18822e+06
2072 2076 4.26031e+06
2072 2077 1.18822e+06
2072 2057 1.02402e+06
2072 2059 256024
2072 2078 164204
2072 2075 1.02402e+06
2073 2069 9728616
2073 2071 7.42446e+06
2073 2119 8.52065e+06
2073 2074 4.75323e+06
2073 1673 16
2073 2137 136
2073 2033 1024184
2073 2049 1.02404e+06
2073 2081 1.00476e+06
2073 2050 1.02402e+06
2073 2077 1280048
2073 2079 256024
2073 2127 164208
2073 2059 1.02405e+06
2073 2115 2212248
2073 2116 164200
2074 2070 3.07213e+06
2074 2072 4.35229e+06
2074 2120 3236272
2074 2073 4.42474e+06
2074 2081 6820392
2074 1674 16
2074 2138 64
2074 2034 16
2074 2050 16
2074 2082 136
2074 2078 3.40051e+06
2074 2069 1.79208e+06
2074 2071 3.0721e+06
2074 2119 2.21224e+06
2074 2079 256020
2074 2068 1.02402e+06
2074 2077 1.02402e+06
2074 2116 1.02402e+06
2074 2127 1.02402e+06
2075 2039 1.02403e+06
2075 2079 3.07209e+06
2075 2053 5.12011e+06
2075 2077 7.33246e+06
2075 2068 6.14416e+06
2075 2076 9.87323e+06
2075 1675 16
2075 2139 16
2075 2035 64
2075 2051 16
2075 2059 2.21231e+06
2075 2040 3.65651e+06
2075 2042 1.02404e+06
2075 2054 2.04806e+06
2075 2057 12
2075 2046 1.02406e+06
2075 2071 28
2075 2078 1.35242e+06
2075 2050 2304096
2075 2072 1.02402e+06
2076 2040 1.28009e+06
2076 2080 8.35656e+06
2076 2054 3.23633e+06
2076 2078 5777244
2076 2075 9380804
2076 1684 16
2076 2140 16
2076 2036 16
2076 2052 112
2076 2068 164296
2076 2055 164208
2076 2071 1.18823e+06
2076 2053 164208
2076 2057 3.23629e+06
2076 2058 2.04808e+06
2076 2079 2.04805e+06
2076 2072 4.09611e+06
2076 2046 8
2076 2077 16
2077 2041 1.02403e+06
2077 2081 4260340
2077 2075 7.16823e+06
2077 2123 3.40047e+06
2077 2070 6.14414e+06
2077 2078 9288812
2077 1685 16
2077 2141 64
2077 2037 40
2077 2053 16
2077 2069 164296
2077 2042 2.21226e+06
2077 2096 1.02402e+06
2077 2068 4.09613e+06
2077 2072 1.02404e+06
2077 2040 1.28004e+06
2077 2074 1.02402e+06
2077 2079 2.04805e+06
2077 2073 1280048
2077 2080 1.02402e+06
2077 2082 16
2077 2059 28
2077 2116 1.02402e+06
2077 2071 2.04805e+06
2077 2076 164216
2078 2042 2.04809e+06
2078 2082 2304124
2078 2076 5.61312e+06
2078 2124 3.49233e+06
2078 2077 9.28892e+06
2078 1686 16
2078 2142 40
2078 2038 16
2078 2054 16
2078 2070 676380
2078 2074 3.23629e+06
2078 2068 164224
2078 2071 1.18823e+06
2078 2079 2.04804e+06
2078 2080 2.04804e+06
2078 2081 1.28005e+06
2078 2123 1.28004e+06
2078 2072 16
2078 2075 1.02405e+06
2078 2069 16
2078 2040 256020
2079 2075 3072116
2079 2057 3.0721e+06
2079 2081 6.47265e+06
2079 2072 9.21623e+06
2079 2080 1.0733e+07
2079 1687 16
2079 2143 16
2079 2039 16
2079 2055 16
2079 2071 932464
2079 2082 2376512
2079 2078 2.04804e+06
2079 2076 2.04805e+06
2079 2074 256020
2079 2077 2.04805e+06
2079 2073 256024
2079 2050 256048
2080 2076 8.35662e+06
2080 2058 4.42458e+06
2080 2082 1.00375e+07
2080 2079 10404720
2080 1688 16
2080 2144 16
2080 2040 40
2080 2056 160
2080 2072 164288
2080 2055 164208
2080 2057 1.18823e+06
2080 2078 2.04804e+06
2080 2081 1.02402e+06
2080 2077 1.02402e+06
1405 1640 6.14433e+06
1405 1403 7.42427e+06
1405 1692 2468304
1405 1404 8501624
1405 1643 6.19716e+06
1405 2030 16
1405 1710 40
1405 1668 16
1405 1389 16
1405 1644 1.18862e+06
1405 1407 3072060
1405 1641 3820708
1405 1402 1.02403e+06
1405 1408 3.07219e+06
1405 1691 1.02402e+06
1405 1642 16
1405 1647 328416
1405 1694 12
2081 2077 4.09618e+06
2081 2079 6.14423e+06
2081 2127 5.44852e+06
2081 2074 6820392
2081 2082 8.35661e+06
2081 1689 16
2081 2145 160
2081 2041 16
2081 2057 16
2081 2073 512172
2081 2072 1.02403e+06
2081 2123 3.40046e+06
2081 2078 1.28005e+06
2081 2080 1.02402e+06
2081 2120 2.04805e+06
2081 2124 1.35242e+06
2082 2078 2.30429e+06
2082 2080 9.38075e+06
2082 2128 4.42454e+06
2082 2081 8.68501e+06
2082 1690 16
2082 2146 64
2082 2042 40
2082 2058 16
2082 2074 88
2082 2072 164208
2082 2079 2.3765e+06
2082 2124 2.04805e+06
2082 2077 8
2082 2127 1.02404e+06
2082 2123 12
2083 1727 7496672
2083 2087 9032924
2083 2029 8.19233e+06
2083 2085 10201772
2083 2084 5540620
2083 1691 136
2083 2011 16
2083 2115 16
2083 2099 1.02404e+06
2083 2091 1.0241e+06
2083 2088 512040
2083 1729 2.04811e+06
2083 2089 2.70485e+06
2083 1728 1608448
2083 2030 1.02402e+06
2083 2033 2.04813e+06
2083 1730 420224
2083 2086 164200
2083 2090 164200
2084 1728 1.02403e+06
2084 2088 5376264
2084 2030 4.51634e+06
2084 2086 5.61284e+06
2084 2083 5540524
2084 2091 7496580
2084 1692 16
2084 2012 40
2084 2116 16
2084 2100 16
2084 2092 492804
2084 1735 3072060
2084 2093 2.04804e+06
2084 1727 1.02411e+06
2084 1737 1.02402e+06
2084 2087 3.40055e+06
2084 2029 1.02411e+06
2084 2085 2.56015e+06
2084 2034 256020
2084 2094 164212
2084 1729 28
2084 1730 2.04805e+06
2084 2090 164200
2085 1729 8612576
2085 2089 9.54476e+06
2085 2083 9380808
2085 2099 9544668
2085 2086 6.21676e+06
2085 1693 64
2085 2013 16
2085 2117 16
2085 2101 64
2085 2093 2.37663e+06
2085 2090 768060
2085 1737 2304080
2085 2007 1.02402e+06
2085 2084 2.56015e+06
2085 2088 420228
2085 1738 164212
2085 2094 164224
2085 2097 164208
2085 1730 420224
2086 1730 1.02403e+06
2086 2090 6308420
2086 2084 5.28444e+06
2086 2100 5448524
2086 2085 6.05247e+06
2086 2093 5120120
2086 1694 16
2086 2014 16
2086 2118 16
2086 2102 88
2086 2094 2212368
2086 1735 1.02402e+06
2086 1737 1.02403e+06
2086 2107 3072060
2086 2007 1.02402e+06
2086 1990 256048
2086 2099 1700296
2086 2008 164212
2086 2108 164212
2086 1991 1.02402e+06
2086 2088 1.02402e+06
2086 2089 1536072
2086 2103 256024
2086 2083 12
2087 2083 8.70445e+06
2087 2115 9216268
2087 2033 9216304
2087 2089 9380700
2087 2088 5.77724e+06
2087 1695 16
2087 2015 16
2087 2119 16
2087 2103 16
2087 2095 1516976
2087 2091 512040
2087 2084 3072188
2087 2041 256020
2087 2070 256020
2087 2096 328432
2087 2034 1.02402e+06
2087 2092 2.04805e+06
2087 2093 164200
2087 2090 164200
2088 2084 5376144
2088 2116 1.02403e+06
2088 2034 3.23628e+06
2088 2090 5120192
2088 2087 5.28458e+06
2088 2095 6472544
2088 1696 16
2088 2016 40
2088 2120 16
2088 2104 16
2088 2096 1.18835e+06
2088 2092 3.23632e+06
2088 2091 2.04805e+06
2088 2083 512040
2088 2093 3236260
2088 2041 2.04804e+06
2088 2085 256048
2088 2094 2.21226e+06
2088 2086 1.02402e+06
2088 2115 1.02402e+06
2088 2069 1.02402e+06
2088 2089 1280048
2088 2033 24
2088 2097 164200
2089 2085 9216516
2089 2117 8448268
2089 2087 9216440
2089 2103 10568692
2089 2090 3.91271e+06
2089 1697 16
2089 2017 16
2089 2121 1.02404e+06
2089 2105 112
2089 2097 2.46856e+06
2089 2095 932272
2089 2083 2.0481e+06
2089 2093 256020
2089 2098 492640
2089 2096 164208
2089 2086 1536072
2089 2088 1280048
2089 2099 164200
2089 2100 164200
2090 2086 6.14416e+06
2090 2118 1.02403e+06
2090 2088 5.28438e+06
2090 2104 4424504
2090 2089 3748420
2090 2097 7332360
2090 1698 16
2090 2018 16
2090 2122 16
2090 2106 88
2090 2098 1024064
2090 2094 2.2123e+06
2090 2095 2.04804e+06
2090 2085 768060
2090 2108 2.21225e+06
2090 2099 256048
2090 2103 1.5361e+06
2090 2096 1.02402e+06
2090 2107 1.02402e+06
2090 2083 12
2090 2084 12
2090 2087 12
2090 2100 164200
1388 1392 4.35215e+06
1388 1386 11153188
1388 1402 5.35682e+06
1388 1389 10240476
1388 2013 16
1388 1693 16
1388 1651 16
1388 1404 88
1388 1396 1024048
1388 1642 24
1388 1387 2.37649e+06
1388 1394 1.28009e+06
1388 1403 3400460
1388 1390 2.04804e+06
1388 1406 1.02402e+06
1388 1393 1.02402e+06
1388 1641 36
1406 1402 8.96024e+06
1406 1665 8.35645e+06
1406 1392 8.26472e+06
1406 1408 7496728
1406 1407 4.51648e+06
1406 2031 16
1406 1711 16
1406 1669 112
1406 1390 1.02404e+06
1406 1645 256048
1406 1393 256020
1406 1386 328448
1406 1640 164216
1406 1404 1536128
1406 1388 1.02402e+06
1406 1667 1516660
1406 1668 16
1406 1696 24
2091 1735 1.02403e+06
2091 2095 4.09615e+06
2091 2037 4.0961e+06
2091 2093 6.63696e+06
2091 2084 7168220
2091 2092 9.70904e+06
2091 1699 16
2091 2019 40
2091 2123 16
2091 2107 16
2091 2083 1.18829e+06
2091 2096 48
2091 1736 3.07206e+06
2091 2088 2212240
2091 2041 1.18823e+06
2091 2087 512040
2091 2094 1.28004e+06
2091 1738 3.07207e+06
2091 2038 2.04806e+06
2091 2030 1.02402e+06
2091 2034 1.02402e+06
2091 1727 56
2091 1729 28
2092 1736 2.46833e+06
2092 2096 5.44862e+06
2092 2038 4.09615e+06
2092 2094 6472776
2092 2091 9544936
2092 1700 40
2092 2020 16
2092 2124 16
2092 2108 16
2092 2084 328612
2092 2088 3400488
2092 2093 1352448
2092 2042 2.04805e+06
2092 2095 3.07207e+06
2092 2041 2.04806e+06
2092 2030 12
2092 2034 12
2092 1738 256024
2092 2087 2.04805e+06
2093 1737 1.02403e+06
2093 2097 3072160
2093 2091 6308536
2093 2107 3564668
2093 2086 5120120
2093 2094 11336876
2093 1701 16
2093 2021 16
2093 2125 16
2093 2109 88
2093 2085 2.21234e+06
2093 2092 1.18827e+06
2093 1736 1.02402e+06
2093 1738 4260308
2093 2084 2.04804e+06
2093 2088 3.07207e+06
2093 2095 2.04805e+06
2093 2008 1.02402e+06
2093 2089 256020
2093 2098 164212
2093 1729 28
2093 1990 28
2093 2007 1.02402e+06
2093 2100 1.02402e+06
2093 2108 256024
2093 2087 12
2094 1738 2.72435e+06
2094 2098 5.12022e+06
2094 2092 6.30852e+06
2094 2108 5.7046e+06
2094 2093 11172696
2094 1702 40
2094 2022 16
2094 2126 16
2094 2110 112
2094 2086 2376584
2094 2096 2.04807e+06
2094 2090 2376468
2094 2107 1.35244e+06
2094 2091 1.28004e+06
2094 2095 1.02402e+06
2094 2088 2.04806e+06
2094 2084 12
2094 2085 44
2094 2099 28
2094 2097 2.30407e+06
2094 2100 1.02402e+06
2095 2091 4096224
2095 2123 1.02403e+06
2095 2041 1.02403e+06
2095 2097 6.47275e+06
2095 2088 6.14417e+06
2095 2096 1.09167e+07
2095 1703 16
2095 2023 40
2095 2127 16
2095 2111 16
2095 2087 1188408
2095 2098 3.56472e+06
2095 2090 2.04804e+06
2095 2116 3072060
2095 2070 2212240
2095 2089 768092
2095 2093 2212240
2095 2094 1.02402e+06
2095 2118 1.02402e+06
2095 2092 3.07207e+06
2095 2115 1.02402e+06
2095 2117 1.02402e+06
2095 2042 1.02404e+06
2095 2069 12
2096 2092 5284544
2096 2124 2.04809e+06
2096 2042 3.07212e+06
2096 2098 8081164
2096 2095 1.10809e+07
2096 1704 16
2096 2024 16
2096 2128 16
2096 2112 16
2096 2088 1024052
2096 2094 2.21225e+06
2096 2091 328416
2096 2123 3072060
2096 2125 2.04804e+06
2096 2077 1.02402e+06
2096 2070 2.04808e+06
2096 2041 12
2096 2087 72
2096 2089 28
2096 2116 2.04805e+06
2096 2090 1.02402e+06
2097 2093 3.07218e+06
2097 2125 1.02403e+06
2097 2095 6308468
2097 2111 7.33237e+06
2097 2090 7.16817e+06
2097 2098 6472808
2097 1705 16
2097 2025 16
2097 2129 16
2097 2113 136
2097 2089 2468444
2097 2117 3.07208e+06
2097 2118 2.04804e+06
2097 2104 3.40047e+06
2097 2103 512076
2097 2112 16
2097 2085 28
2097 2099 28
2097 2108 584428
2097 2094 2.30407e+06
2097 2107 1.02402e+06
2097 2131 1.02402e+06
2097 2088 12
2098 2094 5.12024e+06
2098 2126 1.28009e+06
2098 2096 7.58866e+06
2098 2112 2.98035e+06
2098 2097 6.47273e+06
2098 1706 16
2098 2026 16
2098 2130 64
2098 2114 136
2098 2090 1.02404e+06
2098 2117 164208
2098 2095 3.40051e+06
2098 2111 3.98491e+06
2098 2139 1.44426e+06
2098 2125 2560088
2098 2093 12
2098 2089 100
2098 2118 2.04806e+06
2098 2107 1.02402e+06
2099 1990 9544720
2099 2103 10568788
2099 2085 9.21629e+06
2099 2101 10824804
2099 2100 5.19277e+06
2099 1707 64
2099 2027 16
2099 2131 16
2099 2083 1.02414e+06
2099 2107 52
2099 2104 932268
2099 2086 1700288
2099 2090 420228
2099 1992 28
2099 2108 16
2099 2097 164208
2099 2094 164208
2099 1991 1536072
2099 1993 1.02402e+06
2099 2105 1.02402e+06
2099 2102 1.02402e+06
2099 2089 12
2100 1991 1.02403e+06
2100 2104 6.1442e+06
2100 2086 5284336
2100 2102 8.52065e+06
2100 2099 5.02848e+06
2100 2107 4.42449e+06
2100 1708 16
2100 2028 16
2100 2132 16
2100 2084 40
2100 2108 1700440
2100 1737 1.02402e+06
2100 2007 3072088
2100 2009 1.02402e+06
2100 1990 256048
2100 1992 256024
2100 2109 1.18822e+06
2100 2008 164216
2100 2010 16
2100 2101 1.02405e+06
2100 2103 1280048
2100 2093 1.02402e+06
2100 2094 1.02402e+06
2100 2105 256024
2100 2089 12
2100 2090 12
1407 1403 6.14421e+06
1407 1666 3.56471e+06
1407 1393 3.72892e+06
1407 1640 8520940
1407 1406 4.51652e+06
1407 1645 4.84474e+06
1407 2032 16
1407 1712 16
1407 1672 212
1407 1391 1.02437e+06
1407 1646 136
1407 1644 24
1407 1405 3072060
1407 1392 2.54073e+06
1407 1404 1280112
1407 1642 2.04804e+06
1407 1647 164200
1407 1402 1.02409e+06
1407 1651 2048168
1407 1665 1.02408e+06
1407 1398 1.02408e+06
1407 1408 1.02408e+06
1407 1400 912864
1407 1650 256024
1407 1652 256032
1407 1668 1.51668e+06
1407 1675 164208
1407 1667 1.18824e+06
1407 1696 12
2101 1992 8520700
2101 2105 9800852
2101 2099 10496500
2101 2102 4.75318e+06
2101 1709 64
2101 2029 16
2101 2133 16
2101 2085 136
2101 2109 164332
2101 1993 2.56009e+06
2101 2106 2.1205e+06
2101 2104 420232
2101 2100 1.18823e+06
2101 2103 12
2102 1993 1.02403e+06
2102 2106 5120180
2102 2100 8192324
2102 2101 4.26048e+06
2102 2109 9.17738e+06
2102 1710 16
2102 2030 16
2102 2134 16
2102 2086 112
2102 2110 1.0243e+06
2102 2007 2.04804e+06
2102 2009 3.07208e+06
2102 2104 1.02402e+06
2102 1992 256080
2102 2010 24
2102 2108 4
2102 2107 2212240
2102 2099 1.02402e+06
2103 2099 10240516
2103 2131 9216268
2103 2089 10240316
2103 2105 10240308
2103 2104 5.19278e+06
2103 1711 16
2103 2031 16
2103 2135 16
2103 2087 112
2103 2111 1516836
2103 2132 256020
2103 2133 256020
2103 2097 676256
2103 2107 164208
2103 2090 1700280
2103 2100 1280048
2103 2086 256024
2103 2101 164200
2104 2100 6.14415e+06
2104 2132 1.02403e+06
2104 2090 4260316
2104 2106 1.05687e+07
2104 2103 5.02847e+06
2104 2111 7.16818e+06
2104 1712 16
2104 2032 16
2104 2136 16
2104 2088 40
2104 2112 1.18833e+06
2104 2108 2.46833e+06
2104 2099 768088
2104 2109 1.02402e+06
2104 2102 1.02402e+06
2104 2097 3.0721e+06
2104 2101 256052
2104 2110 1.18824e+06
2104 2107 164200
2104 2131 2.04805e+06
2104 2105 420224
2105 2101 9800996
2105 2133 7148872
2105 2103 10240428
2105 2106 2376700
2105 1713 16
2105 2033 16
2105 2137 2.04816e+06
2105 2089 184
2105 2113 1352580
2105 2138 1.02402e+06
2105 2134 512044
2105 2131 420232
2105 2099 1.02402e+06
2105 2100 256024
2105 2104 256036
2106 2102 5120156
2106 2134 1.02403e+06
2106 2104 10404552
2106 2105 2.37667e+06
2106 2113 1.04044e+07
2106 1714 16
2106 2034 16
2106 2138 16
2106 2090 40
2106 2114 1024128
2106 2110 2.21231e+06
2106 2101 1792144
2106 2109 2212248
2106 2131 1.02402e+06
2106 2133 1.02402e+06
2106 2107 1.02402e+06
2107 2007 2048060
2107 2111 4260384
2107 2093 3.0721e+06
2107 2109 7.16816e+06
2107 2100 4.09611e+06
2107 2108 9288884
2107 1715 16
2107 2035 16
2107 2139 16
2107 2091 64
2107 2099 164240
2107 2094 1188256
2107 1738 1.02402e+06
2107 2008 3.4005e+06
2107 2086 3072060
2107 2102 2.04805e+06
2107 2103 28
2107 2104 12
2107 2009 1.02402e+06
2107 2097 1.02402e+06
2107 2113 1.02402e+06
2107 2098 1.02402e+06
2107 2090 1.02402e+06
2107 2106 1.02402e+06
2107 2110 1.35244e+06
2107 2010 164212
2107 2112 4
2108 2008 1956340
2108 2112 3584192
2108 2094 5.54042e+06
2108 2110 5.5405e+06
2108 2107 9288936
2108 1716 40
2108 2036 16
2108 2140 16
2108 2092 40
2108 2100 1.86461e+06
2108 2104 2.6325e+06
2108 2109 2.21229e+06
2108 2111 2.30406e+06
2108 2090 2.04805e+06
2108 2086 12
2108 2097 256052
2108 2102 4
2108 2099 16
2108 2007 768068
2108 2010 1.44426e+06
2108 2114 256020
2108 2009 256020
2108 2093 256024
2108 2004 4
2109 2009 2.04805e+06
2109 2113 3072184
2109 2107 7.16836e+06
2109 2102 8192252
2109 2110 1.10615e+07
2109 1717 16
2109 2037 16
2109 2141 16
2109 2093 40
2109 2101 164268
2109 2108 2540668
2109 2008 1.02404e+06
2109 2010 3.23632e+06
2109 2112 1.02402e+06
2109 2104 1.02402e+06
2109 2100 1.02404e+06
2109 2106 2048060
2110 2010 2.2123e+06
2110 2114 6144216
2110 2108 5.37632e+06
2110 2109 10569072
2110 1718 16
2110 2038 16
2110 2142 16
2110 2094 64
2110 2102 1.35258e+06
2110 2106 2376480
2110 2113 2.21228e+06
2110 2104 1.02404e+06
2110 2107 1.02404e+06
1408 1404 7.49672e+06
1408 1667 8.19224e+06
1408 1406 7.49678e+06
1408 1695 7496640
1408 1640 5540580
1408 2033 16
1408 1713 424
1408 1673 16
1408 1392 16
1408 1647 768116
1408 1643 768068
1408 1405 3.07219e+06
1408 1407 1.02408e+06
1408 1691 2.0481e+06
1408 1692 1.60846e+06
1408 1723 656864
1408 1699 656832
1408 1694 164208
1408 1696 1.68089e+06
1408 1402 2.04804e+06
1408 1697 28
2111 2107 4096172
2111 2139 2.04805e+06
2111 2097 7.33237e+06
2111 2113 4.09616e+06
2111 2104 7.33236e+06
2111 2112 1.41336e+07
2111 1719 16
2111 2039 16
2111 2143 16
2111 2095 64
2111 2103 1188484
2111 2098 3.49235e+06
2111 2108 2.30406e+06
2111 2132 4.0961e+06
2111 2133 2.04806e+06
2111 2118 1.02402e+06
2111 2114 1.18822e+06
2112 2108 3.58429e+06
2112 2140 1.02407e+06
2112 2098 2.81616e+06
2112 2114 7.33246e+06
2112 2111 13805240
2112 1720 16
2112 2040 16
2112 2144 136
2112 2096 16
2112 2104 1024060
2112 2132 1.18823e+06
2112 2139 6472564
2112 2141 1.18824e+06
2112 2133 164208
2112 2109 1.02402e+06
2112 2097 8
2112 2113 1.02402e+06
2112 2134 4
2112 2107 4
2113 2109 3.07216e+06
2113 2141 1.02403e+06
2113 2111 4.09618e+06
2113 2106 1.04044e+07
2113 2114 7.4968e+06
2113 1721 16
2113 2041 16
2113 2145 40
2113 2097 64
2113 2105 1188480
2113 2133 3072092
2113 2134 5.28432e+06
2113 2110 2212284
2113 2132 1.02402e+06
2113 2139 1.02402e+06
2113 2107 1.02402e+06
2113 2112 1.02402e+06
2113 2131 12
2114 2110 6.14426e+06
2114 2142 2.21229e+06
2114 2112 7.49676e+06
2114 2113 7.49678e+06
2114 1722 16
2114 2042 16
2114 2146 112
2114 2098 88
2114 2106 1024048
2114 2134 1.18825e+06
2114 2141 4260324
2114 2133 164208
2114 2139 3.07207e+06
2114 2111 1.02403e+06
2114 2108 256020
2114 2132 1.02402e+06
2115 2087 9216268
2115 2119 10240356
2115 2069 9.21629e+06
2115 2117 9544784
2115 2116 8.50148e+06
2115 1723 16
2115 2043 16
2115 2083 16
2115 2131 16
2115 2123 28
2115 2121 1.02402e+06
2115 2120 512040
2115 2070 256020
2115 2124 16
2115 2118 164208
2115 2088 1.02402e+06
2115 2095 1.02402e+06
2115 2073 2.04806e+06
2116 2088 1.02403e+06
2116 2120 7.16824e+06
2116 2070 5284336
2116 2118 8.35645e+06
2116 2115 7.84464e+06
2116 2123 4.42449e+06
2116 1724 16
2116 2044 40
2116 2084 16
2116 2132 16
2116 2124 2284864
2116 2095 3072060
2116 2125 1.18822e+06
2116 2074 1.02402e+06
2116 2096 2.04805e+06
2116 2119 1.02402e+06
2116 2077 1.02402e+06
2116 2073 12
2117 2089 8448268
2117 2121 1.06607e+07
2117 2115 9216408
2117 2131 9216272
2117 2118 6.54519e+06
2117 1725 16
2117 2045 16
2117 2085 40
2117 2133 16
2117 2125 16
2117 2098 24
2117 2097 3236264
2117 2132 1.02402e+06
2117 2139 1.02402e+06
2117 2120 256024
2117 2122 584440
2117 2095 1.02402e+06
2118 2090 1.02403e+06
2118 2122 8.19223e+06
2118 2116 8.19226e+06
2118 2132 4260308
2118 2117 6052552
2118 2125 7989156
2118 1726 16
2118 2046 16
2118 2086 16
2118 2134 40
2118 2126 224
2118 2097 2.04804e+06
2118 2121 1.53606e+06
2118 2139 2.04804e+06
2118 2095 1.02402e+06
2118 2111 1.02402e+06
2118 2120 2.04805e+06
2118 2131 256036
2118 2140 16
2118 2115 28
2118 2098 2.04806e+06
2118 2124 256028
2118 2123 1.02402e+06
2119 2115 10240308
2119 2073 8192272
2119 2121 8192264
2119 2120 6965464
2119 1727 16
2119 2047 16
2119 2087 160
2119 2135 16
2119 2127 1.3526e+06
2119 2074 2.04806e+06
2119 2122 1.02402e+06
2119 2123 1.70027e+06
2119 2116 1.02402e+06
2120 2116 7.49662e+06
2120 2074 3.07208e+06
2120 2122 5.28442e+06
2120 2119 6.30859e+06
2120 2127 6.14415e+06
2120 1728 16
2120 2048 16
2120 2088 16
2120 2136 16
2120 2128 148
2120 2124 3236328
2120 2123 4.42451e+06
2120 2115 512040
2120 2126 2.04806e+06
2120 2118 2.04805e+06
2120 2125 3236272
2120 2081 2.04805e+06
2120 2117 256024
2120 2121 1.44428e+06
1640 1405 6.14421e+06
1640 1668 3.4923e+06
1640 1407 8.35672e+06
1640 1696 1792144
1640 1408 5.54056e+06
1640 1647 4844728
1640 2034 16
1640 1714 232
1640 1674 112
1640 1393 16
1640 1648 176
1640 1644 1.02404e+06
1640 1643 3.07206e+06
1640 1692 1.70026e+06
1640 1404 1.6085e+06
1640 1406 164216
1640 1665 1.02408e+06
1640 1667 1.02408e+06
1640 1695 1.02408e+06
1640 1645 840464
1640 1666 512048
1640 1703 748644
1640 1704 164208
1640 1724 328416
1640 1685 492624
1640 1731 328416
2121 2117 10660632
2121 2119 8.19234e+06
2121 2135 9216272
2121 2122 6381008
2121 1729 16
2121 2049 16
2121 2089 1.02418e+06
2121 2137 16
2121 2129 2028832
2121 2125 676264
2121 2115 1.02402e+06
2121 2131 1.02402e+06
2121 2118 1.53606e+06
2121 2127 256024
2121 2120 1444268
2121 2136 256024
2122 2118 8.19223e+06
2122 2120 5.28442e+06
2122 2136 4.51633e+06
2122 2121 6.21674e+06
2122 2129 6.6562e+06
2122 1730 16
2122 2050 16
2122 2090 16
2122 2138 40
2122 2130 88
2122 2126 3400512
2122 2119 1.02402e+06
2122 2125 3.23628e+06
2122 2143 512040
2122 2132 1.02402e+06
2122 2117 256080
2122 2131 256024
2122 2140 1.02404e+06
2123 2095 1.02403e+06
2123 2127 6144148
2123 2077 3.07209e+06
2123 2125 4.09617e+06
2123 2116 4.09611e+06
2123 2124 10221024
2123 1731 16
2123 2051 16
2123 2091 16
2123 2139 16
2123 2115 164288
2123 2128 2.37652e+06
2123 2096 3072060
2123 2120 4.42451e+06
2123 2081 3.07208e+06
2123 2129 1.02402e+06
2123 2119 1.53609e+06
2123 2078 1.28004e+06
2123 2070 1.02402e+06
2123 2118 1.02402e+06
2123 2126 1.18822e+06
2123 2082 164212
2124 2096 2.04809e+06
2124 2128 7.49672e+06
2124 2078 3.32814e+06
2124 2126 3.74851e+06
2124 2123 1.00569e+07
2124 1732 16
2124 2052 16
2124 2092 16
2124 2140 16
2124 2116 2120656
2124 2120 3.40051e+06
2124 2125 676252
2124 2082 2.21225e+06
2124 2127 1.02403e+06
2124 2081 1.02405e+06
2124 2070 12
2124 2118 256028
2124 2115 16
2124 2130 2.04804e+06
2125 2097 1.02403e+06
2125 2129 4.09613e+06
2125 2123 4260476
2125 2139 4.2603e+06
2125 2118 7.16822e+06
2125 2126 1.22497e+07
2125 1733 16
2125 2053 16
2125 2093 16
2125 2141 40
2125 2117 64
2125 2124 512068
2125 2121 676272
2125 2096 2.04804e+06
2125 2098 2560088
2125 2143 1.02402e+06
2125 2122 3.23628e+06
2125 2136 1.02402e+06
2125 2116 1.02403e+06
2125 2140 1.02402e+06
2125 2120 3.07208e+06
2125 2127 1.02402e+06
2125 2128 1.02402e+06
2125 2130 16
2125 2132 1.02402e+06
2126 2098 1.28009e+06
2126 2130 5120212
2126 2124 3748440
2126 2140 5.44859e+06
2126 2125 11593060
2126 1734 16
2126 2054 16
2126 2094 16
2126 2142 88
2126 2118 328528
2126 2122 3.23631e+06
2126 2139 1.18824e+06
2126 2127 1.02402e+06
2126 2120 2.04805e+06
2126 2128 1.18823e+06
2126 2129 3.07207e+06
2126 2123 1.02403e+06
2126 2136 1.02402e+06
2127 2123 6144196
2127 2081 5.12014e+06
2127 2129 4.09623e+06
2127 2120 6.14415e+06
2127 2128 1.05688e+07
2127 1735 16
2127 2055 16
2127 2095 16
2127 2143 16
2127 2119 1188384
2127 2126 1.02402e+06
2127 2124 1.18822e+06
2127 2130 2.21226e+06
2127 2125 1.02402e+06
2127 2121 256024
2127 2073 28
2127 2082 1.18824e+06
2127 2074 1.02402e+06
2128 2124 7.33263e+06
2128 2082 4.26037e+06
2128 2130 7.49682e+06
2128 2127 1.0733e+07
2128 1736 16
2128 2056 16
2128 2096 40
2128 2144 16
2128 2120 36
2128 2123 2376484
2128 2126 1.02404e+06
2128 2129 1.02402e+06
2128 2125 1.02402e+06
2129 2125 4.26046e+06
2129 2127 4.42463e+06
2129 2143 6308376
2129 2122 6.82038e+06
2129 2130 6.14433e+06
2129 1737 16
2129 2057 16
2129 2097 64
2129 2145 64
2129 2121 1536196
2129 2123 1.02402e+06
2129 2144 12
2129 2126 3.07207e+06
2129 2128 1.02402e+06
2129 2136 1536072
2129 2140 2212248
2129 2139 1.02402e+06
2130 2126 5120252
2130 2128 7.66098e+06
2130 2144 5.6128e+06
2130 2129 6.47271e+06
2130 1738 16
2130 2058 16
2130 2098 64
2130 2146 160
2130 2122 40
2130 2143 1.35245e+06
2130 2127 2.04806e+06
2130 2125 8
2130 2124 2.04804e+06
2130 2140 1.02404e+06
1641 1645 4608248
1641 1396 4.60814e+06
1641 1643 8448424
1641 1403 7240616
1641 1642 9.03289e+06
1641 2035 16
1641 1715 16
1641 1675 40
1641 1394 768360
1641 1402 164328
1641 1644 492624
1641 1405 3.32817e+06
1641 1389 1.26068e+06
1641 1646 164200
1641 1397 1.02402e+06
1641 1400 512048
1641 1647 1.02404e+06
1641 1404 8
1641 1388 492600
1641 1393 328400
2131 2103 9216268
2131 2135 1.10809e+07
2131 2117 9216272
2131 2133 8.19227e+06
2131 2132 4.16868e+06
2131 1739 16
2131 2059 16
2131 2099 40
2131 2115 40
2131 2139 28
2131 2136 1.60846e+06
2131 2121 1.02402e+06
2131 2137 2.56009e+06
2131 2138 1.02402e+06
2131 2134 256020
2131 2145 256020
2131 2118 420224
2131 2122 256024
2131 2105 256052
2131 2097 1.02402e+06
2131 2104 2.04805e+06
2131 2106 1.02402e+06
2131 2113 164200
2132 2104 1.02403e+06
2132 2136 6.14423e+06
2132 2118 4260308
2132 2134 6.30844e+06
2132 2131 4.00444e+06
2132 2139 4.09609e+06
2132 1987 16
2132 2068 16
2132 2100 40
2132 2116 40
2132 2140 2.37655e+06
2132 2112 1.02404e+06
2132 2111 4260292
2132 2117 1.02402e+06
2132 2133 1.28004e+06
2132 2103 256020
2132 2141 2.04807e+06
2132 2145 12
2132 2113 1.02402e+06
2132 2122 1.02402e+06
2132 2138 1.18822e+06
2132 2114 1.02402e+06
2132 2125 1.02402e+06
2132 2137 256024
2133 2105 6.65633e+06
2133 2137 8.2648e+06
2133 2131 8.19234e+06
2133 2134 5796548
2133 1988 16
2133 2069 16
2133 2101 112
2133 2117 64
2133 2141 2304076
2133 2112 24
2133 2114 24
2133 2111 2.21224e+06
2133 2113 3400468
2133 2135 1.02402e+06
2133 2132 1.28004e+06
2133 2103 256020
2133 2138 256036
2133 2106 1.02402e+06
2134 2106 1.02403e+06
2134 2138 5284388
2134 2132 6.30842e+06
2134 2133 5632264
2134 2141 6.98468e+06
2134 1989 16
2134 2070 16
2134 2102 64
2134 2118 64
2134 2142 4.0962e+06
2134 2114 1.02409e+06
2134 2140 28
2134 2137 676284
2134 2113 5.12013e+06
2134 2145 1.02402e+06
2134 2105 512044
2134 2131 256020
2134 2136 1.02402e+06
2134 2112 4
2134 2139 328400
2135 2131 1.10809e+07
2135 2121 9216272
2135 2137 8612464
2135 2136 6.30868e+06
2135 1990 16
2135 2071 16
2135 2103 160
2135 2119 16
2135 2143 512064
2135 2133 1.02402e+06
2135 2138 12
2136 2132 6.47265e+06
2136 2122 4.51633e+06
2136 2138 6144236
2136 2135 6.80122e+06
2136 2143 6380804
2136 1991 16
2136 2072 16
2136 2104 16
2136 2120 40
2136 2144 1.02416e+06
2136 2140 2.21229e+06
2136 2131 1.2801e+06
2136 2145 3.49239e+06
2136 2125 1.02402e+06
2136 2146 28
2136 2134 1.02402e+06
2136 2129 1536072
2136 2137 512048
2136 2139 1.44424e+06
2136 2121 256024
2136 2126 1.02402e+06
2137 2133 8593392
2137 2135 8.61251e+06
2137 2138 6.3811e+06
2137 1992 16
2137 2073 16
2137 2105 2.0482e+06
2137 2121 136
2137 2145 256040
2137 2134 1004660
2137 2131 2.56009e+06
2137 2136 512048
2137 2143 256024
2137 2132 256024
2138 2134 5.12022e+06
2138 2136 6144284
2138 2137 6.38106e+06
2138 2145 6.63683e+06
2138 1993 16
2138 2074 16
2138 2106 16
2138 2122 64
2138 2146 1024280
2138 2141 1188340
2138 2105 1.02402e+06
2138 2131 1.02402e+06
2138 2133 420224
2138 2142 4096092
2138 2132 1.02403e+06
2138 2143 1.18822e+06
2138 2140 164216
2138 2135 164200
2138 2139 328400
2139 2111 2.04805e+06
2139 2143 3.07209e+06
2139 2125 4.2603e+06
2139 2141 8.52066e+06
2139 2132 4.09609e+06
2139 2140 9.38061e+06
2139 1995 16
2139 2075 16
2139 2107 64
2139 2123 40
2139 2131 164240
2139 2098 1.44426e+06
2139 2112 6.47258e+06
2139 2126 1188256
2139 2117 1.02402e+06
2139 2118 2.04804e+06
2139 2142 12
2139 2114 3.07208e+06
2139 2113 1.02402e+06
2139 2136 1.28006e+06
2139 2129 1.02402e+06
2139 2145 16
2139 2134 24
2139 2138 24
2140 2112 1.02407e+06
2140 2144 8.19233e+06
2140 2126 5.4486e+06
2140 2142 4.42464e+06
2140 2139 9.38075e+06
2140 2004 16
2140 2076 16
2140 2108 16
2140 2124 64
2140 2132 2.21239e+06
2140 2136 2212272
2140 2134 164212
2140 2146 164220
2140 2143 2.21228e+06
2140 2145 164252
2140 2125 1.02402e+06
2140 2129 2048060
2140 2122 1.02403e+06
2140 2118 8
2140 2130 1.18824e+06
2140 2138 16
2140 2141 16
1642 1646 7.16841e+06
1642 1397 4424532
1642 1644 6.30858e+06
1642 1641 9.03292e+06
1642 2036 16
1642 1716 16
1642 1684 64
1642 1395 232
1642 1403 1.35252e+06
1642 1389 164208
1642 1396 2.70489e+06
1642 1388 164208
1642 1643 2.04807e+06
1642 1407 2.04804e+06
1642 1394 92
1642 1648 1352452
1642 1647 164200
1642 1400 1.02402e+06
1642 1405 8
1642 1700 8
1642 1401 8
2141 2113 1.02403e+06
2141 2145 1.28006e+06
2141 2139 8.35652e+06
2141 2134 6984644
2141 2142 1.03852e+07
2141 2005 16
2141 2077 16
2141 2109 40
2141 2125 64
2141 2133 2.3042e+06
2141 2112 1.18825e+06
2141 2114 4.09616e+06
2141 2138 1352504
2141 2146 1.28009e+06
2141 2132 2.21225e+06
2141 2140 164216
2142 2114 2.04811e+06
2142 2146 4096112
2142 2140 4260636
2142 2141 1.0057e+07
2142 2006 16
2142 2078 16
2142 2110 16
2142 2126 40
2142 2134 4.0961e+06
2142 2139 164200
2142 2145 2.04805e+06
2142 2138 4096092
2142 2144 1.02402e+06
2143 2139 3.07214e+06
2143 2129 6.63675e+06
2143 2145 5028516
2143 2136 6.05243e+06
2143 2144 9380548
2143 2007 16
2143 2079 16
2143 2111 88
2143 2127 88
2143 2135 512088
2143 2130 1.02409e+06
2143 2140 2376468
2143 2125 1.02402e+06
2143 2146 2.04807e+06
2143 2122 512040
2143 2137 256024
2143 2138 1.02403e+06
2144 2140 8356568
2144 2130 5.44863e+06
2144 2146 4.09621e+06
2144 2143 9216432
2144 2008 16
2144 2080 16
2144 2112 88
2144 2128 88
2144 2136 1024088
2144 2145 1.70041e+06
2144 2129 164200
2144 2142 1.02402e+06
2145 2141 1.28011e+06
2145 2143 5.35702e+06
2145 2138 6.30846e+06
2145 2146 10824916
2145 2009 16
2145 2081 16
2145 2113 40
2145 2129 160
2145 2137 256160
2145 2140 164240
2145 2144 2.19292e+06
2145 2134 1.02402e+06
2145 2136 3656560
2145 2131 256020
2145 2132 164200
2145 2142 2.04805e+06
2145 2139 8
2146 2142 4.09628e+06
2146 2144 4096284
2146 2145 10989216
2146 2010 16
2146 2082 16
2146 2114 40
2146 2130 64
2146 2138 1188388
2146 2140 164224
2146 2141 1.28009e+06
2146 2143 2.21225e+06
2146 2136 164208
1643 1647 7.16833e+06
1643 1641 8.77678e+06
1643 1699 5612764
1643 1405 5376248
1643 1644 9216428
1643 2037 16
1643 1717 136
1643 1685 16
1643 1396 16
1643 1404 164268
1643 1648 164224
1643 1640 3.07206e+06
1643 1642 2.21228e+06
1643 1696 1.18822e+06
1643 1408 768068
1643 1403 164224
1643 1645 2.04805e+06
1643 1692 3.07207e+06
1643 1646 1.02402e+06
1643 1701 164200
1644 1648 7.33262e+06
1644 1642 6637108
1644 1700 4.42458e+06
1644 1643 9709160
1644 2038 16
1644 1718 64
1644 1686 40
1644 1397 16
1644 1405 1352564
1644 1640 1.18823e+06
1644 1407 164208
1644 1641 164244
1644 1646 2.04805e+06
1644 1647 1.02404e+06
1644 1699 2048088
1644 1692 8
1644 1701 12
1644 1702 24
1644 1704 16
1645 1641 4772388
1645 1675 3236272
1645 1400 5.28432e+06
1645 1647 5120264
1645 1407 4352188
1645 1646 8.5209e+06
1645 2039 16
1645 1719 16
1645 1687 88
1645 1398 64
1645 1406 420260
1645 1684 24
1645 1397 2.04804e+06
1645 1666 5.28431e+06
1645 1393 2212240
1645 1665 256020
1645 1389 12
1645 1392 12
1645 1668 1.18824e+06
1645 1643 2.04805e+06
1645 1652 1.02402e+06
1645 1640 512104
1645 1648 1.18823e+06
1645 1401 20
1645 1685 1.02404e+06
1645 1703 12
1646 1642 7.33246e+06
1646 1684 4.09615e+06
1646 1401 8.68486e+06
1646 1648 7.33266e+06
1646 1645 8520928
1646 2040 16
1646 1720 40
1646 1688 64
1646 1399 88
1646 1407 164248
1646 1393 164208
1646 1397 164220
1646 1392 164208
1646 1675 4.4245e+06
1646 1400 1.02402e+06
1646 1396 12
1646 1641 12
1646 1644 2.04805e+06
1646 1659 1.02404e+06
1646 1647 1.02404e+06
1646 1643 1.02402e+06
1646 1666 16
1646 1700 164204
1646 1660 1.02402e+06
1646 1686 1.02406e+06
1646 1704 16
1646 1732 12
1646 1685 32
1646 1690 4
1389 1393 4.0961e+06
1389 1387 6820464
1389 1403 4.09609e+06
1389 1388 10404520
1389 1396 3.07207e+06
1389 2014 16
1389 1694 16
1389 1652 64
1389 1405 88
1389 1397 16
1389 1401 24
1389 1642 24
1389 1392 4352100
1389 1394 3.58415e+06
1389 1402 1.86451e+06
1389 1386 1.68089e+06
1389 1641 932300
1389 1645 164200
1389 1391 1.02402e+06
1647 1643 7.16821e+06
1647 1685 3.07208e+06
1647 1645 5.28452e+06
1647 1703 3236300
1647 1640 4.35218e+06
1647 1648 7.33257e+06
1647 2041 16
1647 1721 88
1647 1689 40
1647 1400 16
1647 1408 932328
1647 1666 1.02402e+06
1647 1668 2212240
1647 1696 2.04804e+06
1647 1407 12
1647 1642 12
1647 1644 1.02406e+06
1647 1646 1.18823e+06
1647 1692 2.04805e+06
1647 1699 2.04805e+06
1647 1405 56
1647 1700 328400
1647 1641 1.18822e+06
1647 1724 24
1647 1404 4
1647 1403 164200
1648 1644 7.66097e+06
1648 1686 3.07211e+06
1648 1646 7.49679e+06
1648 1704 3.82076e+06
1648 1647 7.4969e+06
1648 2042 16
1648 1722 88
1648 1690 40
1648 1401 16
1648 1640 164264
1648 1643 164220
1648 1685 3236272
1648 1700 5.12012e+06
1648 1642 1188280
1648 1675 1.02403e+06
1648 1645 1.02404e+06
1648 1668 12
1648 1696 12
1648 1703 12
1648 1692 4
1648 1699 4
1648 1666 4
1648 1731 24
1649 1390 4864216
1649 1653 1.0569e+07
1649 1651 9544968
1649 1650 5777268
1649 2043 16
1649 1723 16
1649 1386 16
1649 1665 208
1649 1657 821248
1649 1391 2.30413e+06
1649 1398 1.53612e+06
1649 1392 256020
1649 1393 256020
1649 1654 1.70031e+06
1649 1659 328416
1649 1652 1352464
1649 1656 164232
1650 1391 2.21226e+06
1650 1654 6.98468e+06
1650 1652 6.14425e+06
1650 1649 5777192
1650 1657 8.19222e+06
1650 2044 16
1650 1724 16
1650 1387 112
1650 1666 64
1650 1658 1.18842e+06
1650 1398 2.30409e+06
1650 1399 1.02402e+06
1650 1400 3.07207e+06
1650 1407 256024
1650 1659 1.02402e+06
1650 1401 164216
1650 1660 164200
1650 1656 1.02402e+06
1651 1392 6.1442e+06
1651 1655 9544920
1651 1649 9544848
1651 1665 9544808
1651 1652 4424808
1651 2045 16
1651 1725 16
1651 1388 16
1651 1667 304
1651 1659 328540
1651 1390 1.53606e+06
1651 1398 256020
1651 1400 256020
1651 1407 2048168
1651 1656 840468
1651 1663 328416
1651 1675 328416
1651 1669 328424
1651 1687 164208
1651 1666 164224
1651 1672 492652
1651 1688 164208
1651 1653 2.04804e+06
1652 1393 3.07208e+06
1652 1656 8520660
1652 1650 6.1442e+06
1652 1666 4.0961e+06
1652 1651 4424752
1652 1659 6.14415e+06
1652 2046 16
1652 1726 16
1652 1389 16
1652 1668 64
1652 1660 1.18839e+06
1652 1398 1.02403e+06
1652 1400 1.02403e+06
1652 1657 2.04804e+06
1652 1645 1.02402e+06
1652 1407 256032
1652 1401 16
1652 1649 1.51668e+06
1652 1684 328404
1652 1390 1.02402e+06
1652 1391 1.02402e+06
1652 1654 1.02402e+06
1652 1672 1.02404e+06
1652 1675 12
1653 1649 10568940
1653 2011 9708960
1653 1655 10240408
1653 1654 6380972
1653 2047 208
1653 1727 16
1653 1390 16
1653 1669 256
1653 1661 1.68104e+06
1653 1657 256024
1653 2019 164208
1653 2013 164212
1653 2021 164208
1653 2012 164208
1653 2014 164208
1653 1651 2.04804e+06
1653 1656 12
1654 1650 6820560
1654 2012 2.30414e+06
1654 1656 6.40027e+06
1654 1653 6873584
1654 1661 4.60814e+06
1654 2048 16
1654 1728 16
1654 1391 16
1654 1672 64
1654 1662 328576
1654 1658 4260320
1654 1657 2212248
1654 1649 1.86451e+06
1654 1660 1.02402e+06
1654 1652 1.02402e+06
1654 2011 1.28004e+06
1654 2013 1.28004e+06
1654 1655 1.02402e+06
1654 2014 256024
1655 1651 9544872
1655 2013 9544744
1655 1653 10240360
1655 1669 10404552
1655 1656 2.72445e+06
1655 2049 208
1655 1729 16
1655 1392 16
1655 1673 160
1655 1663 1.35257e+06
1655 1659 256020
1655 1661 512040
1655 1664 16
1655 2021 164208
1655 1687 164208
1655 2027 328452
1655 2035 164208
1655 2014 164208
1655 1672 1.18823e+06
1655 1688 164208
1655 2028 164208
1655 1654 1.02402e+06
1655 2017 16
1656 1652 8356496
1656 2014 1.28005e+06
1656 1654 6564480
1656 1672 5.02836e+06
1656 1655 3052804
1656 1663 3.3281e+06
1656 2050 16
1656 1730 16
1656 1393 16
1656 1674 88
1656 1664 164296
1656 1684 1.02405e+06
1656 1400 1.02402e+06
1656 1659 2.04804e+06
1656 1661 2212240
1656 1666 1.02402e+06
1656 1660 2048076
1656 1665 256020
1656 1675 1.02402e+06
1656 1651 512108
1656 1649 328432
1656 1688 164200
1656 2017 1.02408e+06
1656 1650 1.02402e+06
1656 2027 1.2801e+06
1656 1657 1.02402e+06
1656 1687 256024
1656 2013 256020
1656 2028 256024
1656 1653 164200
1390 1386 8.44831e+06
1390 1649 4864216
1390 1392 6.72886e+06
1390 1391 8153672
1390 2015 16
1390 1695 16
1390 1653 16
1390 1406 1.02404e+06
1390 1398 40
1390 1651 1.53606e+06
1390 1393 3400484
1390 1388 2.04804e+06
1390 1652 1.02402e+06
1390 1400 12
1657 1398 1.70028e+06
1657 1661 6.14424e+06
1657 1659 8.19238e+06
1657 1650 8684784
1657 1658 8520752
1657 2051 16
1657 1731 16
1657 1394 140
1657 1675 40
1657 1649 164488
1657 1660 1352456
1657 1399 4.0961e+06
1657 1401 2.21224e+06
1657 1652 2.04804e+06
1657 1654 2048060
1657 1400 1.02402e+06
1657 1653 256024
1657 1662 1.18824e+06
1657 1664 4
1657 1663 1.02402e+06
1657 1656 1.02402e+06
1658 1399 2.54072e+06
1658 1662 8520844
1658 1660 6308540
1658 1657 8520832
1658 2052 16
1658 1732 16
1658 1395 136
1658 1684 40
1658 1650 1.35256e+06
1658 1398 1.35244e+06
1658 1654 4096116
1658 1659 1.02402e+06
1658 1664 1.02403e+06
1659 1400 3.07208e+06
1659 1663 6308500
1659 1657 8.52066e+06
1659 1675 5.12013e+06
1659 1652 6.30834e+06
1659 1660 8.35655e+06
1659 2053 16
1659 1733 16
1659 1396 40
1659 1685 88
1659 1651 164320
1659 1664 24
1659 1688 24
1659 1401 2048088
1659 1656 2.04804e+06
1659 1672 1.18822e+06
1659 1655 256020
1659 1669 256020
1659 1684 1.35242e+06
1659 1395 12
1659 1397 12
1659 1646 1.18822e+06
1659 1658 1.02402e+06
1659 1650 1.02402e+06
1659 1649 56
1659 1398 256024
1659 1661 1.02402e+06
1659 1662 1.02402e+06
1659 1687 12
1660 1401 3400540
1660 1664 7661016
1660 1658 6.1443e+06
1660 1684 6472608
1660 1659 8356612
1660 2054 16
1660 1734 16
1660 1397 112
1660 1686 64
1660 1652 1352532
1660 1400 164208
1660 1657 1352452
1660 1398 164208
1660 1656 2.04806e+06
1660 1662 2.04805e+06
1660 1675 1.02402e+06
1660 1654 1.02402e+06
1660 1650 12
1660 1399 1.02402e+06
1660 1646 1.02402e+06
1660 1688 40
1660 2036 4
1660 1690 4
1660 1663 4
1661 1657 6308408
1661 2019 2.21225e+06
1661 1663 7332456
1661 1654 4.60814e+06
1661 1662 7332592
1661 2055 64
1661 1735 16
1661 1398 16
1661 1687 88
1661 1653 1188512
1661 1664 2.21228e+06
1661 1656 2.04805e+06
1661 2012 5120124
1661 2014 2.04806e+06
1661 1655 512040
1661 2022 164200
1661 1659 1.02402e+06
1661 2021 1.02402e+06
1662 1658 8.68512e+06
1662 2020 2.2123e+06
1662 1664 8356568
1662 1661 7.4968e+06
1662 2056 64
1662 1736 16
1662 1399 16
1662 1688 64
1662 1654 328512
1662 2019 4.09612e+06
1662 2021 1.02404e+06
1662 1660 2.04805e+06
1662 1657 1.02404e+06
1662 2022 1.18824e+06
1662 2036 256024
1662 1659 1.02402e+06
1663 1659 6472616
1663 2021 2.04805e+06
1663 1661 7.33243e+06
1663 1687 6.30835e+06
1663 1656 3.3281e+06
1663 1664 4.58885e+06
1663 2057 16
1663 1737 16
1663 1400 16
1663 1689 64
1663 1655 1188400
1663 1688 3072092
1663 2014 4096096
1663 2028 1.02403e+06
1663 1669 256020
1663 1672 1.02402e+06
1663 1684 1.02402e+06
1663 1651 56
1663 1657 1.02402e+06
1663 2036 256024
1663 1660 4
1664 1660 7989432
1664 2022 2.04809e+06
1664 1662 8.35653e+06
1664 1688 4260352
1664 1663 4.26048e+06
1664 2058 40
1664 1738 16
1664 1401 16
1664 1690 40
1664 1656 164268
1664 1659 164208
1664 1661 2.21226e+06
1664 2021 2.04805e+06
1664 2035 1.02403e+06
1664 1687 1.02402e+06
1664 1684 1.02404e+06
1664 1657 4
1664 1655 16
1664 2036 932272
1664 1658 1.02404e+06
1665 1406 8.35646e+06
1665 1669 11429020
1665 1651 9544832
1665 1667 10240668
1665 1666 3584208
1665 2059 16
1665 1739 16
1665 1402 16
1665 1649 40
1665 1675 164476
1665 1400 256020
1665 1645 256020
1665 1656 256020
1665 1407 1.02408e+06
1665 1640 1.02408e+06
1665 1668 256020
1665 1672 512040
1665 1392 2.37649e+06
1665 1684 16
1665 1687 164208
1665 1685 164208
1665 1673 1.68087e+06
1665 1689 492624
1665 1686 164208
1665 1674 656888
1665 1690 164208
1665 1723 28
1665 2027 16
1666 1407 3400552
1666 1672 6308376
1666 1652 4.0961e+06
1666 1668 9380528
1666 1665 3.74842e+06
1666 1675 7.16816e+06
1666 2068 16
1666 1987 16
1666 1403 40
1666 1650 64
1666 1684 164356
1666 1686 328424
1666 1645 5.12012e+06
1666 1647 1.02402e+06
1666 1656 1.02402e+06
1666 1667 1.28004e+06
1666 1685 1.02402e+06
1666 1393 2.21225e+06
1666 1400 1.02404e+06
1666 1640 512048
1666 1646 32
1666 1651 164232
1666 1648 4
1666 1674 256072
1391 1387 6.14424e+06
1391 1650 2.21226e+06
1391 1393 6656424
1391 1390 8.3178e+06
1391 1398 4260464
1391 2016 16
1391 1696 16
1391 1654 40
1391 1407 1.02432e+06
1391 1399 136
1391 1401 24
1391 1649 2.30413e+06
1391 1392 1.28004e+06
1391 1394 1.28009e+06
1391 1395 1.02402e+06
1391 1386 1.18823e+06
1391 1389 1.02402e+06
1391 1652 1.02402e+06
1391 1400 12
1667 1408 8.19224e+06
1667 1673 8192544
1667 1665 10240500
1667 1723 9380520
1667 1668 4.86433e+06
1667 2069 16
1667 1988 256
1667 1404 40
1667 1651 16
1667 1685 172
1667 1674 2.8161e+06
1667 1666 1.28004e+06
1667 1640 1.02408e+06
1667 1724 840456
1667 1406 1.5167e+06
1667 1407 1.02406e+06
1667 1686 16
1667 1731 164208
1667 1727 492616
1667 1735 328416
1667 1732 164208
1667 1392 164200
1668 1640 3.32812e+06
1668 1674 5028424
1668 1666 9216436
1668 1724 2212248
1668 1667 5028420
1668 1685 9216200
1668 2070 16
1668 1989 40
1668 1405 112
1668 1652 16
1668 1686 164324
1668 1647 2.04805e+06
1668 1672 2.04804e+06
1668 1703 2.04804e+06
1668 1645 1.18824e+06
1668 1665 256020
1668 1648 164212
1668 1684 164212
1668 1407 1.35251e+06
1668 1675 1.02402e+06
1668 1696 512048
1668 1727 48
1668 1406 164204
1669 1665 11428840
1669 2027 8.77671e+06
1669 1655 10404564
1669 1673 10240584
1669 1672 4.60837e+06
1669 2071 160
1669 1990 16
1669 1406 16
1669 1653 16
1669 1687 932488
1669 1674 2304060
1669 1659 256020
1669 1663 256020
1669 1651 328448
1669 1688 16
1669 2035 164208
1669 1689 164208
1669 2029 164220
1669 2037 164208
1669 2028 164208
1669 1690 328416
1672 1666 6.14433e+06
1672 2028 1.02403e+06
1672 1656 4864176
1672 1674 5284420
1672 1669 4772368
1672 1687 6.14413e+06
1672 2072 16
1672 1991 16
1672 1407 20
1672 1654 88
1672 1688 164348
1672 1690 24
1672 1668 2.04804e+06
1672 1659 1.02403e+06
1672 1689 1.18822e+06
1672 1684 2.37646e+06
1672 1686 2.04804e+06
1672 1663 1.02402e+06
1672 1665 512040
1672 1651 328488
1672 1655 1.18824e+06
1672 2027 1.28008e+06
1672 1652 1.18822e+06
1672 1675 1.02402e+06
1672 2029 12
1673 1667 8192352
1673 2029 6636832
1673 1669 1.02405e+07
1673 1727 6.1442e+06
1673 1674 7424424
1673 2073 160
1673 1992 112
1673 1408 16
1673 1655 16
1673 1689 512104
1673 1728 584436
1673 1735 420228
1673 1665 1.68092e+06
1673 1690 16
1673 2037 328416
1673 2030 164208
1673 1736 164208
1673 2027 512040
1673 1723 512064
1674 1668 4864404
1674 2030 1.02403e+06
1674 1672 5.12026e+06
1674 1728 1.02403e+06
1674 1673 7752632
1674 1689 4.86416e+06
1674 2074 16
1674 1993 40
1674 1640 16
1674 1656 16
1674 1690 136
1674 1686 2212276
1674 1667 2.8161e+06
1674 2029 1.02404e+06
1674 1669 2304060
1674 1724 2212240
1674 1727 2.04813e+06
1674 1687 1536064
1674 1688 1.18823e+06
1674 1665 985300
1674 2027 1.53612e+06
1674 1666 912824
1674 1723 512040
1674 1675 420224
1674 1685 256024
1675 1645 3.07208e+06
1675 1687 3.07227e+06
1675 1659 5.28432e+06
1675 1685 8.35662e+06
1675 1666 7.16816e+06
1675 1684 6472792
1675 2075 16
1675 1995 40
1675 1641 40
1675 1657 88
1675 1665 164268
1675 1646 4.09614e+06
1675 1656 1.02402e+06
1675 1686 2.37645e+06
1675 1648 1.02403e+06
1675 1660 1.02402e+06
1675 1407 28
1675 1651 56
1675 1732 164200
1675 1668 1.02402e+06
1675 1688 1.02402e+06
1675 1400 1.18822e+06
1675 1672 1.02402e+06
1675 1674 256036
1675 1689 12
1675 1401 4
1675 1652 164200
1684 1646 4.26033e+06
1684 1688 5.44873e+06
1684 1660 6.47264e+06
1684 1686 5.12033e+06
1684 1675 6.637e+06
1684 2076 16
1684 2004 16
1684 1642 88
1684 1658 64
1684 1666 164268
1684 1656 1.18824e+06
1684 1645 164208
1684 1400 164208
1684 1687 3236260
1684 1659 1.02404e+06
1684 1672 2.04806e+06
1684 1664 1.18824e+06
1684 1663 1.02402e+06
1684 1668 12
1684 1685 12
1684 1652 28
1684 1665 16
1684 1690 676252
1684 1401 1.35244e+06
1684 1689 24
1685 1647 3.07208e+06
1685 1689 4.09621e+06
1685 1675 8.3566e+06
1685 1731 3.23628e+06
1685 1668 9216200
1685 1686 9.54485e+06
1685 2077 16
1685 2005 40
1685 1643 88
1685 1659 16
1685 1667 164264
1685 1648 3236284
1685 1704 2.04804e+06
1685 1666 1.02402e+06
1685 1684 164212
1685 1640 84
1685 1665 28
1685 1645 1.18822e+06
1685 1724 2.04807e+06
1685 1674 256024
1685 1727 24
1685 1646 328408
1686 1648 3.07211e+06
1686 1690 4.09629e+06
1686 1684 5.44874e+06
1686 1732 3072120
1686 1685 9.70911e+06
1686 2078 16
1686 2006 64
1686 1644 16
1686 1660 16
1686 1668 328540
1686 1674 2.21226e+06
1686 1666 164232
1686 1688 2.04804e+06
1686 1731 2.21226e+06
1686 1672 2.04804e+06
1686 1675 2.04807e+06
1686 1689 3236268
1686 1724 24
1686 1665 28
1686 1667 16
1686 1736 164212
1686 1646 1.51666e+06
1686 1704 256020
1686 1735 12
1392 1388 4.35212e+06
1392 1651 6.1442e+06
1392 1390 6.72875e+06
1392 1406 8.2647e+06
1392 1393 5.88832e+06
1392 2017 16
1392 1697 16
1392 1655 64
1392 1408 160
1392 1400 28
1392 1646 24
1392 1389 4352100
1392 1391 1.28004e+06
1392 1407 2376544
1392 1387 256020
1392 1397 1.02402e+06
1392 1386 164240
1392 1645 164200
1392 1649 256020
1392 1402 768064
1392 1665 2376464
1392 1667 12
1687 1675 3236412
1687 2035 2.04805e+06
1687 1663 6.30835e+06
1687 1689 6.30866e+06
1687 1672 6.14413e+06
1687 1688 9.8732e+06
1687 2079 16
1687 2007 16
1687 1645 16
1687 1661 64
1687 1669 932376
1687 1690 2.04807e+06
1687 1684 3.07207e+06
1687 2028 4096088
1687 2030 1.02402e+06
1687 1664 1.02402e+06
1687 1674 1536064
1687 2014 1.02402e+06
1687 1651 28
1687 1655 28
1687 1665 28
1687 1656 256024
1687 2027 256048
1687 2029 12
1687 1659 164200
1688 1684 5448748
1688 2036 1.95634e+06
1688 1664 4.42455e+06
1688 1690 5.96081e+06
1688 1687 9544808
1688 2080 40
1688 2008 16
1688 1646 16
1688 1662 112
1688 1672 164260
1688 1663 3236276
1688 1659 164208
1688 1686 2.04804e+06
1688 2035 3.07206e+06
1688 2037 1.02402e+06
1688 2021 1.02402e+06
1688 1689 2.04804e+06
1688 1674 1.02403e+06
1688 1651 28
1688 1655 28
1688 1656 12
1688 1669 16
1688 1675 1.02402e+06
1688 1660 492628
1688 1728 12
1689 1685 4.09619e+06
1689 2037 1.02403e+06
1689 1687 6308536
1689 1735 3236268
1689 1674 5028352
1689 1690 1.12451e+07
1689 2081 16
1689 2009 64
1689 1647 16
1689 1663 16
1689 1673 512128
1689 2030 1.02402e+06
1689 1672 1.02403e+06
1689 1728 3.23628e+06
1689 1686 3.07208e+06
1689 2028 1.02402e+06
1689 1688 2.04804e+06
1689 1732 1.02402e+06
1689 1665 84
1689 1669 28
1689 2029 1.02404e+06
1689 1727 1.02405e+06
1689 1731 1.02402e+06
1689 2027 256024
1689 1675 164200
1689 1684 328400
1690 1686 4.42481e+06
1690 2038 1188280
1690 1688 6289196
1690 1736 4260356
1690 1689 11080900
1690 2082 40
1690 2010 64
1690 1648 16
1690 1664 16
1690 1674 40
1690 1672 164208
1690 1687 2.21225e+06
1690 2037 3.07206e+06
1690 1732 1.44425e+06
1690 2035 2.04804e+06
1690 1728 12
1690 1735 2.04808e+06
1690 1665 28
1690 1669 56
1690 1684 676252
1690 1673 16
1690 2036 1536072
1690 1646 4
1690 1660 4
1691 1695 1.12646e+07
1691 1404 7.98934e+06
1691 1693 9105616
1691 1692 4.6083e+06
1691 2083 16
1691 1386 16
1691 1723 136
1691 1707 1.02406e+06
1691 1699 244
1691 1694 1004712
1691 1405 1.02402e+06
1691 1408 2.0481e+06
1691 1696 256024
1691 1701 328416
1691 1697 492652
1691 1705 328416
1691 1698 492628
1692 1696 8448304
1692 1405 2.79668e+06
1692 1694 5376316
1692 1691 4772508
1692 1699 7168164
1692 2084 16
1692 1387 256
1692 1724 16
1692 1708 16
1692 1700 1.02424e+06
1692 1640 1536072
1692 1693 1.02402e+06
1692 1643 3.07207e+06
1692 1647 2.04805e+06
1692 1408 1.2801e+06
1692 1644 16
1692 1404 1077076
1692 1648 4
1692 1704 4
1692 1702 164200
1692 1706 164200
1692 1701 164200
1692 1703 1.02402e+06
1692 1695 1.28004e+06
1692 1402 492600
1693 1697 8192328
1693 1691 9105424
1693 1707 7.47734e+06
1693 1694 4.26062e+06
1693 2085 16
1693 1388 16
1693 1725 64
1693 1709 1.02428e+06
1693 1701 16
1693 1700 24
1693 1711 1352436
1693 1692 1.02402e+06
1693 1699 1.02402e+06
1693 1698 1.53607e+06
1693 1714 164208
1693 1708 164208
1693 1712 164208
1694 1698 6.91234e+06
1694 1692 6.03324e+06
1694 1708 2376452
1694 1693 4.26043e+06
1694 1701 7168164
1694 2086 16
1694 1389 40
1694 1726 16
1694 1710 64
1694 1702 164368
1694 1700 40
1694 1697 3.32808e+06
1694 1707 3.32821e+06
1694 1691 1004728
1694 1696 2212248
1694 1715 1.02402e+06
1694 1408 28
1694 1699 1.51662e+06
1694 1405 164200
1695 1691 11264376
1695 1723 9216260
1695 1408 7.49666e+06
1695 1697 7.84496e+06
1695 1696 4864320
1695 2087 16
1695 1390 16
1695 1727 112
1695 1711 1024048
1695 1703 676468
1695 1712 1.02402e+06
1695 1698 420220
1695 1640 1.02408e+06
1695 1701 256020
1695 1404 328448
1695 1704 16
1695 1731 328416
1695 1705 328416
1695 1725 328416
1695 1706 164208
1695 1692 1.28004e+06
1696 1692 8.44828e+06
1696 1724 1.53608e+06
1696 1640 2.4489e+06
1696 1698 5120328
1696 1695 5.02839e+06
1696 1703 5.79636e+06
1696 2088 16
1696 1391 232
1696 1728 16
1696 1712 164240
1696 1704 164376
1696 1643 1.02403e+06
1696 1647 2.04804e+06
1696 1697 1.28005e+06
1696 1700 4.0961e+06
1696 1694 2048060
1696 1701 2.04804e+06
1696 1691 256024
1696 1702 1.02402e+06
1696 1648 164212
1696 1408 1.68092e+06
1696 1723 2.56008e+06
1696 1727 1.02408e+06
1696 1668 512048
1696 1699 1.02402e+06
1696 1407 164200
1696 1406 328400
1393 1389 4.09615e+06
1393 1652 3236268
1393 1391 6.65621e+06
1393 1407 3.72896e+06
1393 1392 6.0525e+06
1393 1400 5.12011e+06
1393 2018 16
1393 1698 16
1393 1656 64
1393 1640 16
1393 1401 40
1393 1646 24
1393 1645 2.04805e+06
1393 1397 1.02402e+06
1393 1406 256020
1393 1390 3400508
1393 1666 2.21225e+06
1393 1649 256020
1393 1388 1.02402e+06
1393 1641 24
1697 1693 8.19233e+06
1697 1725 5.4486e+06
1697 1695 8.33742e+06
1697 1711 7.49673e+06
1697 1698 7.58866e+06
1697 2089 16
1697 1392 40
1697 1729 160
1697 1713 164368
1697 1705 768232
1697 1702 1.02404e+06
1697 1704 24
1697 1694 3.32808e+06
1697 1696 1444240
1697 1708 1.02402e+06
1697 1701 1.18822e+06
1697 1707 512064
1697 1712 328428
1697 1719 256024
1697 1691 492688
1697 1733 328416
1697 1714 164208
1697 1727 1.02408e+06
1697 1723 840440
1697 1408 164216
1698 1694 6.91232e+06
1698 1726 1.02403e+06
1698 1696 5.61289e+06
1698 1712 1280048
1698 1697 7424332
1698 1705 8612412
1698 2090 16
1698 1393 16
1698 1730 88
1698 1714 88
1698 1706 280
1698 1704 24
1698 1711 2212332
1698 1703 3.82069e+06
1698 1708 2.04806e+06
1698 1695 256032
1698 1702 2048076
1698 1693 1.53607e+06
1698 1716 1.02402e+06
1698 1691 164280
1698 1715 328400
1698 1729 1.02408e+06
1698 1707 256044
1698 1725 512048
1698 1724 164200
1698 1699 328400
1698 1731 328400
1699 1703 2048188
1699 1643 5776952
1699 1701 8.35666e+06
1699 1692 7168164
1699 1700 8.35666e+06
1699 2091 16
1699 1394 112
1699 1731 16
1699 1715 16
1699 1691 164240
1699 1693 1.02402e+06
1699 1644 2.2123e+06
1699 1647 2.04805e+06
1699 1408 112
1699 1648 4
1699 1704 1.18822e+06
1699 1702 1.35242e+06
1699 1705 1.02402e+06
1699 1694 1.02406e+06
1699 1696 1.02402e+06
1699 1698 24
1700 1704 6.9849e+06
1700 1644 4.753e+06
1700 1702 6144360
1700 1699 8.68506e+06
1700 2092 16
1700 1395 40
1700 1732 40
1700 1716 32
1700 1692 1.35257e+06
1700 1694 164216
1700 1701 164260
1700 1693 164208
1700 1648 5284320
1700 1703 1.02402e+06
1700 1696 4.09609e+06
1700 1646 16
1700 1647 24
1700 1706 164228
1700 1642 16
1700 1712 12
1700 1715 20
1700 1705 20
1700 1708 4
1701 1705 4096112
1701 1699 8.19249e+06
1701 1715 4.42449e+06
1701 1694 7168164
1701 1702 1.15929e+07
1701 2093 16
1701 1396 16
1701 1733 16
1701 1717 88
1701 1693 40
1701 1700 492660
1701 1707 1.18827e+06
1701 1697 1.02403e+06
1701 1696 2.04804e+06
1701 1703 1.02402e+06
1701 1695 256020
1701 1704 164212
1701 1643 12
1701 1691 56
1701 1692 12
1701 1706 1.02402e+06
1701 1644 164212
1701 1711 12
1702 1706 6308480
1702 1700 6472792
1702 1716 3.40054e+06
1702 1701 1.15928e+07
1702 2094 16
1702 1397 16
1702 1734 40
1702 1718 208
1702 1694 164300
1702 1704 3.49232e+06
1702 1708 1188256
1702 1697 1.18823e+06
1702 1715 2.3765e+06
1702 1707 164208
1702 1703 1.02402e+06
1702 1698 2.04806e+06
1702 1696 1.02402e+06
1702 1692 12
1702 1699 1.02404e+06
1702 1712 1.02403e+06
1702 1644 328424
1702 1705 12
1703 1699 2.04809e+06
1703 1731 2.04805e+06
1703 1647 3400488
1703 1705 5.12036e+06
1703 1696 5.63217e+06
1703 1704 9.96499e+06
1703 2095 16
1703 1398 88
1703 1735 64
1703 1719 16
1703 1695 676308
1703 1732 48
1703 1698 3.32812e+06
1703 1702 1.02402e+06
1703 1724 6308328
1703 1668 2.04804e+06
1703 1700 1.02402e+06
1703 1706 1.02402e+06
1703 1723 512040
1703 1726 1.18822e+06
1703 1701 1.02402e+06
1703 1640 256104
1703 1648 164212
1703 1692 1.02402e+06
1703 1725 1.02402e+06
1703 1711 12
1703 1645 164200
1704 1700 6.98478e+06
1704 1732 2.30416e+06
1704 1648 3.82078e+06
1704 1706 5284540
1704 1703 9636756
1704 2096 16
1704 1399 64
1704 1736 1024088
1704 1720 16
1704 1696 328544
1704 1698 164208
1704 1702 3.4923e+06
1704 1697 164208
1704 1731 5796352
1704 1685 2.04804e+06
1704 1733 1.18822e+06
1704 1701 12
1704 1640 28
1704 1699 1.02404e+06
1704 1692 4
1704 1705 1.02404e+06
1704 1695 16
1704 1686 256020
1704 1644 164216
1704 1646 164216
1704 1712 12
1705 1701 4.09633e+06
1705 1733 1.02403e+06
1705 1703 5.2844e+06
1705 1719 4424496
1705 1698 8.44822e+06
1705 1706 9472404
1705 2097 16
1705 1400 16
1705 1737 64
1705 1721 88
1705 1697 768088
1705 1734 164228
1705 1712 4.51631e+06
1705 1726 2212240
1705 1715 1.02402e+06
1705 1725 1.28004e+06
1705 1708 12
1705 1716 1.02402e+06
1705 1691 56
1705 1695 56
1705 1704 1.18823e+06
1705 1731 1.02402e+06
1705 1699 1.02402e+06
1705 1707 12
1705 1711 24
1705 1713 12
1705 1700 164208
1705 1702 164200
1706 1702 6.30848e+06
1706 1734 1700380
1706 1704 5.44887e+06
1706 1720 3.49236e+06
1706 1705 9636612
1706 2098 16
1706 1401 16
1706 1738 68
1706 1722 136
1706 1698 164248
1706 1716 3.65653e+06
1706 1708 164208
1706 1715 164228
1706 1731 2.56009e+06
1706 1703 1.02402e+06
1706 1733 1.18823e+06
1706 1719 256052
1706 1692 12
1706 1695 28
1706 1700 328440
1706 1701 1.02402e+06
1706 1712 2304080
1706 1736 1.02402e+06
1706 1714 4
1394 1398 3.65696e+06
1394 1396 6801272
1394 1387 7.80572e+06
1394 1395 6.80124e+06
1394 2019 16
1394 1699 16
1394 1657 164272
1394 1641 1.09674e+06
1394 1386 424
1394 1397 1.51669e+06
1394 1399 1004708
1394 1389 3.91252e+06
1394 1388 1.28009e+06
1394 1391 1.28009e+06
1394 1400 328416
1394 1642 164240
1394 1403 1.18829e+06
1394 1401 164216
1707 1711 9728580
1707 1693 7.64155e+06
1707 1709 8520892
1707 1708 6.14435e+06
1707 2099 16
1707 1402 16
1707 1739 64
1707 1691 1188756
1707 1715 1.02404e+06
1707 1701 1680836
1707 1702 24
1707 1712 2.04804e+06
1707 1694 4.14915e+06
1707 1710 1700280
1707 1717 256020
1707 1697 840440
1707 1698 584420
1707 1705 164200
1708 1712 3328108
1708 1694 2.04808e+06
1708 1710 5796460
1708 1707 6.14428e+06
1708 1715 8.52059e+06
1708 2100 16
1708 1403 16
1708 1987 16
1708 1692 88
1708 1716 3.07216e+06
1708 1702 1.18828e+06
1708 1706 24
1708 1709 164212
1708 1697 1.02402e+06
1708 1698 2.21224e+06
1708 1717 2.46837e+06
1708 1705 164200
1708 1693 28
1708 1714 1.02402e+06
1708 1700 4
1709 1713 7.33274e+06
1709 1707 9177956
1709 1710 4.60847e+06
1709 2101 16
1709 1404 16
1709 1988 2.04811e+06
1709 1693 1.02423e+06
1709 1717 16
1709 1708 164212
1709 1711 1.35242e+06
1709 1712 256024
1709 1714 256024
1709 1739 2.04811e+06
1710 1714 3.84026e+06
1710 1708 5960792
1710 1709 5100912
1710 1717 9525476
1710 2102 16
1710 1405 16
1710 1989 16
1710 1694 40
1710 1718 2.04826e+06
1710 1715 164212
1710 1713 3.23644e+06
1710 1707 1700280
1710 1712 3.23627e+06
1710 1721 2.04805e+06
1710 1711 256024
1711 1707 9.72846e+06
1711 1739 9.17762e+06
1711 1697 7.82511e+06
1711 1713 8.77683e+06
1711 1712 4.86439e+06
1711 2103 16
1711 1406 16
1711 1990 352
1711 1695 1.1885e+06
1711 1719 512064
1711 1698 2.37652e+06
1711 1693 1.02408e+06
1711 1709 1.02404e+06
1711 1725 2.02867e+06
1711 1987 328416
1711 1714 1.35244e+06
1711 1729 2048168
1711 1710 256024
1711 1703 164200
1711 1705 328400
1711 1701 164200
1711 1733 164200
1711 1726 328400
1712 1708 3328108
1712 1987 1.02403e+06
1712 1698 1280048
1712 1714 7168220
1712 1711 5028432
1712 1719 5.44852e+06
1712 2104 16
1712 1407 16
1712 1991 16
1712 1696 124
1712 1720 1.02417e+06
1712 1705 4352124
1712 1707 2.04804e+06
1712 1717 256048
1712 1725 2.04804e+06
1712 1695 1.02402e+06
1712 1713 2.30408e+06
1712 1715 2.30406e+06
1712 1718 2.04804e+06
1712 1697 164256
1712 1710 3.07208e+06
1712 1709 256024
1712 1721 1.18822e+06
1712 1693 28
1712 1702 1.18822e+06
1712 1706 2468268
1712 1733 1.02402e+06
1712 1716 1.02402e+06
1712 1700 164212
1712 1739 24
1712 1704 164200
1713 1709 7.33255e+06
1713 1988 6.47262e+06
1713 1711 8.61285e+06
1713 1714 6.98484e+06
1713 2105 16
1713 1408 16
1713 1992 184
1713 1697 380
1713 1721 1188356
1713 1719 420232
1713 1710 3.56481e+06
1713 1739 3584116
1713 1712 2468264
1713 1987 256024
1713 1989 1.70033e+06
1713 1725 1.02402e+06
1713 1705 164200
1714 1710 3.84018e+06
1714 1989 1.28008e+06
1714 1712 7.33246e+06
1714 1713 6.9847e+06
1714 1721 5.44853e+06
1714 2106 16
1714 1640 16
1714 1993 112
1714 1698 136
1714 1722 208
1714 1720 32
1714 1717 1536164
1714 1988 1.02402e+06
1714 1718 2.04804e+06
1714 1987 3.07207e+06
1714 1709 256024
1714 1693 28
1714 1697 28
1714 1711 1.02408e+06
1714 1708 1.02402e+06
1714 1733 1.02402e+06
1714 1715 1.18822e+06
1714 1719 3564660
1714 1706 4
1715 1719 5.28435e+06
1715 1701 4.09612e+06
1715 1717 4936660
1715 1708 8.19221e+06
1715 1716 10568768
1715 2107 16
1715 1641 16
1715 1995 16
1715 1699 64
1715 1707 1.02406e+06
1715 1702 2212352
1715 1706 164232
1715 1710 164212
1715 1705 1.02402e+06
1715 1712 2.30406e+06
1715 1694 1.02402e+06
1715 1698 24
1715 1714 1.02404e+06
1715 1700 164220
1716 1720 8.52075e+06
1716 1702 3.0722e+06
1716 1718 3.23641e+06
1716 1715 1.02405e+07
1716 2108 16
1716 1642 16
1716 2004 40
1716 1700 164256
1716 1708 3.07208e+06
1716 1706 3.49236e+06
1716 1717 2212300
1716 1698 1.02402e+06
1716 1705 1.02402e+06
1716 1712 1.02402e+06
1395 1399 3072308
1395 1397 6.14434e+06
1395 1394 6637128
1395 2020 16
1395 1700 16
1395 1658 40
1395 1642 40
1395 1387 1.02408e+06
1395 1401 1.18827e+06
1395 1396 4.09609e+06
1395 1391 1.02402e+06
1395 1659 164200
1395 1398 2048060
1717 1721 3.65663e+06
1717 1715 4.93676e+06
1717 1710 9361240
1717 1718 1.09697e+07
1717 2109 16
1717 1643 16
1717 2005 840584
1717 1701 136
1717 1709 280
1717 1716 2540668
1717 1722 420272
1717 1712 420228
1717 1714 1.86452e+06
1717 1987 420228
1717 1989 420228
1717 1707 256020
1717 1708 2796712
1717 1719 2.04804e+06
1717 2006 16
1717 1720 8
1718 1722 6472776
1718 1716 3.07236e+06
1718 1717 10148880
1718 2110 16
1718 1644 16
1718 2006 16
1718 1702 64
1718 1710 2.04811e+06
1718 1720 3.40052e+06
1718 1712 2.04804e+06
1718 1714 2.04804e+06
1718 1721 1.18822e+06
1719 1715 5.12014e+06
1719 1995 3.40047e+06
1719 1705 4.09612e+06
1719 1721 4.09612e+06
1719 1712 5.12014e+06
1719 1720 9544800
1719 2111 16
1719 1645 16
1719 2007 136
1719 1703 16
1719 1711 512088
1719 1734 2212268
1719 2004 24
1719 1713 420232
1719 1726 2212240
1719 1730 1.02402e+06
1719 1722 2.04804e+06
1719 1725 256020
1719 1739 256020
1719 1987 3.23627e+06
1719 1697 256024
1719 1706 584460
1719 1717 2.04804e+06
1719 1714 3072096
1719 1989 12
1720 1716 8.1923e+06
1720 2004 3.23633e+06
1720 1706 3.65658e+06
1720 1722 6308524
1720 1719 9380712
1720 2112 16
1720 1646 16
1720 2008 88
1720 1704 40
1720 1712 1.18831e+06
1720 1734 2212268
1720 1714 164216
1720 1718 3.40051e+06
1720 1721 1188280
1720 1733 1.02402e+06
1720 1995 2.21227e+06
1720 1717 8
1720 2005 4
1720 2006 4
1720 1987 8
1721 1717 3328232
1721 2005 4.0961e+06
1721 1719 4.26047e+06
1721 1714 5.28434e+06
1721 1722 9.38048e+06
1721 2113 16
1721 1647 16
1721 2009 40
1721 1705 88
1721 1713 1024168
1721 1720 1.51667e+06
1721 2004 24
1721 1987 2212240
1721 1739 256020
1721 1995 1.02402e+06
1721 1718 1.02404e+06
1721 1989 1.53608e+06
1721 1712 1.02404e+06
1721 1710 2.04805e+06
1722 1718 6.14435e+06
1722 2006 3072112
1722 1720 6.14444e+06
1722 1721 9.21641e+06
1722 2114 16
1722 1648 16
1722 2010 64
1722 1706 88
1722 1714 40
1722 2004 164224
1722 1717 420312
1722 1995 4260284
1722 1719 2.04804e+06
1722 2005 2.04805e+06
1723 1695 9216260
1723 1727 9380856
1723 1667 10037272
1723 1725 7.1685e+06
1723 1724 1.79226e+06
1723 2115 16
1723 1649 208
1723 1691 16
1723 1739 16
1723 1731 124
1723 1703 512040
1723 1726 584436
1723 1728 420228
1723 1730 256020
1723 1408 656912
1723 1732 328432
1723 1735 164208
1723 1729 328408
1723 1737 164208
1723 1696 2.56008e+06
1723 2029 1.02408e+06
1723 1673 840440
1723 1674 512040
1723 1697 512064
1723 1665 164216
1724 1696 1.53608e+06
1724 1728 6308416
1724 1668 2048060
1724 1726 4.09611e+06
1724 1723 1.95633e+06
1724 1731 9216200
1724 2116 16
1724 1650 112
1724 1692 16
1724 1987 16
1724 1732 1.1883e+06
1724 1703 6.14414e+06
1724 1674 2.04805e+06
1724 1730 164200
1724 1667 512096
1724 1686 328424
1724 1640 56
1724 1727 2.56011e+06
1724 1685 2376448
1724 1725 1.02402e+06
1724 1698 12
1724 1729 24
1724 1647 328400
1725 1697 5120236
1725 1729 7496876
1725 1723 7.1685e+06
1725 1739 8.19224e+06
1725 1726 6.47291e+06
1725 2117 16
1725 1651 16
1725 1693 16
1725 1988 40
1725 1733 2705156
1725 1711 1.5361e+06
1725 1712 2.04804e+06
1725 1705 1.28004e+06
1725 1719 256020
1725 1730 584436
1725 1991 256020
1725 1695 56
1725 1734 16
1725 1737 328416
1725 1703 1.02402e+06
1725 1713 1.02402e+06
1725 1724 1.02402e+06
1725 1698 512048
1725 1731 2212248
1725 1987 164200
1726 1698 1.02403e+06
1726 1730 7.3324e+06
1726 1724 4096228
1726 1987 2212248
1726 1725 6308500
1726 1733 7.49656e+06
1726 2118 16
1726 1652 16
1726 1694 16
1726 1989 64
1726 1734 328560
1726 1705 2.04805e+06
1726 1719 2.04805e+06
1726 1731 1.02402e+06
1726 1703 1.02403e+06
1726 1991 1.18822e+06
1726 1723 256076
1726 1995 1.02402e+06
1726 1732 2.37646e+06
1726 1728 1.02402e+06
1726 1729 2.04814e+06
1726 1739 1.02402e+06
1726 1711 24
