0 1 2.180e+07 1
0 7 2.202e+07 2
0 8 7.981e+06 1
0 24 7.278e+06 1
0 32 5.245e+06 1
0 96 5.671e+06 2
1 0 2.180e+07 1
1 2 2.198e+07 2
1 9 7.578e+06 1
1 25 7.707e+06 1
1 33 5.513e+06 1
1 97 5.219e+06 2
10 2 7.828e+06 1
10 9 2.221e+07 2
10 11 2.212e+07 1
10 18 7.996e+06 1
10 42 5.498e+06 1
10 106 5.388e+06 2
100 4 5.667e+06 2
100 68 5.628e+06 1
100 99 2.215e+07 2
100 101 2.197e+07 1
100 108 8.085e+06 1
100 124 7.846e+06 1
101 5 5.267e+06 2
101 69 5.228e+06 1
101 100 2.196e+07 1
101 102 2.207e+07 2
101 109 7.408e+06 1
101 125 7.408e+06 1
102 6 5.343e+06 2
102 70 5.686e+06 1
102 101 2.208e+07 2
102 103 2.180e+07 1
102 110 7.946e+06 1
102 126 7.653e+06 1
103 7 5.199e+06 2
103 71 5.091e+06 1
103 96 2.203e+07 2
103 102 2.179e+07 1
103 111 7.425e+06 1
103 127 7.502e+06 1
104 8 5.746e+06 2
104 72 5.419e+06 1
104 96 8.078e+06 1
104 105 2.216e+07 1
104 111 2.190e+07 2
104 112 7.658e+06 1
105 9 5.296e+06 2
105 73 5.530e+06 1
105 97 7.476e+06 1
105 104 2.215e+07 1
105 106 2.202e+07 2
105 113 7.975e+06 1
106 10 5.388e+06 2
106 74 5.329e+06 1
106 98 7.884e+06 1
106 105 2.202e+07 2
106 107 2.223e+07 1
106 114 7.460e+06 1
107 11 5.306e+06 2
107 75 5.525e+06 1
107 99 7.559e+06 1
107 106 2.223e+07 1
107 108 2.198e+07 2
107 115 7.847e+06 1
108 12 5.739e+06 2
108 76 5.242e+06 1
108 100 8.087e+06 1
108 107 2.199e+07 2
108 109 2.222e+07 1
108 116 7.673e+06 1
109 13 5.231e+06 2
109 77 5.555e+06 1
109 101 7.416e+06 1
109 108 2.221e+07 1
109 110 2.198e+07 2
109 117 7.832e+06 1
11 3 7.660e+06 1
11 10 2.212e+07 1
11 12 2.216e+07 2
11 19 7.431e+06 1
11 43 5.416e+06 1
11 107 5.305e+06 2
110 14 5.432e+06 2
110 78 5.301e+06 1
110 102 7.947e+06 1
110 109 2.198e+07 2
110 111 2.219e+07 1
110 118 7.661e+06 1
111 15 5.254e+06 2
111 79 5.422e+06 1
111 103 7.425e+06 1
111 104 2.189e+07 2
111 110 2.218e+07 1
111 119 7.744e+06 1
112 16 5.414e+06 2
112 80 5.155e+06 1
112 104 7.659e+06 1
112 113 2.219e+07 1
112 119 2.197e+07 2
112 120 7.390e+06 1
113 17 5.616e+06 2
113 81 5.664e+06 1
113 105 7.976e+06 1
113 112 2.221e+07 1
113 114 2.201e+07 2
113 121 8.118e+06 1
114 18 5.227e+06 2
114 82 5.140e+06 1
114 106 7.461e+06 1
114 113 2.200e+07 2
114 115 2.218e+07 1
114 122 7.357e+06 1
115 19 5.336e+06 2
115 83 5.609e+06 1
115 107 7.846e+06 1
115 114 2.219e+07 1
115 116 2.198e+07 2
115 123 8.015e+06 1
116 20 5.410e+06 2
116 84 5.178e+06 1
116 108 7.673e+06 1
116 115 2.197e+07 2
116 117 2.217e+07 1
116 124 7.440e+06 1
117 21 5.571e+06 2
117 85 5.693e+06 1
117 109 7.836e+06 1
117 116 2.219e+07 1
117 118 2.201e+07 2
117 125 8.063e+06 1
118 22 5.256e+06 2
118 86 5.183e+06 1
118 110 7.663e+06 1
118 117 2.200e+07 2
118 119 2.219e+07 1
118 126 7.409e+06 1
119 23 5.362e+06 2
119 87 5.559e+06 1
119 111 7.741e+06 1
119 112 2.197e+07 2
119 118 2.219e+07 1
119 127 7.977e+06 1
12 4 7.922e+06 1
12 11 2.218e+07 2
12 13 2.208e+07 1
12 20 8.060e+06 1
12 44 5.445e+06 1
12 108 5.742e+06 2
120 24 5.173e+06 2
120 88 5.571e+06 1
120 96 7.907e+06 1
120 112 7.388e+06 1
120 121 2.185e+07 1
120 127 2.209e+07 2
121 25 5.612e+06 2
121 89 5.314e+06 1
121 97 7.367e+06 1
121 113 8.116e+06 1
121 120 2.185e+07 1
121 122 2.196e+07 2
122 26 5.176e+06 2
122 90 5.381e+06 1
122 98 7.613e+06 1
122 114 7.358e+06 1
122 121 2.195e+07 2
122 123 2.198e+07 1
123 27 5.651e+06 2
123 91 5.405e+06 1
123 99 7.590e+06 1
123 115 8.012e+06 1
123 122 2.199e+07 1
123 124 2.219e+07 2
124 28 5.229e+06 2
124 92 5.591e+06 1
124 100 7.847e+06 1
124 116 7.439e+06 1
124 123 2.219e+07 2
124 125 2.192e+07 1
125 29 5.548e+06 2
125 93 5.320e+06 1
125 101 7.406e+06 1
125 117 8.062e+06 1
125 124 2.193e+07 1
125 126 2.196e+07 2
126 30 5.282e+06 2
126 94 5.397e+06 1
126 102 7.650e+06 1
126 118 7.413e+06 1
126 125 2.196e+07 2
126 127 2.184e+07 1
127 31 5.586e+06 2
127 95 5.341e+06 1
127 103 7.509e+06 1
127 119 7.974e+06 1
127 120 2.209e+07 2
127 126 2.185e+07 1
13 5 7.587e+06 1
13 12 2.207e+07 1
13 14 2.216e+07 2
13 21 7.491e+06 1
13 45 5.379e+06 1
13 109 5.229e+06 2
14 6 7.786e+06 1
14 13 2.217e+07 2
14 15 2.197e+07 1
14 22 7.939e+06 1
14 46 5.411e+06 1
14 110 5.430e+06 2
15 7 7.516e+06 1
15 8 2.203e+07 2
15 14 2.196e+07 1
15 23 7.361e+06 1
15 47 5.328e+06 1
15 111 5.256e+06 2
16 8 8.133e+06 1
16 17 2.224e+07 1
16 23 2.193e+07 2
16 24 7.648e+06 1
16 48 5.640e+06 1
16 112 5.415e+06 2
17 9 7.460e+06 1
17 16 2.224e+07 1
17 18 2.202e+07 2
17 25 7.851e+06 1
17 49 5.287e+06 1
17 113 5.618e+06 2
18 10 7.997e+06 1
18 17 2.203e+07 2
18 19 2.225e+07 1
18 26 7.673e+06 1
18 50 5.591e+06 1
18 114 5.227e+06 2
19 11 7.431e+06 1
19 18 2.225e+07 1
19 20 2.195e+07 2
19 27 7.800e+06 1
19 51 5.308e+06 1
19 115 5.336e+06 2
2 1 2.198e+07 2
2 3 2.198e+07 1
2 10 7.829e+06 1
2 26 7.286e+06 1
2 34 5.264e+06 1
2 98 5.415e+06 2
20 12 8.060e+06 1
20 19 2.196e+07 2
20 21 2.224e+07 1
20 28 7.657e+06 1
20 52 5.621e+06 1
20 116 5.409e+06 2
21 13 7.492e+06 1
21 20 2.223e+07 1
21 22 2.199e+07 2
21 29 7.723e+06 1
21 53 5.252e+06 1
21 117 5.571e+06 2
22 14 7.938e+06 1
22 21 2.200e+07 2
22 23 2.220e+07 1
22 30 7.811e+06 1
22 54 5.605e+06 1
22 118 5.254e+06 2
23 15 7.361e+06 1
23 16 2.192e+07 2
23 22 2.220e+07 1
23 31 7.721e+06 1
23 55 5.199e+06 1
23 119 5.365e+06 2
24 0 7.275e+06 1
24 16 7.646e+06 1
24 25 2.188e+07 1
24 31 2.197e+07 2
24 56 5.209e+06 1
24 120 5.173e+06 2
25 1 7.705e+06 1
25 17 7.851e+06 1
25 24 2.189e+07 1
25 26 2.186e+07 2
25 57 5.533e+06 1
25 121 5.612e+06 2
26 2 7.287e+06 1
26 18 7.672e+06 1
26 25 2.185e+07 2
26 27 2.214e+07 1
26 58 5.402e+06 1
26 122 5.176e+06 2
27 3 8.045e+06 1
27 19 7.793e+06 1
27 26 2.216e+07 1
27 28 2.203e+07 2
27 59 5.378e+06 1
27 123 5.650e+06 2
28 4 7.447e+06 1
28 20 7.656e+06 1
28 27 2.202e+07 2
28 29 2.199e+07 1
28 60 5.327e+06 1
28 124 5.229e+06 2
29 5 7.685e+06 1
29 21 7.721e+06 1
29 28 2.199e+07 1
29 30 2.178e+07 2
29 61 5.319e+06 1
29 125 5.549e+06 2
3 2 2.199e+07 1
3 4 2.223e+07 2
3 11 7.657e+06 1
3 27 8.042e+06 1
3 35 5.643e+06 1
3 99 5.217e+06 2
30 6 7.229e+06 1
30 22 7.813e+06 1
30 29 2.178e+07 2
30 31 2.212e+07 1
30 62 5.515e+06 1
30 126 5.283e+06 2
31 7 8.072e+06 1
31 23 7.714e+06 1
31 24 2.198e+07 2
31 30 2.213e+07 1
31 63 5.445e+06 1
31 127 5.587e+06 2
32 0 5.247e+06 1
32 33 2.202e+07 1
32 39 2.191e+07 2
32 40 7.405e+06 1
32 56 7.427e+06 1
32 64 5.220e+06 2
33 1 5.515e+06 1
33 32 2.203e+07 1
33 34 2.196e+07 2
33 41 8.001e+06 1
33 57 7.675e+06 1
33 65 5.524e+06 2
34 2 5.265e+06 1
34 33 2.195e+07 2
34 35 2.217e+07 1
34 42 7.499e+06 1
34 58 7.565e+06 1
34 66 5.395e+06 2
35 3 5.643e+06 1
35 34 2.218e+07 1
35 36 2.196e+07 2
35 43 7.986e+06 1
35 59 7.814e+06 1
35 67 5.458e+06 2
36 4 5.264e+06 1
36 35 2.195e+07 2
36 37 2.203e+07 1
36 44 7.476e+06 1
36 60 7.519e+06 1
36 68 5.318e+06 2
37 5 5.619e+06 1
37 36 2.204e+07 1
37 38 2.191e+07 2
37 45 7.993e+06 1
37 61 7.545e+06 1
37 69 5.445e+06 2
38 6 5.103e+06 1
38 37 2.190e+07 2
38 39 2.213e+07 1
38 46 7.499e+06 1
38 62 7.636e+06 1
38 70 5.469e+06 2
39 7 5.650e+06 1
39 32 2.193e+07 2
39 38 2.214e+07 1
39 47 8.044e+06 1
39 63 7.821e+06 1
39 71 5.575e+06 2
4 3 2.223e+07 2
4 5 2.190e+07 1
4 12 7.917e+06 1
4 28 7.453e+06 1
4 36 5.263e+06 1
4 100 5.670e+06 2
40 8 5.590e+06 1
40 32 7.407e+06 1
40 41 2.198e+07 1
40 47 2.219e+07 2
40 48 7.873e+06 1
40 72 5.159e+06 2
41 9 5.243e+06 1
41 33 8.007e+06 1
41 40 2.199e+07 1
41 42 2.223e+07 2
41 49 7.627e+06 1
41 73 5.630e+06 2
42 10 5.499e+06 1
42 34 7.503e+06 1
42 41 2.223e+07 2
42 43 2.206e+07 1
42 50 7.851e+06 1
42 74 5.226e+06 2
43 11 5.415e+06 1
43 35 7.989e+06 1
43 42 2.206e+07 1
43 44 2.224e+07 2
43 51 7.676e+06 1
43 75 5.613e+06 2
44 12 5.448e+06 1
44 36 7.480e+06 1
44 43 2.223e+07 2
44 45 2.200e+07 1
44 52 7.741e+06 1
44 76 5.219e+06 2
45 13 5.379e+06 1
45 37 7.995e+06 1
45 44 2.201e+07 1
45 46 2.220e+07 2
45 53 7.671e+06 1
45 77 5.606e+06 2
46 14 5.413e+06 1
46 38 7.500e+06 1
46 45 2.220e+07 2
46 47 2.200e+07 1
46 54 7.714e+06 1
46 78 5.251e+06 2
47 15 5.329e+06 1
47 39 8.046e+06 1
47 40 2.219e+07 2
47 46 2.201e+07 1
47 55 7.690e+06 1
47 79 5.622e+06 2
48 16 5.642e+06 1
48 40 7.874e+06 1
48 49 2.211e+07 1
48 55 2.207e+07 2
48 56 8.031e+06 1
48 80 5.484e+06 2
49 17 5.287e+06 1
49 41 7.626e+06 1
49 48 2.211e+07 1
49 50 2.225e+07 2
49 57 7.566e+06 1
49 81 5.381e+06 2
5 4 2.191e+07 1
5 6 2.196e+07 2
5 13 7.581e+06 1
5 29 7.689e+06 1
5 37 5.617e+06 1
5 101 5.267e+06 2
50 18 5.594e+06 1
50 42 7.850e+06 1
50 49 2.226e+07 2
50 51 2.215e+07 1
50 58 8.067e+06 1
50 82 5.468e+06 2
51 19 5.310e+06 1
51 43 7.679e+06 1
51 50 2.214e+07 1
51 52 2.216e+07 2
51 59 7.424e+06 1
51 83 5.415e+06 2
52 20 5.622e+06 1
52 44 7.741e+06 1
52 51 2.217e+07 2
52 53 2.208e+07 1
52 60 8.017e+06 1
52 84 5.451e+06 2
53 21 5.252e+06 1
53 45 7.670e+06 1
53 52 2.208e+07 1
53 54 2.217e+07 2
53 61 7.405e+06 1
53 85 5.393e+06 2
54 22 5.606e+06 1
54 46 7.713e+06 1
54 53 2.218e+07 2
54 55 2.202e+07 1
54 62 8.087e+06 1
54 86 5.407e+06 2
55 23 5.200e+06 1
55 47 7.692e+06 1
55 48 2.206e+07 2
55 54 2.202e+07 1
55 63 7.373e+06 1
55 87 5.342e+06 2
56 24 5.212e+06 1
56 32 7.425e+06 1
56 48 8.034e+06 1
56 57 2.214e+07 1
56 63 2.188e+07 2
56 88 5.636e+06 2
57 25 5.533e+06 1
57 33 7.676e+06 1
57 49 7.561e+06 1
57 56 2.214e+07 1
57 58 2.195e+07 2
57 89 5.286e+06 2
58 26 5.404e+06 1
58 34 7.563e+06 1
58 50 8.063e+06 1
58 57 2.195e+07 2
58 59 2.222e+07 1
58 90 5.600e+06 2
59 27 5.380e+06 1
59 35 7.807e+06 1
59 51 7.423e+06 1
59 58 2.221e+07 1
59 60 2.195e+07 2
59 91 5.151e+06 2
6 5 2.195e+07 2
6 7 2.180e+07 1
6 14 7.787e+06 1
6 30 7.228e+06 1
6 38 5.101e+06 1
6 102 5.343e+06 2
60 28 5.330e+06 1
60 36 7.517e+06 1
60 52 8.016e+06 1
60 59 2.196e+07 2
60 61 2.205e+07 1
60 92 5.595e+06 2
61 29 5.320e+06 1
61 37 7.543e+06 1
61 53 7.401e+06 1
61 60 2.205e+07 1
61 62 2.195e+07 2
61 93 5.152e+06 2
62 30 5.514e+06 1
62 38 7.635e+06 1
62 54 8.083e+06 1
62 61 2.196e+07 2
62 63 2.222e+07 1
62 94 5.624e+06 2
63 31 5.446e+06 1
63 39 7.816e+06 1
63 55 7.372e+06 1
63 56 2.187e+07 2
63 62 2.221e+07 1
63 95 5.060e+06 2
64 32 5.221e+06 2
64 65 2.219e+07 1
64 71 2.177e+07 2
64 72 7.526e+06 1
64 88 8.023e+06 1
64 96 5.620e+06 1
65 33 5.528e+06 2
65 64 2.220e+07 1
65 66 2.193e+07 2
65 73 7.992e+06 1
65 89 7.410e+06 1
65 97 5.339e+06 1
66 34 5.397e+06 2
66 65 2.193e+07 2
66 67 2.212e+07 1
66 74 7.556e+06 1
66 90 7.871e+06 1
66 98 5.602e+06 1
67 35 5.458e+06 2
67 66 2.211e+07 1
67 68 2.185e+07 2
67 75 7.845e+06 1
67 91 7.374e+06 1
67 99 5.116e+06 1
68 36 5.318e+06 2
68 67 2.185e+07 2
68 69 2.215e+07 1
68 76 7.634e+06 1
68 92 7.972e+06 1
68 100 5.625e+06 1
69 37 5.445e+06 2
69 68 2.215e+07 1
69 70 2.197e+07 2
69 77 7.871e+06 1
69 93 7.247e+06 1
69 101 5.227e+06 1
7 0 2.202e+07 2
7 6 2.180e+07 1
7 15 7.514e+06 1
7 31 8.065e+06 1
7 39 5.646e+06 1
7 103 5.200e+06 2
70 38 5.470e+06 2
70 69 2.198e+07 2
70 71 2.211e+07 1
70 78 7.668e+06 1
70 94 8.016e+06 1
70 102 5.686e+06 1
71 39 5.573e+06 2
71 64 2.176e+07 2
71 70 2.210e+07 1
71 79 7.795e+06 1
71 95 7.241e+06 1
71 103 5.094e+06 1
72 40 5.159e+06 2
72 64 7.527e+06 1
72 73 2.211e+07 1
72 79 2.199e+07 2
72 80 7.372e+06 1
72 104 5.418e+06 1
73 41 5.629e+06 2
73 65 7.996e+06 1
73 72 2.212e+07 1
73 74 2.211e+07 2
73 81 8.060e+06 1
73 105 5.530e+06 1
74 42 5.226e+06 2
74 66 7.565e+06 1
74 73 2.210e+07 2
74 75 2.215e+07 1
74 82 7.365e+06 1
74 106 5.330e+06 1
75 43 5.614e+06 2
75 67 7.845e+06 1
75 74 2.216e+07 1
75 76 2.210e+07 2
75 83 8.058e+06 1
75 107 5.526e+06 1
76 44 5.217e+06 2
76 68 7.637e+06 1
76 75 2.209e+07 2
76 77 2.225e+07 1
76 84 7.368e+06 1
76 108 5.244e+06 1
77 45 5.608e+06 2
77 69 7.872e+06 1
77 76 2.226e+07 1
77 78 2.208e+07 2
77 85 8.107e+06 1
77 109 5.554e+06 1
78 46 5.252e+06 2
78 70 7.676e+06 1
78 77 2.207e+07 2
78 79 2.222e+07 1
78 86 7.380e+06 1
78 110 5.299e+06 1
79 47 5.623e+06 2
79 71 7.795e+06 1
79 72 2.200e+07 2
79 78 2.222e+07 1
79 87 8.073e+06 1
79 111 5.423e+06 1
8 0 7.987e+06 1
8 9 2.208e+07 1
8 15 2.204e+07 2
8 16 8.130e+06 1
8 40 5.589e+06 1
8 104 5.747e+06 2
80 48 5.485e+06 2
80 72 7.373e+06 1
80 81 2.204e+07 1
80 87 2.212e+07 2
80 88 7.893e+06 1
80 112 5.154e+06 1
81 49 5.380e+06 2
81 73 8.060e+06 1
81 80 2.205e+07 1
81 82 2.225e+07 2
81 89 7.668e+06 1
81 113 5.665e+06 1
82 50 5.469e+06 2
82 74 7.369e+06 1
82 81 2.224e+07 2
82 83 2.205e+07 1
82 90 7.802e+06 1
82 114 5.142e+06 1
83 51 5.412e+06 2
83 75 8.059e+06 1
83 82 2.205e+07 1
83 84 2.219e+07 2
83 91 7.626e+06 1
83 115 5.612e+06 1
84 52 5.451e+06 2
84 76 7.367e+06 1
84 83 2.218e+07 2
84 85 2.202e+07 1
84 92 7.859e+06 1
84 116 5.178e+06 1
85 53 5.394e+06 2
85 77 8.108e+06 1
85 84 2.203e+07 1
85 86 2.226e+07 2
85 93 7.645e+06 1
85 117 5.692e+06 1
86 54 5.407e+06 2
86 78 7.382e+06 1
86 85 2.225e+07 2
86 87 2.199e+07 1
86 94 7.782e+06 1
86 118 5.181e+06 1
87 55 5.341e+06 2
87 79 8.073e+06 1
87 80 2.212e+07 2
87 86 2.200e+07 1
87 95 7.598e+06 1
87 119 5.560e+06 1
88 56 5.640e+06 2
88 64 8.027e+06 1
88 80 7.890e+06 1
88 89 2.212e+07 1
88 95 2.195e+07 2
88 120 5.574e+06 1
89 57 5.287e+06 2
89 65 7.408e+06 1
89 81 7.664e+06 1
89 88 2.212e+07 1
89 90 2.207e+07 2
89 121 5.313e+06 1
9 1 7.583e+06 1
9 8 2.207e+07 1
9 10 2.220e+07 2
9 17 7.459e+06 1
9 41 5.241e+06 1
9 105 5.295e+06 2
90 58 5.601e+06 2
90 66 7.867e+06 1
90 82 7.797e+06 1
90 89 2.208e+07 2
90 91 2.199e+07 1
90 122 5.382e+06 1
91 59 5.151e+06 2
91 67 7.371e+06 1
91 83 7.630e+06 1
91 90 2.199e+07 1
91 92 2.212e+07 2
91 123 5.405e+06 1
92 60 5.597e+06 2
92 68 7.977e+06 1
92 84 7.854e+06 1
92 91 2.213e+07 2
92 93 2.202e+07 1
92 124 5.592e+06 1
93 61 5.152e+06 2
93 69 7.246e+06 1
93 85 7.642e+06 1
93 92 2.201e+07 1
93 94 2.216e+07 2
93 125 5.321e+06 1
94 62 5.624e+06 2
94 70 8.009e+06 1
94 86 7.779e+06 1
94 93 2.217e+07 2
94 95 2.195e+07 1
94 126 5.396e+06 1
95 63 5.058e+06 2
95 71 7.237e+06 1
95 87 7.602e+06 1
95 88 2.193e+07 2
95 94 2.195e+07 1
95 127 5.340e+06 1
96 0 5.670e+06 2
96 64 5.619e+06 1
96 97 2.197e+07 1
96 103 2.205e+07 2
96 104 8.075e+06 1
96 120 7.909e+06 1
97 1 5.222e+06 2
97 65 5.338e+06 1
97 96 2.196e+07 1
97 98 2.206e+07 2
97 105 7.471e+06 1
97 121 7.369e+06 1
98 2 5.416e+06 2
98 66 5.603e+06 1
98 97 2.207e+07 2
98 99 2.197e+07 1
98 106 7.881e+06 1
98 122 7.618e+06 1
99 3 5.216e+06 2
99 67 5.117e+06 1
99 98 2.197e+07 1
99 100 2.214e+07 2
99 107 7.558e+06 1
99 123 7.584e+06 1
