0 1 8.837e+06 1
0 3 9.032e+06 2
0 4 4.887e+06 1
0 12 4.890e+06 2
0 16 5.353e+06 1
1 0 8.836e+06 1
1 2 9.082e+06 2
1 5 4.949e+06 1
1 13 4.930e+06 2
1 17 5.292e+06 1
10 6 4.879e+06 2
10 9 8.968e+06 2
10 11 8.895e+06 1
10 14 4.841e+06 1
10 26 5.295e+06 1
11 7 4.909e+06 2
11 8 8.942e+06 2
11 10 8.897e+06 1
11 15 4.932e+06 1
11 27 5.350e+06 1
12 0 4.892e+06 2
12 8 4.918e+06 1
12 13 8.822e+06 1
12 15 9.007e+06 2
12 28 5.304e+06 1
13 1 4.928e+06 2
13 9 4.933e+06 1
13 12 8.821e+06 1
13 14 9.044e+06 2
13 29 5.311e+06 1
14 2 4.919e+06 2
14 10 4.839e+06 1
14 13 9.046e+06 2
14 15 8.902e+06 1
14 30 5.225e+06 1
15 3 4.927e+06 2
15 11 4.935e+06 1
15 12 9.008e+06 2
15 14 8.904e+06 1
15 31 5.322e+06 1
16 0 5.354e+06 1
16 17 8.833e+06 1
16 19 9.014e+06 2
16 20 4.877e+06 1
16 28 4.911e+06 2
17 1 5.293e+06 1
17 16 8.833e+06 1
17 18 9.081e+06 2
17 21 4.964e+06 1
17 29 4.908e+06 2
18 2 5.348e+06 1
18 17 9.080e+06 2
18 19 8.918e+06 1
18 22 4.838e+06 1
18 30 4.898e+06 2
19 3 5.323e+06 1
19 16 9.013e+06 2
19 18 8.921e+06 1
19 23 4.933e+06 1
19 31 4.948e+06 2
2 1 9.082e+06 2
2 3 8.941e+06 1
2 6 4.848e+06 1
2 14 4.919e+06 2
2 18 5.348e+06 1
20 4 5.284e+06 1
20 16 4.876e+06 1
20 21 8.862e+06 1
20 23 8.950e+06 2
20 24 4.878e+06 2
21 5 5.361e+06 1
21 17 4.967e+06 1
21 20 8.863e+06 1
21 22 8.971e+06 2
21 25 4.953e+06 2
22 6 5.254e+06 1
22 18 4.837e+06 1
22 21 8.970e+06 2
22 23 8.926e+06 1
22 26 4.874e+06 2
23 7 5.309e+06 1
23 19 4.934e+06 1
23 20 8.950e+06 2
23 22 8.929e+06 1
23 27 4.924e+06 2
24 8 5.352e+06 1
24 20 4.877e+06 2
24 25 8.843e+06 1
24 27 8.956e+06 2
24 28 4.938e+06 1
25 9 5.330e+06 1
25 21 4.955e+06 2
25 24 8.842e+06 1
25 26 8.936e+06 2
25 29 4.922e+06 1
26 10 5.296e+06 1
26 22 4.873e+06 2
26 25 8.937e+06 2
26 27 8.907e+06 1
26 30 4.843e+06 1
27 11 5.351e+06 1
27 23 4.927e+06 2
27 24 8.956e+06 2
27 26 8.910e+06 1
27 31 4.912e+06 1
28 12 5.304e+06 1
28 16 4.913e+06 2
28 24 4.936e+06 1
28 29 8.827e+06 1
28 31 9.026e+06 2
29 13 5.311e+06 1
29 17 4.906e+06 2
29 25 4.923e+06 1
29 28 8.825e+06 1
29 30 9.021e+06 2
3 0 9.031e+06 2
3 2 8.941e+06 1
3 7 4.922e+06 1
3 15 4.929e+06 2
3 19 5.322e+06 1
30 14 5.225e+06 1
30 18 4.898e+06 2
30 26 4.841e+06 1
30 29 9.021e+06 2
30 31 8.913e+06 1
31 15 5.321e+06 1
31 19 4.946e+06 2
31 27 4.914e+06 1
31 28 9.026e+06 2
31 30 8.916e+06 1
4 0 4.886e+06 1
4 5 8.877e+06 1
4 7 8.973e+06 2
4 8 4.884e+06 2
4 20 5.284e+06 1
5 1 4.952e+06 1
5 4 8.878e+06 1
5 6 8.960e+06 2
5 9 4.960e+06 2
5 21 5.362e+06 1
6 2 4.847e+06 1
6 5 8.960e+06 2
6 7 8.907e+06 1
6 10 4.880e+06 2
6 22 5.254e+06 1
7 3 4.922e+06 1
7 4 8.972e+06 2
7 6 8.909e+06 1
7 11 4.907e+06 2
7 23 5.310e+06 1
8 4 4.885e+06 2
8 9 8.845e+06 1
8 11 8.944e+06 2
8 12 4.920e+06 1
8 24 5.352e+06 1
9 5 4.961e+06 2
9 8 8.846e+06 1
9 10 8.969e+06 2
9 13 4.930e+06 1
9 25 5.331e+06 1
