0 1 1.518e+08 1
0 7 1.519e+08 2
0 8 7.402e+07 1
0 24 7.411e+07 1
0 32 7.074e+07 1
0 96 7.080e+07 2
1 0 1.519e+08 1
1 2 1.519e+08 2
1 9 7.401e+07 1
1 25 7.408e+07 1
1 33 7.077e+07 1
1 97 7.080e+07 2
10 2 7.408e+07 1
10 9 1.520e+08 2
10 11 1.519e+08 1
10 18 7.402e+07 1
10 42 7.071e+07 1
10 106 7.077e+07 2
100 4 7.075e+07 2
100 68 7.076e+07 1
100 99 1.520e+08 2
100 101 1.519e+08 1
100 108 7.403e+07 1
100 124 7.406e+07 1
101 5 7.074e+07 2
101 69 7.077e+07 1
101 100 1.519e+08 1
101 102 1.519e+08 2
101 109 7.404e+07 1
101 125 7.408e+07 1
102 6 7.076e+07 2
102 70 7.077e+07 1
102 101 1.520e+08 2
102 103 1.519e+08 1
102 110 7.402e+07 1
102 126 7.408e+07 1
103 7 7.072e+07 2
103 71 7.076e+07 1
103 96 1.517e+08 2
103 102 1.519e+08 1
103 111 7.400e+07 1
103 127 7.406e+07 1
104 8 7.074e+07 2
104 72 7.079e+07 1
104 96 7.406e+07 1
104 105 1.519e+08 1
104 111 1.519e+08 2
104 112 7.405e+07 1
105 9 7.074e+07 2
105 73 7.074e+07 1
105 97 7.404e+07 1
105 104 1.520e+08 1
105 106 1.519e+08 2
105 113 7.402e+07 1
106 10 7.075e+07 2
106 74 7.078e+07 1
106 98 7.409e+07 1
106 105 1.519e+08 2
106 107 1.519e+08 1
106 114 7.403e+07 1
107 11 7.074e+07 2
107 75 7.078e+07 1
107 99 7.406e+07 1
107 106 1.519e+08 1
107 108 1.519e+08 2
107 115 7.400e+07 1
108 12 7.077e+07 2
108 76 7.078e+07 1
108 100 7.407e+07 1
108 107 1.520e+08 2
108 109 1.518e+08 1
108 116 7.403e+07 1
109 13 7.074e+07 2
109 77 7.080e+07 1
109 101 7.407e+07 1
109 108 1.519e+08 1
109 110 1.519e+08 2
109 117 7.401e+07 1
11 3 7.407e+07 1
11 10 1.519e+08 1
11 12 1.519e+08 2
11 19 7.403e+07 1
11 43 7.075e+07 1
11 107 7.077e+07 2
110 14 7.074e+07 2
110 78 7.079e+07 1
110 102 7.405e+07 1
110 109 1.520e+08 2
110 111 1.519e+08 1
110 118 7.404e+07 1
111 15 7.075e+07 2
111 79 7.076e+07 1
111 103 7.404e+07 1
111 104 1.518e+08 2
111 110 1.519e+08 1
111 119 7.403e+07 1
112 16 7.077e+07 2
112 80 7.079e+07 1
112 104 7.408e+07 1
112 113 1.519e+08 1
112 119 1.518e+08 2
112 120 7.404e+07 1
113 17 7.076e+07 2
113 81 7.080e+07 1
113 105 7.406e+07 1
113 112 1.520e+08 1
113 114 1.519e+08 2
113 121 7.401e+07 1
114 18 7.075e+07 2
114 82 7.079e+07 1
114 106 7.406e+07 1
114 113 1.519e+08 2
114 115 1.519e+08 1
114 122 7.405e+07 1
115 19 7.074e+07 2
115 83 7.079e+07 1
115 107 7.403e+07 1
115 114 1.520e+08 1
115 116 1.519e+08 2
115 123 7.403e+07 1
116 20 7.075e+07 2
116 84 7.077e+07 1
116 108 7.406e+07 1
116 115 1.519e+08 2
116 117 1.518e+08 1
116 124 7.402e+07 1
117 21 7.073e+07 2
117 85 7.076e+07 1
117 109 7.404e+07 1
117 116 1.519e+08 1
117 118 1.519e+08 2
117 125 7.402e+07 1
118 22 7.073e+07 2
118 86 7.075e+07 1
118 110 7.408e+07 1
118 117 1.520e+08 2
118 119 1.519e+08 1
118 126 7.400e+07 1
119 23 7.071e+07 2
119 87 7.076e+07 1
119 111 7.406e+07 1
119 112 1.518e+08 2
119 118 1.520e+08 1
119 127 7.401e+07 1
12 4 7.407e+07 1
12 11 1.520e+08 2
12 13 1.519e+08 1
12 20 7.401e+07 1
12 44 7.075e+07 1
12 108 7.080e+07 2
120 24 7.075e+07 2
120 88 7.077e+07 1
120 96 7.405e+07 1
120 112 7.407e+07 1
120 121 1.519e+08 1
120 127 1.519e+08 2
121 25 7.072e+07 2
121 89 7.077e+07 1
121 97 7.404e+07 1
121 113 7.404e+07 1
121 120 1.519e+08 1
121 122 1.519e+08 2
122 26 7.074e+07 2
122 90 7.076e+07 1
122 98 7.404e+07 1
122 114 7.409e+07 1
122 121 1.519e+08 2
122 123 1.519e+08 1
123 27 7.073e+07 2
123 91 7.077e+07 1
123 99 7.402e+07 1
123 115 7.407e+07 1
123 122 1.520e+08 1
123 124 1.518e+08 2
124 28 7.076e+07 2
124 92 7.079e+07 1
124 100 7.402e+07 1
124 116 7.406e+07 1
124 123 1.519e+08 2
124 125 1.519e+08 1
125 29 7.075e+07 2
125 93 7.080e+07 1
125 101 7.405e+07 1
125 117 7.406e+07 1
125 124 1.519e+08 1
125 126 1.519e+08 2
126 30 7.076e+07 2
126 94 7.078e+07 1
126 102 7.404e+07 1
126 118 7.404e+07 1
126 125 1.520e+08 2
126 127 1.519e+08 1
127 31 7.071e+07 2
127 95 7.077e+07 1
127 103 7.403e+07 1
127 119 7.405e+07 1
127 120 1.518e+08 2
127 126 1.519e+08 1
13 5 7.405e+07 1
13 12 1.519e+08 1
13 14 1.519e+08 2
13 21 7.401e+07 1
13 45 7.077e+07 1
13 109 7.078e+07 2
14 6 7.404e+07 1
14 13 1.520e+08 2
14 15 1.519e+08 1
14 22 7.405e+07 1
14 46 7.074e+07 1
14 110 7.077e+07 2
15 7 7.404e+07 1
15 8 1.518e+08 2
15 14 1.520e+08 1
15 23 7.402e+07 1
15 47 7.073e+07 1
15 111 7.078e+07 2
16 8 7.408e+07 1
16 17 1.519e+08 1
16 23 1.518e+08 2
16 24 7.404e+07 1
16 48 7.076e+07 1
16 112 7.079e+07 2
17 9 7.406e+07 1
17 16 1.519e+08 1
17 18 1.519e+08 2
17 25 7.401e+07 1
17 49 7.075e+07 1
17 113 7.079e+07 2
18 10 7.406e+07 1
18 17 1.520e+08 2
18 19 1.518e+08 1
18 26 7.403e+07 1
18 50 7.077e+07 1
18 114 7.078e+07 2
19 11 7.406e+07 1
19 18 1.519e+08 1
19 20 1.519e+08 2
19 27 7.403e+07 1
19 51 7.075e+07 1
19 115 7.077e+07 2
2 1 1.519e+08 2
2 3 1.519e+08 1
2 10 7.405e+07 1
2 26 7.407e+07 1
2 34 7.075e+07 1
2 98 7.078e+07 2
20 12 7.405e+07 1
20 19 1.519e+08 2
20 21 1.519e+08 1
20 28 7.403e+07 1
20 52 7.073e+07 1
20 116 7.078e+07 2
21 13 7.404e+07 1
21 20 1.520e+08 1
21 22 1.519e+08 2
21 29 7.404e+07 1
21 53 7.073e+07 1
21 117 7.076e+07 2
22 14 7.408e+07 1
22 21 1.520e+08 2
22 23 1.519e+08 1
22 30 7.400e+07 1
22 54 7.073e+07 1
22 118 7.076e+07 2
23 15 7.405e+07 1
23 16 1.518e+08 2
23 22 1.520e+08 1
23 31 7.402e+07 1
23 55 7.073e+07 1
23 119 7.074e+07 2
24 0 7.407e+07 1
24 16 7.408e+07 1
24 25 1.519e+08 1
24 31 1.518e+08 2
24 56 7.076e+07 1
24 120 7.078e+07 2
25 1 7.404e+07 1
25 17 7.404e+07 1
25 24 1.520e+08 1
25 26 1.519e+08 2
25 57 7.073e+07 1
25 121 7.074e+07 2
26 2 7.403e+07 1
26 18 7.407e+07 1
26 25 1.519e+08 2
26 27 1.518e+08 1
26 58 7.073e+07 1
26 122 7.077e+07 2
27 3 7.402e+07 1
27 19 7.407e+07 1
27 26 1.519e+08 1
27 28 1.519e+08 2
27 59 7.074e+07 1
27 123 7.076e+07 2
28 4 7.402e+07 1
28 20 7.407e+07 1
28 27 1.520e+08 2
28 29 1.518e+08 1
28 60 7.076e+07 1
28 124 7.079e+07 2
29 5 7.407e+07 1
29 21 7.407e+07 1
29 28 1.519e+08 1
29 30 1.519e+08 2
29 61 7.076e+07 1
29 125 7.078e+07 2
3 2 1.519e+08 1
3 4 1.519e+08 2
3 11 7.403e+07 1
3 27 7.405e+07 1
3 35 7.075e+07 1
3 99 7.078e+07 2
30 6 7.402e+07 1
30 22 7.404e+07 1
30 29 1.519e+08 2
30 31 1.519e+08 1
30 62 7.074e+07 1
30 126 7.079e+07 2
31 7 7.403e+07 1
31 23 7.406e+07 1
31 24 1.518e+08 2
31 30 1.520e+08 1
31 63 7.073e+07 1
31 127 7.074e+07 2
32 0 7.080e+07 1
32 33 1.518e+08 1
32 39 1.519e+08 2
32 40 7.404e+07 1
32 56 7.410e+07 1
32 64 7.078e+07 2
33 1 7.083e+07 1
33 32 1.519e+08 1
33 34 1.519e+08 2
33 41 7.401e+07 1
33 57 7.408e+07 1
33 65 7.078e+07 2
34 2 7.080e+07 1
34 33 1.520e+08 2
34 35 1.519e+08 1
34 42 7.403e+07 1
34 58 7.405e+07 1
34 66 7.079e+07 2
35 3 7.081e+07 1
35 34 1.519e+08 1
35 36 1.518e+08 2
35 43 7.405e+07 1
35 59 7.409e+07 1
35 67 7.077e+07 2
36 4 7.078e+07 1
36 35 1.519e+08 2
36 37 1.519e+08 1
36 44 7.403e+07 1
36 60 7.405e+07 1
36 68 7.078e+07 2
37 5 7.079e+07 1
37 36 1.520e+08 1
37 38 1.518e+08 2
37 45 7.406e+07 1
37 61 7.407e+07 1
37 69 7.075e+07 2
38 6 7.081e+07 1
38 37 1.519e+08 2
38 39 1.519e+08 1
38 46 7.402e+07 1
38 62 7.409e+07 1
38 70 7.077e+07 2
39 7 7.079e+07 1
39 32 1.518e+08 2
39 38 1.519e+08 1
39 47 7.400e+07 1
39 63 7.406e+07 1
39 71 7.076e+07 2
4 3 1.520e+08 2
4 5 1.519e+08 1
4 12 7.404e+07 1
4 28 7.406e+07 1
4 36 7.072e+07 1
4 100 7.077e+07 2
40 8 7.081e+07 1
40 32 7.407e+07 1
40 41 1.518e+08 1
40 47 1.519e+08 2
40 48 7.406e+07 1
40 72 7.077e+07 2
41 9 7.078e+07 1
41 33 7.404e+07 1
41 40 1.519e+08 1
41 42 1.519e+08 2
41 49 7.403e+07 1
41 73 7.075e+07 2
42 10 7.077e+07 1
42 34 7.406e+07 1
42 41 1.519e+08 2
42 43 1.519e+08 1
42 50 7.400e+07 1
42 74 7.074e+07 2
43 11 7.080e+07 1
43 35 7.408e+07 1
43 42 1.519e+08 1
43 44 1.519e+08 2
43 51 7.401e+07 1
43 75 7.076e+07 2
44 12 7.080e+07 1
44 36 7.406e+07 1
44 43 1.520e+08 2
44 45 1.519e+08 1
44 52 7.400e+07 1
44 76 7.078e+07 2
45 13 7.083e+07 1
45 37 7.409e+07 1
45 44 1.520e+08 1
45 46 1.518e+08 2
45 53 7.403e+07 1
45 77 7.079e+07 2
46 14 7.080e+07 1
46 38 7.405e+07 1
46 45 1.519e+08 2
46 47 1.518e+08 1
46 54 7.405e+07 1
46 78 7.079e+07 2
47 15 7.079e+07 1
47 39 7.403e+07 1
47 40 1.518e+08 2
47 46 1.519e+08 1
47 55 7.401e+07 1
47 79 7.075e+07 2
48 16 7.082e+07 1
48 40 7.410e+07 1
48 49 1.518e+08 1
48 55 1.519e+08 2
48 56 7.403e+07 1
48 80 7.079e+07 2
49 17 7.081e+07 1
49 41 7.406e+07 1
49 48 1.519e+08 1
49 50 1.518e+08 2
49 57 7.400e+07 1
49 81 7.078e+07 2
5 4 1.519e+08 1
5 6 1.519e+08 2
5 13 7.402e+07 1
5 29 7.410e+07 1
5 37 7.074e+07 1
5 101 7.077e+07 2
50 18 7.083e+07 1
50 42 7.404e+07 1
50 49 1.519e+08 2
50 51 1.519e+08 1
50 58 7.405e+07 1
50 82 7.079e+07 2
51 19 7.080e+07 1
51 43 7.405e+07 1
51 50 1.520e+08 1
51 52 1.519e+08 2
51 59 7.405e+07 1
51 83 7.078e+07 2
52 20 7.079e+07 1
52 44 7.403e+07 1
52 51 1.519e+08 2
52 53 1.519e+08 1
52 60 7.402e+07 1
52 84 7.076e+07 2
53 21 7.078e+07 1
53 45 7.406e+07 1
53 52 1.519e+08 1
53 54 1.518e+08 2
53 61 7.403e+07 1
53 85 7.075e+07 2
54 22 7.079e+07 1
54 46 7.408e+07 1
54 53 1.519e+08 2
54 55 1.519e+08 1
54 62 7.403e+07 1
54 86 7.076e+07 2
55 23 7.079e+07 1
55 47 7.405e+07 1
55 48 1.518e+08 2
55 54 1.519e+08 1
55 63 7.399e+07 1
55 87 7.075e+07 2
56 24 7.082e+07 1
56 32 7.407e+07 1
56 48 7.407e+07 1
56 57 1.518e+08 1
56 63 1.518e+08 2
56 88 7.077e+07 2
57 25 7.078e+07 1
57 33 7.405e+07 1
57 49 7.403e+07 1
57 56 1.519e+08 1
57 58 1.519e+08 2
57 89 7.075e+07 2
58 26 7.079e+07 1
58 34 7.401e+07 1
58 50 7.408e+07 1
58 57 1.520e+08 2
58 59 1.518e+08 1
58 90 7.075e+07 2
59 27 7.080e+07 1
59 35 7.405e+07 1
59 51 7.409e+07 1
59 58 1.519e+08 1
59 60 1.519e+08 2
59 91 7.078e+07 2
6 5 1.520e+08 2
6 7 1.519e+08 1
6 14 7.401e+07 1
6 30 7.405e+07 1
6 38 7.075e+07 1
6 102 7.079e+07 2
60 28 7.082e+07 1
60 36 7.401e+07 1
60 52 7.406e+07 1
60 59 1.519e+08 2
60 61 1.519e+08 1
60 92 7.077e+07 2
61 29 7.081e+07 1
61 37 7.403e+07 1
61 53 7.406e+07 1
61 60 1.519e+08 1
61 62 1.519e+08 2
61 93 7.078e+07 2
62 30 7.080e+07 1
62 38 7.405e+07 1
62 54 7.406e+07 1
62 61 1.520e+08 2
62 63 1.519e+08 1
62 94 7.076e+07 2
63 31 7.078e+07 1
63 39 7.402e+07 1
63 55 7.403e+07 1
63 56 1.518e+08 2
63 62 1.520e+08 1
63 95 7.075e+07 2
64 32 7.081e+07 2
64 65 1.519e+08 1
64 71 1.519e+08 2
64 72 7.404e+07 1
64 88 7.408e+07 1
64 96 7.079e+07 1
65 33 7.081e+07 2
65 64 1.520e+08 1
65 66 1.519e+08 2
65 73 7.400e+07 1
65 89 7.408e+07 1
65 97 7.077e+07 1
66 34 7.083e+07 2
66 65 1.519e+08 2
66 67 1.519e+08 1
66 74 7.403e+07 1
66 90 7.408e+07 1
66 98 7.079e+07 1
67 35 7.080e+07 2
67 66 1.520e+08 1
67 68 1.519e+08 2
67 75 7.404e+07 1
67 91 7.405e+07 1
67 99 7.078e+07 1
68 36 7.081e+07 2
68 67 1.519e+08 2
68 69 1.519e+08 1
68 76 7.403e+07 1
68 92 7.408e+07 1
68 100 7.075e+07 1
69 37 7.079e+07 2
69 68 1.519e+08 1
69 70 1.519e+08 2
69 77 7.402e+07 1
69 93 7.405e+07 1
69 101 7.076e+07 1
7 0 1.518e+08 2
7 6 1.519e+08 1
7 15 7.401e+07 1
7 31 7.406e+07 1
7 39 7.073e+07 1
7 103 7.076e+07 2
70 38 7.080e+07 2
70 69 1.520e+08 2
70 71 1.519e+08 1
70 78 7.400e+07 1
70 94 7.411e+07 1
70 102 7.076e+07 1
71 39 7.079e+07 2
71 64 1.518e+08 2
71 70 1.519e+08 1
71 79 7.400e+07 1
71 95 7.406e+07 1
71 103 7.075e+07 1
72 40 7.081e+07 2
72 64 7.407e+07 1
72 73 1.519e+08 1
72 79 1.518e+08 2
72 80 7.402e+07 1
72 104 7.077e+07 1
73 41 7.079e+07 2
73 65 7.403e+07 1
73 72 1.519e+08 1
73 74 1.519e+08 2
73 81 7.404e+07 1
73 105 7.073e+07 1
74 42 7.077e+07 2
74 66 7.407e+07 1
74 73 1.519e+08 2
74 75 1.519e+08 1
74 82 7.400e+07 1
74 106 7.077e+07 1
75 43 7.079e+07 2
75 67 7.407e+07 1
75 74 1.519e+08 1
75 76 1.519e+08 2
75 83 7.400e+07 1
75 107 7.076e+07 1
76 44 7.081e+07 2
76 68 7.406e+07 1
76 75 1.519e+08 2
76 77 1.519e+08 1
76 84 7.401e+07 1
76 108 7.077e+07 1
77 45 7.082e+07 2
77 69 7.405e+07 1
77 76 1.519e+08 1
77 78 1.519e+08 2
77 85 7.403e+07 1
77 109 7.079e+07 1
78 46 7.082e+07 2
78 70 7.404e+07 1
78 77 1.520e+08 2
78 79 1.519e+08 1
78 86 7.404e+07 1
78 110 7.078e+07 1
79 47 7.077e+07 2
79 71 7.404e+07 1
79 72 1.518e+08 2
79 78 1.520e+08 1
79 87 7.403e+07 1
79 111 7.075e+07 1
8 0 7.405e+07 1
8 9 1.519e+08 1
8 15 1.519e+08 2
8 16 7.405e+07 1
8 40 7.076e+07 1
8 104 7.076e+07 2
80 48 7.083e+07 2
80 72 7.406e+07 1
80 81 1.519e+08 1
80 87 1.519e+08 2
80 88 7.401e+07 1
80 112 7.078e+07 1
81 49 7.081e+07 2
81 73 7.407e+07 1
81 80 1.520e+08 1
81 82 1.519e+08 2
81 89 7.404e+07 1
81 113 7.079e+07 1
82 50 7.082e+07 2
82 74 7.403e+07 1
82 81 1.519e+08 2
82 83 1.519e+08 1
82 90 7.402e+07 1
82 114 7.078e+07 1
83 51 7.081e+07 2
83 75 7.403e+07 1
83 82 1.520e+08 1
83 84 1.518e+08 2
83 91 7.403e+07 1
83 115 7.077e+07 1
84 52 7.079e+07 2
84 76 7.405e+07 1
84 83 1.519e+08 2
84 85 1.518e+08 1
84 92 7.406e+07 1
84 116 7.076e+07 1
85 53 7.078e+07 2
85 77 7.407e+07 1
85 84 1.519e+08 1
85 86 1.519e+08 2
85 93 7.402e+07 1
85 117 7.075e+07 1
86 54 7.079e+07 2
86 78 7.408e+07 1
86 85 1.520e+08 2
86 87 1.518e+08 1
86 94 7.400e+07 1
86 118 7.074e+07 1
87 55 7.079e+07 2
87 79 7.406e+07 1
87 80 1.518e+08 2
87 86 1.519e+08 1
87 95 7.401e+07 1
87 119 7.075e+07 1
88 56 7.080e+07 2
88 64 7.405e+07 1
88 80 7.405e+07 1
88 89 1.519e+08 1
88 95 1.518e+08 2
88 120 7.076e+07 1
89 57 7.079e+07 2
89 65 7.404e+07 1
89 81 7.408e+07 1
89 88 1.519e+08 1
89 90 1.518e+08 2
89 121 7.075e+07 1
9 1 7.404e+07 1
9 8 1.520e+08 1
9 10 1.519e+08 2
9 17 7.402e+07 1
9 41 7.072e+07 1
9 105 7.076e+07 2
90 58 7.078e+07 2
90 66 7.405e+07 1
90 82 7.406e+07 1
90 89 1.519e+08 2
90 91 1.519e+08 1
90 122 7.076e+07 1
91 59 7.081e+07 2
91 67 7.401e+07 1
91 83 7.407e+07 1
91 90 1.519e+08 1
91 92 1.519e+08 2
91 123 7.076e+07 1
92 60 7.081e+07 2
92 68 7.404e+07 1
92 84 7.409e+07 1
92 91 1.520e+08 2
92 93 1.519e+08 1
92 124 7.078e+07 1
93 61 7.081e+07 2
93 69 7.402e+07 1
93 85 7.406e+07 1
93 92 1.520e+08 1
93 94 1.519e+08 2
93 125 7.080e+07 1
94 62 7.080e+07 2
94 70 7.407e+07 1
94 86 7.404e+07 1
94 93 1.520e+08 2
94 95 1.519e+08 1
94 126 7.077e+07 1
95 63 7.078e+07 2
95 71 7.403e+07 1
95 87 7.405e+07 1
95 88 1.518e+08 2
95 94 1.519e+08 1
95 127 7.076e+07 1
96 0 7.077e+07 2
96 64 7.080e+07 1
96 97 1.519e+08 1
96 103 1.518e+08 2
96 104 7.402e+07 1
96 120 7.409e+07 1
97 1 7.078e+07 2
97 65 7.079e+07 1
97 96 1.520e+08 1
97 98 1.519e+08 2
97 105 7.401e+07 1
97 121 7.408e+07 1
98 2 7.075e+07 2
98 66 7.080e+07 1
98 97 1.519e+08 2
98 99 1.519e+08 1
98 106 7.405e+07 1
98 122 7.407e+07 1
99 3 7.075e+07 2
99 67 7.079e+07 1
99 98 1.520e+08 1
99 100 1.519e+08 2
99 107 7.403e+07 1
99 123 7.406e+07 1
