0 1 9.368e+06 1
0 3 9.283e+06 2
0 4 5.019e+06 1
0 12 5.128e+06 1
0 16 2.701e+06 1
0 48 2.786e+06 2
1 0 9.368e+06 1
1 2 9.358e+06 2
1 5 5.084e+06 1
1 13 4.933e+06 1
1 17 2.749e+06 1
1 49 2.676e+06 2
10 6 5.068e+06 1
10 9 9.424e+06 2
10 11 9.369e+06 1
10 14 5.060e+06 1
10 26 2.651e+06 1
10 58 2.719e+06 2
11 7 4.979e+06 1
11 8 9.338e+06 2
11 10 9.369e+06 1
11 15 5.060e+06 1
11 27 2.777e+06 1
11 59 2.691e+06 2
12 0 5.126e+06 1
12 8 4.959e+06 1
12 13 9.376e+06 1
12 15 9.355e+06 2
12 28 2.769e+06 1
12 60 2.710e+06 2
13 1 4.932e+06 1
13 9 5.046e+06 1
13 12 9.377e+06 1
13 14 9.328e+06 2
13 29 2.576e+06 1
13 61 2.741e+06 2
14 2 5.032e+06 1
14 10 5.060e+06 1
14 13 9.331e+06 2
14 15 9.349e+06 1
14 30 2.723e+06 1
14 62 2.681e+06 2
15 3 5.012e+06 1
15 11 5.060e+06 1
15 12 9.355e+06 2
15 14 9.350e+06 1
15 31 2.668e+06 1
15 63 2.732e+06 2
16 0 2.701e+06 1
16 17 9.399e+06 1
16 19 9.298e+06 2
16 20 5.051e+06 1
16 28 5.023e+06 1
16 32 2.697e+06 2
17 1 2.748e+06 1
17 16 9.400e+06 1
17 18 9.354e+06 2
17 21 5.006e+06 1
17 29 4.977e+06 1
17 33 2.652e+06 2
18 2 2.701e+06 1
18 17 9.357e+06 2
18 19 9.387e+06 1
18 22 5.074e+06 1
18 30 5.051e+06 1
18 34 2.766e+06 2
19 3 2.705e+06 1
19 16 9.298e+06 2
19 18 9.388e+06 1
19 23 5.038e+06 1
19 31 5.061e+06 1
19 35 2.715e+06 2
2 1 9.358e+06 2
2 3 9.384e+06 1
2 6 5.013e+06 1
2 14 5.032e+06 1
2 18 2.699e+06 1
2 50 2.691e+06 2
20 4 2.674e+06 1
20 16 5.052e+06 1
20 21 9.401e+06 1
20 23 9.281e+06 2
20 24 4.986e+06 1
20 36 2.775e+06 2
21 5 2.722e+06 1
21 17 5.006e+06 1
21 20 9.402e+06 1
21 22 9.363e+06 2
21 25 5.091e+06 1
21 37 2.610e+06 2
22 6 2.714e+06 1
22 18 5.075e+06 1
22 21 9.363e+06 2
22 23 9.415e+06 1
22 26 4.964e+06 1
22 38 2.689e+06 2
23 7 2.688e+06 1
23 19 5.037e+06 1
23 20 9.280e+06 2
23 22 9.415e+06 1
23 27 5.102e+06 1
23 39 2.718e+06 2
24 8 2.658e+06 1
24 20 4.987e+06 1
24 25 9.407e+06 1
24 27 9.294e+06 2
24 28 4.997e+06 1
24 40 2.644e+06 2
25 9 2.753e+06 1
25 21 5.093e+06 1
25 24 9.409e+06 1
25 26 9.384e+06 2
25 29 5.076e+06 1
25 41 2.750e+06 2
26 10 2.651e+06 1
26 22 4.964e+06 1
26 25 9.384e+06 2
26 27 9.396e+06 1
26 30 4.992e+06 1
26 42 2.678e+06 2
27 11 2.778e+06 1
27 23 5.103e+06 1
27 24 9.294e+06 2
27 26 9.397e+06 1
27 31 5.100e+06 1
27 43 2.742e+06 2
28 12 2.768e+06 1
28 16 5.025e+06 1
28 24 4.999e+06 1
28 29 9.394e+06 1
28 31 9.321e+06 2
28 44 2.680e+06 2
29 13 2.576e+06 1
29 17 4.978e+06 1
29 25 5.075e+06 1
29 28 9.395e+06 1
29 30 9.346e+06 2
29 45 2.730e+06 2
3 0 9.281e+06 2
3 2 9.385e+06 1
3 7 5.006e+06 1
3 15 5.013e+06 1
3 19 2.704e+06 1
3 51 2.648e+06 2
30 14 2.722e+06 1
30 18 5.049e+06 1
30 26 4.993e+06 1
30 29 9.348e+06 2
30 31 9.361e+06 1
30 46 2.613e+06 2
31 15 2.668e+06 1
31 19 5.060e+06 1
31 27 5.098e+06 1
31 28 9.320e+06 2
31 30 9.364e+06 1
31 47 2.780e+06 2
32 16 2.697e+06 2
32 33 9.383e+06 1
32 35 9.321e+06 2
32 36 5.007e+06 1
32 44 5.038e+06 1
32 48 2.708e+06 1
33 17 2.652e+06 2
33 32 9.385e+06 1
33 34 9.367e+06 2
33 37 5.072e+06 1
33 45 5.025e+06 1
33 49 2.692e+06 1
34 18 2.767e+06 2
34 33 9.368e+06 2
34 35 9.373e+06 1
34 38 5.033e+06 1
34 46 4.991e+06 1
34 50 2.666e+06 1
35 19 2.717e+06 2
35 32 9.320e+06 2
35 34 9.377e+06 1
35 39 5.049e+06 1
35 47 5.063e+06 1
35 51 2.737e+06 1
36 20 2.775e+06 2
36 32 5.006e+06 1
36 37 9.374e+06 1
36 39 9.274e+06 2
36 40 5.016e+06 1
36 52 2.563e+06 1
37 21 2.611e+06 2
37 33 5.073e+06 1
37 36 9.377e+06 1
37 38 9.365e+06 2
37 41 5.000e+06 1
37 53 2.779e+06 1
38 22 2.688e+06 2
38 34 5.035e+06 1
38 37 9.365e+06 2
38 39 9.402e+06 1
38 42 5.041e+06 1
38 54 2.669e+06 1
39 23 2.717e+06 2
39 35 5.049e+06 1
39 36 9.274e+06 2
39 38 9.403e+06 1
39 43 5.087e+06 1
39 55 2.714e+06 1
4 0 5.020e+06 1
4 5 9.388e+06 1
4 7 9.273e+06 2
4 8 5.038e+06 1
4 20 2.674e+06 1
4 52 2.726e+06 2
40 24 2.645e+06 2
40 36 5.016e+06 1
40 41 9.357e+06 1
40 43 9.292e+06 2
40 44 5.042e+06 1
40 56 2.729e+06 1
41 25 2.750e+06 2
41 37 5.003e+06 1
41 40 9.357e+06 1
41 42 9.353e+06 2
41 45 5.007e+06 1
41 57 2.690e+06 1
42 26 2.679e+06 2
42 38 5.043e+06 1
42 41 9.354e+06 2
42 43 9.412e+06 1
42 46 5.030e+06 1
42 58 2.766e+06 1
43 27 2.742e+06 2
43 39 5.086e+06 1
43 40 9.292e+06 2
43 42 9.414e+06 1
43 47 5.069e+06 1
43 59 2.659e+06 1
44 28 2.680e+06 2
44 32 5.037e+06 1
44 40 5.043e+06 1
44 45 9.354e+06 1
44 47 9.356e+06 2
44 60 2.748e+06 1
45 29 2.731e+06 2
45 33 5.025e+06 1
45 41 5.008e+06 1
45 44 9.355e+06 1
45 46 9.349e+06 2
45 61 2.678e+06 1
46 30 2.613e+06 2
46 34 4.989e+06 1
46 42 5.029e+06 1
46 45 9.351e+06 2
46 47 9.361e+06 1
46 62 2.663e+06 1
47 31 2.779e+06 2
47 35 5.063e+06 1
47 43 5.069e+06 1
47 44 9.354e+06 2
47 46 9.366e+06 1
47 63 2.690e+06 1
48 0 2.785e+06 2
48 32 2.708e+06 1
48 49 9.371e+06 1
48 51 9.353e+06 2
48 52 5.007e+06 1
48 60 5.142e+06 1
49 1 2.676e+06 2
49 33 2.692e+06 1
49 48 9.372e+06 1
49 50 9.360e+06 2
49 53 5.135e+06 1
49 61 4.985e+06 1
5 1 5.084e+06 1
5 4 9.388e+06 1
5 6 9.411e+06 2
5 9 5.098e+06 1
5 21 2.724e+06 1
5 53 2.714e+06 2
50 2 2.690e+06 2
50 34 2.664e+06 1
50 49 9.360e+06 2
50 51 9.374e+06 1
50 54 5.008e+06 1
50 62 4.987e+06 1
51 3 2.647e+06 2
51 35 2.737e+06 1
51 48 9.350e+06 2
51 50 9.377e+06 1
51 55 5.016e+06 1
51 63 5.033e+06 1
52 4 2.725e+06 2
52 36 2.563e+06 1
52 48 5.004e+06 1
52 53 9.386e+06 1
52 55 9.320e+06 2
52 56 5.025e+06 1
53 5 2.713e+06 2
53 37 2.781e+06 1
53 49 5.137e+06 1
53 52 9.388e+06 1
53 54 9.399e+06 2
53 57 5.028e+06 1
54 6 2.787e+06 2
54 38 2.670e+06 1
54 50 5.009e+06 1
54 53 9.398e+06 2
54 55 9.373e+06 1
54 58 5.125e+06 1
55 7 2.654e+06 2
55 39 2.714e+06 1
55 51 5.017e+06 1
55 52 9.318e+06 2
55 54 9.373e+06 1
55 59 4.974e+06 1
56 8 2.640e+06 2
56 40 2.729e+06 1
56 52 5.025e+06 1
56 57 9.349e+06 1
56 59 9.345e+06 2
56 60 4.990e+06 1
57 9 2.660e+06 2
57 41 2.691e+06 1
57 53 5.028e+06 1
57 56 9.351e+06 1
57 58 9.394e+06 2
57 61 5.023e+06 1
58 10 2.719e+06 2
58 42 2.766e+06 1
58 54 5.125e+06 1
58 57 9.397e+06 2
58 59 9.394e+06 1
58 62 5.091e+06 1
59 11 2.691e+06 2
59 43 2.658e+06 1
59 55 4.976e+06 1
59 56 9.346e+06 2
59 58 9.392e+06 1
59 63 5.045e+06 1
6 2 5.014e+06 1
6 5 9.411e+06 2
6 7 9.402e+06 1
6 10 5.069e+06 1
6 22 2.714e+06 1
6 54 2.787e+06 2
60 12 2.710e+06 2
60 44 2.750e+06 1
60 48 5.141e+06 1
60 56 4.992e+06 1
60 61 9.348e+06 1
60 63 9.392e+06 2
61 13 2.740e+06 2
61 45 2.678e+06 1
61 49 4.985e+06 1
61 57 5.023e+06 1
61 60 9.348e+06 1
61 62 9.330e+06 2
62 14 2.682e+06 2
62 46 2.665e+06 1
62 50 4.985e+06 1
62 58 5.089e+06 1
62 61 9.331e+06 2
62 63 9.386e+06 1
63 15 2.731e+06 2
63 47 2.690e+06 1
63 51 5.034e+06 1
63 59 5.047e+06 1
63 60 9.390e+06 2
63 62 9.388e+06 1
7 3 5.007e+06 1
7 4 9.272e+06 2
7 6 9.401e+06 1
7 11 4.979e+06 1
7 23 2.688e+06 1
7 55 2.655e+06 2
8 4 5.037e+06 1
8 9 9.391e+06 1
8 11 9.338e+06 2
8 12 4.957e+06 1
8 24 2.658e+06 1
8 56 2.641e+06 2
9 5 5.096e+06 1
9 8 9.393e+06 1
9 10 9.422e+06 2
9 13 5.046e+06 1
9 25 2.750e+06 1
9 57 2.659e+06 2
